Timestamp,BATTERY_PROPERTY_CURRENT_NOW,EXTRA_VOLTAGE
1689062986126,-354492,4239
1689062986128,-354492,4239
1689062986130,-354492,4239
1689062986132,-354492,4239
1689062986134,-354492,4239
1689062986136,-354492,4239
1689062986138,-354492,4239
1689062986140,-354492,4239
1689062986142,-354492,4239
1689062986143,-354492,4239
1689062986146,-354492,4239
1689062986148,-354492,4239
1689062986150,-354492,4239
1689062986153,-354492,4239
1689062986155,-354492,4239
1689062986157,-354492,4239
1689062986159,-354492,4239
1689062986161,-354492,4239
1689062986163,-354492,4239
1689062986166,-354492,4239
1689062986168,-354492,4239
1689062986171,-354492,4239
1689062986173,-354492,4239
1689062986175,-354492,4239
1689062986177,-354492,4239
1689062986179,-354492,4239
1689062986181,-354492,4239
1689062986183,-354492,4239
1689062986185,-354492,4239
1689062986187,-354492,4239
1689062986189,-354492,4239
1689062986191,-354492,4239
1689062986193,-354492,4239
1689062986195,-354492,4239
1689062986197,-354492,4239
1689062986199,-354492,4239
1689062986200,-354492,4239
1689062986202,-354492,4239
1689062986204,-354492,4239
1689062986206,-354492,4239
1689062986209,-354492,4239
1689062986211,-354492,4239
1689062986213,-354492,4239
1689062986215,-354492,4239
1689062986217,-354492,4239
1689062986220,-354492,4239
1689062986222,-354492,4239
1689062986224,-354492,4239
1689062986227,-354492,4239
1689062986229,-354492,4239
1689062986232,-354492,4239
1689062986234,-354492,4239
1689062986238,-354492,4239
1689062986240,-354492,4239
1689062986243,-354492,4239
1689062986245,-354492,4239
1689062986247,-354492,4239
1689062986250,-354492,4239
1689062986253,-354492,4239
1689062986255,-354492,4239
1689062986258,-354492,4239
1689062986260,-354492,4239
1689062986262,-354492,4239
1689062986264,-354492,4239
1689062986266,-354492,4239
1689062986268,-354492,4239
1689062986271,-354492,4239
1689062986273,-354492,4239
1689062986274,-354492,4239
1689062986276,-354492,4239
1689062986278,-354492,4239
1689062986280,-354492,4239
1689062986282,-354492,4239
1689062986284,-354492,4239
1689062986287,-354492,4239
1689062986289,-354492,4239
1689062986290,-354492,4239
1689062986292,-354492,4239
1689062986294,-354492,4239
1689062986296,-354492,4239
1689062986298,-354492,4239
1689062986300,-354492,4239
1689062986301,-354492,4239
1689062986304,-354492,4239
1689062986306,-354492,4239
1689062986308,-354492,4239
1689062986310,-354492,4239
1689062986312,-354492,4239
1689062986313,-354492,4239
1689062986315,-354492,4239
1689062986317,-354492,4239
1689062986319,-354492,4239
1689062986321,-354492,4239
1689062986322,-354492,4239
1689062986324,-354492,4239
1689062986325,-354492,4239
1689062986327,-354492,4239
1689062986329,-354492,4239
1689062986330,-354492,4239
1689062986332,-354492,4239
1689062986334,-354492,4239
1689062986335,-354492,4239
1689062986337,-354492,4239
1689062986339,-354492,4239
1689062986341,-354492,4239
1689062986342,-354492,4239
1689062986344,-354492,4239
1689062986345,-354492,4239
1689062986347,-354492,4239
1689062986349,-354492,4239
1689062986351,-354492,4239
1689062986353,-354492,4239
1689062986355,-354492,4239
1689062986357,-354492,4239
1689062986358,-354492,4239
1689062986360,-354492,4239
1689062986362,-354492,4239
1689062986364,-354492,4239
1689062986366,-354492,4239
1689062986368,-354492,4239
1689062986370,-354492,4239
1689062986372,-354492,4239
1689062986374,-354492,4239
1689062986375,-354492,4239
1689062986377,-354492,4239
1689062986379,-354492,4239
1689062986381,-354492,4239
1689062986382,-354492,4239
1689062986385,-354492,4239
1689062986386,-354492,4239
1689062986388,-354492,4239
1689062986390,-354492,4239
1689062986391,-354492,4239
1689062986393,-354492,4239
1689062986395,-354492,4239
1689062986397,-354492,4239
1689062986399,-354492,4239
1689062986401,-354492,4239
1689062986403,-354492,4239
1689062986405,-354492,4239
1689062986407,-354492,4239
1689062986409,-354492,4239
1689062986410,-354492,4239
1689062986412,-354492,4239
1689062986413,-354492,4239
1689062986415,-354492,4239
1689062986417,-354492,4239
1689062986419,-354492,4239
1689062986421,-354492,4239
1689062986423,-354492,4239
1689062986424,-354492,4239
1689062986426,-354492,4239
1689062986428,-354492,4239
1689062986430,-354492,4239
1689062986431,-354492,4239
1689062986433,-354492,4239
1689062986435,-354492,4239
1689062986437,-354492,4239
1689062986439,-354492,4239
1689062986440,-354492,4239
1689062986442,-354492,4239
1689062986443,-354492,4239
1689062986445,-354492,4239
1689062986446,-354492,4239
1689062986448,-354492,4239
1689062986450,-354492,4239
1689062986452,-354492,4239
1689062986453,-354492,4239
1689062986455,-354492,4239
1689062986456,-354492,4239
1689062986458,-354492,4239
1689062986459,-354492,4239
1689062986461,-354492,4239
1689062986463,-354492,4239
1689062986464,-354492,4239
1689062986466,-354492,4239
1689062986468,-354492,4239
1689062986470,-354492,4239
1689062986471,-354492,4239
1689062986473,-354492,4239
1689062986475,-354492,4239
1689062986476,-354492,4239
1689062986478,-354492,4239
1689062986479,-354492,4239
1689062986481,-354492,4239
1689062986483,-354492,4239
1689062986485,-354492,4239
1689062986488,-354492,4239
1689062986490,-354492,4239
1689062986491,-354492,4239
1689062986493,-354492,4239
1689062986494,-354492,4239
1689062986496,-354492,4239
1689062986498,-354492,4239
1689062986500,-354492,4239
1689062986501,-354492,4239
1689062986503,-354492,4239
1689062986505,-354492,4239
1689062986506,-354492,4239
1689062986508,-354492,4239
1689062986510,-354492,4239
1689062986511,-354492,4239
1689062986513,-354492,4239
1689062986514,-354492,4239
1689062986516,-354492,4239
1689062986518,-354492,4239
1689062986520,-354492,4239
1689062986521,-354492,4239
1689062986522,-354492,4239
1689062986524,-354492,4239
1689062986525,-354492,4239
1689062986527,-354492,4239
1689062986529,-354492,4239
1689062986530,-354492,4239
1689062986532,-354492,4239
1689062986534,-354492,4239
1689062986536,-354492,4239
1689062986538,-354492,4239
1689062986539,-354492,4239
1689062986541,-354492,4239
1689062986542,-354492,4239
1689062986544,-354492,4239
1689062986545,-354492,4239
1689062986547,-354492,4239
1689062986548,-354492,4239
1689062986550,-354492,4239
1689062986552,-354492,4239
1689062986553,-354492,4239
1689062986555,-354492,4239
1689062986556,-354492,4239
1689062986558,-354492,4239
1689062986560,-354492,4239
1689062986561,-354492,4239
1689062986563,-354492,4239
1689062986565,-354492,4239
1689062986567,-354492,4239
1689062986568,-354492,4239
1689062986570,-354492,4239
1689062986572,-354492,4239
1689062986574,-354492,4239
1689062986575,-354492,4239
1689062986577,-354492,4239
1689062986578,-354492,4239
1689062986580,-354492,4239
1689062986581,-354492,4239
1689062986583,-354492,4239
1689062986585,-354492,4239
1689062986587,-354492,4239
1689062986588,-354492,4239
1689062986590,-354492,4239
1689062986591,-354492,4239
1689062986592,-354492,4239
1689062986594,-354492,4239
1689062986596,-354492,4239
1689062986597,-354492,4239
1689062986599,-354492,4239
1689062986601,-354492,4239
1689062986602,-354492,4239
1689062986604,-354492,4239
1689062986606,-354492,4239
1689062986607,-354492,4239
1689062986609,-354492,4239
1689062986611,-354492,4239
1689062986612,-354492,4239
1689062986614,-354492,4239
1689062986616,-354492,4239
1689062986618,-354492,4239
1689062986620,-354492,4239
1689062986622,-354492,4239
1689062986624,-354492,4239
1689062986625,-354492,4239
1689062986627,-354492,4239
1689062986629,-354492,4239
1689062986630,-354492,4239
1689062986632,-354492,4239
1689062986633,-354492,4239
1689062986635,-354492,4239
1689062986637,-354492,4239
1689062986639,-354492,4239
1689062986640,-354492,4239
1689062986641,-354492,4239
1689062986643,-354492,4239
1689062986645,-354492,4239
1689062986646,-354492,4239
1689062986648,-354492,4239
1689062986649,-354492,4239
1689062986651,-354492,4239
1689062986653,-354492,4239
1689062986654,-354492,4239
1689062986656,-354492,4239
1689062986657,-354492,4239
1689062986659,-354492,4239
1689062986660,-354492,4239
1689062986662,-354492,4239
1689062986664,-354492,4239
1689062986665,-354492,4239
1689062986667,-354492,4239
1689062986668,-354492,4239
1689062986670,-354492,4239
1689062986672,-354492,4239
1689062986673,-354492,4239
1689062986675,-354492,4239
1689062986676,-354492,4239
1689062986678,-354492,4239
1689062986680,-354492,4239
1689062986681,-354492,4239
1689062986683,-354492,4239
1689062986685,-354492,4239
1689062986686,-354492,4239
1689062986688,-354492,4239
1689062986689,-354492,4239
1689062986691,-354492,4239
1689062986692,-354492,4239
1689062986693,-354492,4239
1689062986695,-354492,4239
1689062986697,-354492,4239
1689062986698,-354492,4239
1689062986700,-354492,4239
1689062986701,-354492,4239
1689062986703,-354492,4239
1689062986705,-354492,4239
1689062986707,-354492,4239
1689062986708,-354492,4239
1689062986710,-354492,4239
1689062986711,-354492,4239
1689062986713,-354492,4239
1689062986714,-354492,4239
1689062986716,-354492,4239
1689062986718,-354492,4239
1689062986720,-354492,4239
1689062986721,-354492,4239
1689062986723,-354492,4239
1689062986724,-354492,4239
1689062986726,-354492,4239
1689062986728,-354492,4239
1689062986730,-354492,4239
1689062986732,-354492,4239
1689062986734,-354492,4239
1689062986736,-354492,4239
1689062986738,-354492,4239
1689062986740,-354492,4239
1689062986741,-354492,4239
1689062986743,-354492,4239
1689062986744,-354492,4239
1689062986746,-354492,4239
1689062986747,-354492,4239
1689062986749,-354492,4239
1689062986751,-354492,4239
1689062986753,-354492,4239
1689062986755,-354492,4239
1689062986757,-354492,4239
1689062986758,-354492,4239
1689062986760,-354492,4239
1689062986762,-354492,4239
1689062986764,-354492,4239
1689062986765,-354492,4239
1689062986767,-354492,4239
1689062986769,-354492,4239
1689062986771,-354492,4239
1689062986772,-354492,4239
1689062986774,-354492,4239
1689062986775,-354492,4239
1689062986776,-354492,4239
1689062986778,-354492,4239
1689062986779,-354492,4239
1689062986780,-354492,4239
1689062986782,-354492,4239
1689062986783,-354492,4239
1689062986785,-354492,4239
1689062986786,-354492,4239
1689062986788,-354492,4239
1689062986789,-354492,4239
1689062986791,-354492,4239
1689062986792,-354492,4239
1689062986793,-354492,4239
1689062986795,-354492,4239
1689062986796,-354492,4239
1689062986798,-354492,4239
1689062986800,-354492,4239
1689062986801,-354492,4239
1689062986803,-354492,4239
1689062986804,-354492,4239
1689062986806,-354492,4239
1689062986808,-354492,4239
1689062986809,-354492,4239
1689062986810,-354492,4239
1689062986812,-354492,4239
1689062986813,-354492,4239
1689062986814,-354492,4239
1689062986816,-354492,4239
1689062986818,-354492,4239
1689062986820,-354492,4239
1689062986822,-354492,4239
1689062986824,-354492,4239
1689062986825,-354492,4239
1689062986827,-354492,4239
1689062986829,-354492,4239
1689062986831,-354492,4239
1689062986832,-354492,4239
1689062986834,-354492,4239
1689062986835,-354492,4239
1689062986837,-354492,4239
1689062986839,-354492,4239
1689062986841,-354492,4239
1689062986842,-354492,4239
1689062986843,-354492,4239
1689062986845,-354492,4239
1689062986846,-354492,4239
1689062986848,-354492,4239
1689062986850,-354492,4239
1689062986851,-354492,4239
1689062986853,-354492,4239
1689062986854,-354492,4239
1689062986856,-354492,4239
1689062986857,-354492,4239
1689062986859,-354492,4239
1689062986860,-354492,4239
1689062986862,-354492,4239
1689062986863,-354492,4239
1689062986865,-354492,4239
1689062986866,-354492,4239
1689062986868,-354492,4239
1689062986870,-354492,4239
1689062986871,-354492,4239
1689062986873,-354492,4239
1689062986874,-354492,4239
1689062986875,-354492,4239
1689062986876,-354492,4239
1689062986877,-354492,4239
1689062986879,-354492,4239
1689062986881,-354492,4239
1689062986882,-354492,4239
1689062986884,-354492,4239
1689062986885,-354492,4239
1689062986886,-354492,4239
1689062986888,-354492,4239
1689062986889,-354492,4239
1689062986891,-354492,4239
1689062986892,-354492,4239
1689062986893,-354492,4239
1689062986895,-354492,4239
1689062986896,-354492,4239
1689062986898,-354492,4239
1689062986899,-354492,4239
1689062986901,-354492,4239
1689062986902,-354492,4239
1689062986903,-354492,4239
1689062986905,-354492,4239
1689062986907,-354492,4239
1689062986909,-354492,4239
1689062986910,-354492,4239
1689062986911,-354492,4239
1689062986912,-354492,4239
1689062986914,-354492,4239
1689062986915,-354492,4239
1689062986917,-354492,4239
1689062986919,-354492,4239
1689062986920,-354492,4239
1689062986921,-354492,4239
1689062986923,-354492,4239
1689062986924,-354492,4239
1689062986926,-354492,4239
1689062986928,-354492,4239
1689062986930,-354492,4239
1689062986931,-354492,4239
1689062986933,-354492,4239
1689062986934,-354492,4239
1689062986935,-354492,4239
1689062986937,-354492,4239
1689062986938,-354492,4239
1689062986940,-354492,4239
1689062986941,-354492,4239
1689062986943,-354492,4239
1689062986944,-354492,4239
1689062986946,-354492,4239
1689062986947,-354492,4239
1689062986949,-354492,4239
1689062986951,-354492,4239
1689062986953,-354492,4239
1689062986954,-354492,4239
1689062986956,-354492,4239
1689062986958,-354492,4239
1689062986960,-354492,4239
1689062986962,-354492,4239
1689062986964,-354492,4239
1689062986965,-354492,4239
1689062986967,-354492,4239
1689062986969,-354492,4239
1689062986971,-354492,4239
1689062986972,-354492,4239
1689062986974,-354492,4239
1689062986975,-354492,4239
1689062986976,-354492,4239
1689062986985,-320800,4239
1689062986987,-320800,4239
1689062986989,-320800,4239
1689062986990,-320800,4239
1689062986992,-320800,4239
1689062986993,-320800,4239
1689062986994,-320800,4239
1689062986996,-320800,4239
1689062986998,-320800,4239
1689062986999,-320800,4239
1689062987001,-320800,4239
1689062987002,-320800,4239
1689062987004,-320800,4239
1689062987005,-320800,4239
1689062987007,-320800,4239
1689062987008,-320800,4239
1689062987010,-320800,4239
1689062987011,-320800,4239
1689062987012,-320800,4239
1689062987014,-320800,4239
1689062987015,-320800,4239
1689062987017,-320800,4239
1689062987019,-320800,4239
1689062987021,-320800,4239
1689062987022,-320800,4239
1689062987023,-320800,4239
1689062987025,-320800,4239
1689062987026,-320800,4239
1689062987027,-320800,4239
1689062987029,-320800,4239
1689062987031,-320800,4239
1689062987032,-320800,4239
1689062987034,-320800,4239
1689062987035,-320800,4239
1689062987037,-320800,4239
1689062987038,-320800,4239
1689062987040,-320800,4239
1689062987041,-320800,4239
1689062987043,-320800,4239
1689062987044,-320800,4239
1689062987045,-320800,4239
1689062987047,-320800,4239
1689062987049,-320800,4239
1689062987051,-320800,4239
1689062987053,-320800,4239
1689062987055,-320800,4239
1689062987056,-320800,4239
1689062987057,-320800,4239
1689062987058,-320800,4239
1689062987060,-320800,4239
1689062987061,-320800,4239
1689062987063,-320800,4239
1689062987064,-320800,4239
1689062987065,-320800,4239
1689062987067,-320800,4239
1689062987068,-320800,4239
1689062987069,-320800,4239
1689062987071,-320800,4239
1689062987073,-320800,4239
1689062987074,-320800,4239
1689062987075,-320800,4239
1689062987076,-320800,4239
1689062987078,-320800,4239
1689062987079,-320800,4239
1689062987080,-320800,4239
1689062987081,-320800,4239
1689062987083,-320800,4239
1689062987085,-320800,4239
1689062987087,-320800,4239
1689062987088,-320800,4239
1689062987089,-320800,4239
1689062987091,-320800,4239
1689062987092,-320800,4239
1689062987093,-320800,4239
1689062987095,-320800,4239
1689062987097,-320800,4239
1689062987098,-320800,4239
1689062987100,-320800,4239
1689062987101,-320800,4239
1689062987102,-320800,4239
1689062987104,-320800,4239
1689062987105,-320800,4239
1689062987106,-320800,4239
1689062987108,-320800,4239
1689062987109,-320800,4239
1689062987110,-320800,4239
1689062987112,-320800,4239
1689062987113,-320800,4239
1689062987114,-320800,4239
1689062987116,-320800,4239
1689062987117,-320800,4239
1689062987119,-320800,4239
1689062987120,-320800,4239
1689062987121,-320800,4239
1689062987122,-320800,4239
1689062987123,-320800,4239
1689062987125,-320800,4239
1689062987126,-320800,4239
1689062987128,-320800,4239
1689062987130,-320800,4239
1689062987131,-320800,4239
1689062987132,-320800,4239
1689062987133,-320800,4239
1689062987135,-320800,4239
1689062987136,-320800,4239
1689062987138,-320800,4239
1689062987139,-320800,4239
1689062987141,-320800,4239
1689062987142,-320800,4239
1689062987143,-320800,4239
1689062987144,-320800,4239
1689062987146,-320800,4239
1689062987147,-320800,4239
1689062987148,-320800,4239
1689062987150,-320800,4239
1689062987151,-320800,4239
1689062987153,-320800,4239
1689062987155,-320800,4239
1689062987156,-320800,4239
1689062987157,-320800,4239
1689062987158,-320800,4239
1689062987160,-320800,4239
1689062987161,-320800,4239
1689062987162,-320800,4239
1689062987164,-320800,4239
1689062987165,-320800,4239
1689062987166,-320800,4239
1689062987167,-320800,4239
1689062987169,-320800,4239
1689062987170,-320800,4239
1689062987172,-320800,4239
1689062987173,-320800,4239
1689062987174,-320800,4239
1689062987175,-320800,4239
1689062987177,-320800,4239
1689062987178,-320800,4239
1689062987179,-320800,4239
1689062987180,-320800,4239
1689062987182,-320800,4239
1689062987183,-320800,4239
1689062987185,-320800,4239
1689062987186,-320800,4239
1689062987187,-320800,4239
1689062987189,-320800,4239
1689062987190,-320800,4239
1689062987191,-320800,4239
1689062987192,-320800,4239
1689062987193,-320800,4239
1689062987195,-320800,4239
1689062987196,-320800,4239
1689062987197,-320800,4239
1689062987199,-320800,4239
1689062987200,-320800,4239
1689062987201,-320800,4239
1689062987202,-320800,4239
1689062987204,-320800,4239
1689062987205,-320800,4239
1689062987207,-320800,4239
1689062987208,-320800,4239
1689062987209,-320800,4239
1689062987210,-320800,4239
1689062987211,-320800,4239
1689062987213,-320800,4239
1689062987214,-320800,4239
1689062987215,-320800,4239
1689062987216,-320800,4239
1689062987218,-320800,4239
1689062987219,-320800,4239
1689062987221,-320800,4239
1689062987222,-320800,4239
1689062987223,-320800,4239
1689062987224,-320800,4239
1689062987225,-320800,4239
1689062987226,-320800,4239
1689062987228,-320800,4239
1689062987229,-320800,4239
1689062987231,-320800,4239
1689062987232,-320800,4239
1689062987233,-320800,4239
1689062987234,-320800,4239
1689062987235,-320800,4239
1689062987237,-320800,4239
1689062987239,-320800,4239
1689062987240,-320800,4239
1689062987241,-320800,4239
1689062987242,-320800,4239
1689062987243,-320800,4239
1689062987244,-320800,4239
1689062987246,-320800,4239
1689062987247,-320800,4239
1689062987248,-320800,4239
1689062987249,-320800,4239
1689062987251,-320800,4239
1689062987252,-320800,4239
1689062987254,-320800,4239
1689062987255,-320800,4239
1689062987256,-320800,4239
1689062987257,-320800,4239
1689062987258,-320800,4239
1689062987259,-320800,4239
1689062987261,-320800,4239
1689062987262,-320800,4239
1689062987264,-320800,4239
1689062987265,-320800,4239
1689062987266,-320800,4239
1689062987268,-320800,4239
1689062987269,-320800,4239
1689062987271,-320800,4239
1689062987272,-320800,4239
1689062987273,-320800,4239
1689062987275,-320800,4239
1689062987276,-320800,4239
1689062987277,-320800,4239
1689062987279,-320800,4239
1689062987280,-320800,4239
1689062987281,-320800,4239
1689062987283,-320800,4239
1689062987284,-320800,4239
1689062987286,-320800,4239
1689062987288,-320800,4239
1689062987289,-320800,4239
1689062987291,-320800,4239
1689062987292,-320800,4239
1689062987293,-320800,4239
1689062987295,-320800,4239
1689062987296,-320800,4239
1689062987297,-320800,4239
1689062987299,-320800,4239
1689062987300,-320800,4239
1689062987301,-320800,4239
1689062987303,-320800,4239
1689062987304,-320800,4239
1689062987306,-320800,4239
1689062987307,-320800,4239
1689062987308,-320800,4239
1689062987309,-320800,4239
1689062987310,-320800,4239
1689062987311,-320800,4239
1689062987313,-320800,4239
1689062987314,-320800,4239
1689062987315,-320800,4239
1689062987316,-320800,4239
1689062987318,-320800,4239
1689062987319,-320800,4239
1689062987320,-320800,4239
1689062987321,-320800,4239
1689062987322,-320800,4239
1689062987323,-320800,4239
1689062987325,-320800,4239
1689062987326,-320800,4239
1689062987327,-320800,4239
1689062987328,-320800,4239
1689062987330,-320800,4239
1689062987331,-320800,4239
1689062987332,-320800,4239
1689062987333,-320800,4239
1689062987334,-320800,4239
1689062987336,-320800,4239
1689062987337,-320800,4239
1689062987339,-320800,4239
1689062987340,-320800,4239
1689062987341,-320800,4239
1689062987342,-320800,4239
1689062987343,-320800,4239
1689062987344,-320800,4239
1689062987345,-320800,4239
1689062987347,-320800,4239
1689062987348,-320800,4239
1689062987349,-320800,4239
1689062987351,-320800,4239
1689062987352,-320800,4239
1689062987353,-320800,4239
1689062987355,-320800,4239
1689062987356,-320800,4239
1689062987358,-320800,4239
1689062987359,-320800,4239
1689062987360,-320800,4239
1689062987361,-320800,4239
1689062987363,-320800,4239
1689062987364,-320800,4239
1689062987365,-320800,4239
1689062987366,-320800,4239
1689062987367,-320800,4239
1689062987369,-320800,4239
1689062987370,-320800,4239
1689062987371,-320800,4239
1689062987372,-320800,4239
1689062987373,-320800,4239
1689062987375,-320800,4239
1689062987376,-320800,4239
1689062987378,-320800,4239
1689062987379,-320800,4239
1689062987380,-320800,4239
1689062987381,-320800,4239
1689062987382,-320800,4239
1689062987383,-320800,4239
1689062987385,-320800,4239
1689062987386,-320800,4239
1689062987388,-320800,4239
1689062987389,-320800,4239
1689062987390,-320800,4239
1689062987391,-320800,4239
1689062987392,-320800,4239
1689062987394,-320800,4239
1689062987395,-320800,4239
1689062987396,-320800,4239
1689062987398,-320800,4239
1689062987399,-320800,4239
1689062987400,-320800,4239
1689062987402,-320800,4239
1689062987403,-320800,4239
1689062987405,-320800,4239
1689062987406,-320800,4239
1689062987408,-320800,4239
1689062987409,-320800,4239
1689062987410,-320800,4239
1689062987411,-320800,4239
1689062987412,-320800,4239
1689062987413,-320800,4239
1689062987415,-320800,4239
1689062987416,-320800,4239
1689062987418,-320800,4239
1689062987419,-320800,4239
1689062987420,-320800,4239
1689062987421,-320800,4239
1689062987423,-320800,4239
1689062987424,-320800,4239
1689062987425,-320800,4239
1689062987427,-320800,4239
1689062987428,-320800,4239
1689062987430,-320800,4239
1689062987431,-320800,4239
1689062987432,-320800,4239
1689062987433,-320800,4239
1689062987434,-320800,4239
1689062987435,-320800,4239
1689062987437,-320800,4239
1689062987438,-320800,4239
1689062987439,-320800,4239
1689062987441,-320800,4239
1689062987442,-320800,4239
1689062987444,-320800,4239
1689062987445,-320800,4239
1689062987446,-320800,4239
1689062987448,-320800,4239
1689062987449,-320800,4239
1689062987451,-320800,4239
1689062987452,-320800,4239
1689062987453,-320800,4239
1689062987454,-320800,4239
1689062987455,-320800,4239
1689062987457,-320800,4239
1689062987458,-320800,4239
1689062987459,-320800,4239
1689062987460,-320800,4239
1689062987461,-320800,4239
1689062987463,-320800,4239
1689062987464,-320800,4239
1689062987465,-320800,4239
1689062987466,-320800,4239
1689062987467,-320800,4239
1689062987468,-320800,4239
1689062987469,-320800,4239
1689062987471,-320800,4239
1689062987472,-320800,4239
1689062987473,-320800,4239
1689062987475,-320800,4239
1689062987476,-320800,4239
1689062987477,-320800,4239
1689062987478,-320800,4239
1689062987479,-320800,4239
1689062987480,-320800,4239
1689062987481,-320800,4239
1689062987483,-320800,4239
1689062987484,-320800,4239
1689062987485,-320800,4239
1689062987487,-320800,4239
1689062987488,-320800,4239
1689062987489,-320800,4239
1689062987490,-320800,4239
1689062987491,-320800,4239
1689062987493,-320800,4239
1689062987494,-320800,4239
1689062987495,-320800,4239
1689062987496,-320800,4239
1689062987498,-320800,4239
1689062987499,-320800,4239
1689062987500,-320800,4239
1689062987501,-320800,4239
1689062987502,-320800,4239
1689062987503,-320800,4239
1689062987505,-320800,4239
1689062987506,-320800,4239
1689062987507,-320800,4239
1689062987508,-320800,4239
1689062987509,-320800,4239
1689062987511,-320800,4239
1689062987512,-320800,4239
1689062987513,-320800,4239
1689062987514,-320800,4239
1689062987515,-320800,4239
1689062987517,-320800,4239
1689062987518,-320800,4239
1689062987520,-320800,4239
1689062987521,-320800,4239
1689062987522,-320800,4239
1689062987523,-320800,4239
1689062987525,-320800,4239
1689062987526,-320800,4239
1689062987527,-320800,4239
1689062987529,-320800,4239
1689062987530,-320800,4239
1689062987531,-320800,4239
1689062987533,-320800,4239
1689062987534,-320800,4239
1689062987535,-320800,4239
1689062987536,-320800,4239
1689062987538,-320800,4239
1689062987539,-320800,4239
1689062987540,-320800,4239
1689062987541,-320800,4239
1689062987542,-320800,4239
1689062987544,-320800,4239
1689062987545,-320800,4239
1689062987546,-320800,4239
1689062987547,-320800,4239
1689062987548,-320800,4239
1689062987550,-320800,4239
1689062987551,-320800,4239
1689062987552,-320800,4239
1689062987553,-320800,4239
1689062987555,-320800,4239
1689062987556,-320800,4239
1689062987557,-320800,4239
1689062987558,-320800,4239
1689062987559,-320800,4239
1689062987560,-320800,4239
1689062987562,-320800,4239
1689062987563,-320800,4239
1689062987564,-320800,4239
1689062987565,-320800,4239
1689062987566,-320800,4239
1689062987568,-320800,4239
1689062987569,-320800,4239
1689062987570,-320800,4239
1689062987571,-320800,4239
1689062987572,-320800,4239
1689062987573,-320800,4239
1689062987574,-320800,4239
1689062987575,-320800,4239
1689062987576,-320800,4239
1689062987577,-320800,4239
1689062987579,-320800,4239
1689062987580,-320800,4239
1689062987581,-320800,4239
1689062987582,-320800,4239
1689062987583,-320800,4239
1689062987584,-320800,4239
1689062987586,-320800,4239
1689062987587,-320800,4239
1689062987588,-320800,4239
1689062987589,-320800,4239
1689062987590,-320800,4239
1689062987591,-320800,4239
1689062987592,-320800,4239
1689062987594,-320800,4239
1689062987595,-320800,4239
1689062987597,-320800,4239
1689062987598,-320800,4239
1689062987600,-320800,4239
1689062987601,-320800,4239
1689062987602,-320800,4239
1689062987603,-320800,4239
1689062987604,-320800,4239
1689062987606,-320800,4239
1689062987607,-320800,4239
1689062987608,-320800,4239
1689062987610,-320800,4239
1689062987611,-320800,4239
1689062987613,-320800,4239
1689062987614,-320800,4239
1689062987617,-320800,4239
1689062987622,-320800,4239
1689062987625,-320800,4239
1689062987627,-320800,4239
1689062987632,-320800,4239
1689062987635,-320800,4239
1689062987636,-320800,4239
1689062987641,-320800,4239
1689062987644,-320800,4239
1689062987646,-320800,4239
1689062987650,-320800,4239
1689062987653,-320800,4239
1689062987656,-320800,4239
1689062987658,-320800,4239
1689062987660,-320800,4239
1689062987663,-320800,4239
1689062987666,-320800,4239
1689062987669,-320800,4239
1689062987672,-320800,4239
1689062987677,-320800,4239
1689062987680,-320800,4239
1689062987682,-320800,4239
1689062987685,-320800,4239
1689062987688,-320800,4239
1689062987692,-320800,4239
1689062987695,-320800,4239
1689062987699,-320800,4239
1689062987702,-320800,4239
1689062987705,-320800,4239
1689062987709,-320800,4239
1689062987712,-320800,4239
1689062987714,-320800,4239
1689062987718,-320800,4239
1689062987723,-320800,4239
1689062987731,-320800,4239
1689062987735,-320800,4239
1689062987742,-320800,4239
1689062987746,-320800,4239
1689062987749,-320800,4239
1689062987752,-320800,4239
1689062987756,-320800,4239
1689062987760,-320800,4239
1689062987766,-320800,4239
1689062987769,-320800,4239
1689062987773,-320800,4239
1689062987776,-320800,4239
1689062987779,-320800,4239
1689062987785,-320800,4239
1689062987788,-320800,4239
1689062987791,-320800,4239
1689062987793,-320800,4239
1689062987796,-320800,4239
1689062987800,-320800,4239
1689062987802,-320800,4239
1689062987807,-320800,4239
1689062987811,-320800,4239
1689062987814,-320800,4239
1689062987819,-320800,4239
1689062987823,-320800,4239
1689062987828,-320800,4239
1689062987833,-320800,4239
1689062987837,-320800,4239
1689062987845,-320800,4239
1689062987848,-320800,4239
1689062987851,-320800,4239
1689062987855,-320800,4239
1689062987859,-320800,4239
1689062987862,-320800,4239
1689062987867,-320800,4239
1689062987870,-320800,4239
1689062987872,-320800,4239
1689062987878,-320800,4239
1689062987881,-320800,4239
1689062987884,-320800,4239
1689062987888,-320800,4239
1689062987892,-320800,4239
1689062987895,-320800,4239
1689062987899,-320800,4239
1689062987902,-320800,4239
1689062987905,-320800,4239
1689062987908,-320800,4239
1689062987913,-320800,4239
1689062987916,-320800,4239
1689062987920,-320800,4239
1689062987924,-320800,4239
1689062987926,-320800,4239
1689062987931,-320800,4239
1689062987934,-320800,4239
1689062987936,-320800,4239
1689062987941,-320800,4239
1689062987946,-320800,4239
1689062987951,-320800,4239
1689062987954,-320800,4239
1689062987958,-320800,4239
1689062987962,-320800,4239
1689062987967,-320800,4239
1689062987970,-320800,4239
1689062987972,-320800,4239
1689062987979,-320800,4239
1689062987981,-320800,4239
1689062987983,-320800,4239
1689062987986,-320800,4239
1689062987989,-320800,4239
1689062987991,-320800,4239
1689062987993,-320800,4239
1689062987997,-320800,4239
1689062988000,-320800,4239
1689062988005,-320800,4239
1689062988010,-320800,4239
1689062988013,-320800,4239
1689062988015,-320800,4239
1689062988018,-320800,4239
1689062988021,-320800,4239
1689062988024,-320800,4239
1689062988026,-320800,4239
1689062988029,-320800,4239
1689062988033,-320800,4239
1689062988036,-320800,4239
1689062988043,-320800,4239
1689062988047,-320800,4239
1689062988050,-320800,4239
1689062988058,-320800,4239
1689062988068,-320800,4239
1689062988071,-320800,4239
1689062988080,-320800,4239
1689062988084,-320800,4239
1689062988088,-320800,4239
1689062988091,-320800,4239
1689062988094,-320800,4239
1689062988098,-320800,4239
1689062988101,-320800,4239
1689062988103,-320800,4239
1689062988107,-320800,4239
1689062988109,-320800,4239
1689062988112,-320800,4239
1689062988115,-320800,4239
1689062988118,-320800,4239
1689062988120,-320800,4239
1689062988122,-320800,4239
1689062988124,-320800,4239
1689062988125,-320800,4239
1689062988130,-320800,4239
1689062988133,-320800,4239
1689062988135,-320800,4239
1689062988137,-320800,4239
1689062988140,-320800,4239
1689062988142,-320800,4239
1689062988144,-320800,4239
1689062988146,-320800,4239
1689062988148,-320800,4239
1689062988150,-320800,4239
1689062988153,-320800,4239
1689062988155,-320800,4239
1689062988158,-320800,4239
1689062988161,-320800,4239
1689062988166,-320800,4239
1689062988168,-320800,4239
1689062988170,-320800,4239
1689062988174,-320800,4239
1689062988176,-320800,4239
1689062988179,-320800,4239
1689062988181,-320800,4239
1689062988183,-320800,4239
1689062988185,-320800,4239
1689062988188,-320800,4239
1689062988190,-320800,4239
1689062988193,-320800,4239
1689062988195,-320800,4239
1689062988197,-320800,4239
1689062988199,-320800,4239
1689062988201,-320800,4239
1689062988203,-320800,4239
1689062988205,-320800,4239
1689062988208,-320800,4239
1689062988212,-320800,4239
1689062988214,-320800,4239
1689062988217,-320800,4239
1689062988221,-320800,4239
1689062988223,-320800,4239
1689062988225,-320800,4239
1689062988228,-320800,4239
1689062988230,-320800,4239
1689062988233,-320800,4239
1689062988235,-320800,4239
1689062988244,-320800,4239
1689062988247,-320800,4239
1689062988251,-320800,4239
1689062988254,-320800,4239
1689062988257,-320800,4239
1689062988260,-320800,4239
1689062988262,-320800,4239
1689062988269,-320800,4239
1689062988272,-320800,4239
1689062988280,-320800,4239
1689062988282,-320800,4239
1689062988284,-320800,4239
1689062988291,-320800,4239
1689062988294,-320800,4239
1689062988296,-320800,4239
1689062988299,-320800,4239
1689062988302,-320800,4239
1689062988303,-320800,4239
1689062988305,-320800,4239
1689062988306,-320800,4239
1689062988308,-320800,4239
1689062988311,-320800,4239
1689062988313,-320800,4239
1689062988315,-320800,4239
1689062988317,-320800,4239
1689062988321,-320800,4239
1689062988323,-320800,4239
1689062988325,-320800,4239
1689062988328,-320800,4239
1689062988334,-320800,4239
1689062988337,-320800,4239
1689062988339,-320800,4239
1689062988343,-320800,4239
1689062988345,-320800,4239
1689062988347,-320800,4239
1689062988349,-320800,4239
1689062988353,-320800,4239
1689062988356,-320800,4239
1689062988358,-320800,4239
1689062988361,-320800,4239
1689062988366,-320800,4239
1689062988369,-320800,4239
1689062988372,-320800,4239
1689062988378,-320800,4239
1689062988381,-320800,4239
1689062988384,-320800,4239
1689062988391,-320800,4239
1689062988394,-320800,4239
1689062988397,-320800,4239
1689062988400,-320800,4239
1689062988411,-320800,4239
1689062988416,-320800,4239
1689062988421,-320800,4239
1689062988432,-320800,4239
1689062988436,-320800,4239
1689062988444,-320800,4239
1689062988447,-320800,4239
1689062988452,-320800,4239
1689062988455,-320800,4239
1689062988457,-320800,4239
1689062988464,-245117,4239
1689062988468,-245117,4239
1689062988470,-245117,4239
1689062988473,-245117,4239
1689062988475,-245117,4239
1689062988478,-245117,4239
1689062988480,-245117,4239
1689062988482,-245117,4239
1689062988487,-245117,4239
1689062988490,-245117,4239
1689062988493,-245117,4239
1689062988495,-245117,4239
1689062988499,-245117,4239
1689062988501,-245117,4239
1689062988504,-245117,4239
1689062988506,-245117,4239
1689062988513,-245117,4239
1689062988516,-245117,4239
1689062988520,-245117,4239
1689062988524,-245117,4239
1689062988528,-245117,4239
1689062988532,-245117,4239
1689062988536,-245117,4239
1689062988539,-245117,4239
1689062988547,-245117,4239
1689062988550,-245117,4239
1689062988553,-245117,4239
1689062988556,-245117,4239
1689062988559,-245117,4239
1689062988561,-245117,4239
1689062988566,-245117,4239
1689062988570,-245117,4239
1689062988571,-245117,4239
1689062988576,-245117,4239
1689062988579,-245117,4239
1689062988580,-245117,4239
1689062988582,-245117,4239
1689062988585,-245117,4239
1689062988588,-245117,4239
1689062988590,-245117,4239
1689062988592,-245117,4239
1689062988595,-245117,4239
1689062988599,-245117,4239
1689062988601,-245117,4239
1689062988603,-245117,4239
1689062988605,-245117,4239
1689062988607,-245117,4239
1689062988610,-245117,4239
1689062988612,-245117,4239
1689062988615,-245117,4239
1689062988619,-245117,4239
1689062988622,-245117,4239
1689062988623,-245117,4239
1689062988625,-245117,4239
1689062988628,-245117,4239
1689062988630,-245117,4239
1689062988633,-245117,4239
1689062988635,-245117,4239
1689062988638,-245117,4239
1689062988643,-245117,4239
1689062988646,-245117,4239
1689062988649,-245117,4239
1689062988652,-245117,4239
1689062988658,-245117,4239
1689062988661,-245117,4239
1689062988664,-245117,4239
1689062988667,-245117,4239
1689062988670,-245117,4239
1689062988671,-245117,4239
1689062988678,-245117,4239
1689062988680,-245117,4239
1689062988682,-245117,4239
1689062988685,-245117,4239
1689062988688,-245117,4239
1689062988691,-245117,4239
1689062988693,-245117,4239
1689062988695,-245117,4239
1689062988700,-245117,4239
1689062988702,-245117,4239
1689062988704,-245117,4239
1689062988706,-245117,4239
1689062988713,-245117,4239
1689062988716,-245117,4239
1689062988721,-245117,4239
1689062988724,-245117,4239
1689062988728,-245117,4239
1689062988733,-245117,4239
1689062988739,-245117,4239
1689062988749,-245117,4239
1689062988753,-245117,4239
1689062988757,-245117,4239
1689062988762,-245117,4239
1689062988766,-245117,4239
1689062988770,-245117,4239
1689062988773,-245117,4239
1689062988776,-245117,4239
1689062988780,-245117,4239
1689062988784,-245117,4239
1689062988788,-245117,4239
1689062988791,-245117,4239
1689062988792,-245117,4239
1689062988794,-245117,4239
1689062988795,-245117,4239
1689062988797,-245117,4239
1689062988801,-245117,4239
1689062988803,-245117,4239
1689062988804,-245117,4239
1689062988806,-245117,4239
1689062988808,-245117,4239
1689062988811,-245117,4239
1689062988813,-245117,4239
1689062988815,-245117,4239
1689062988818,-245117,4239
1689062988822,-245117,4239
1689062988826,-245117,4239
1689062988829,-245117,4239
1689062988833,-245117,4239
1689062988838,-245117,4239
1689062988845,-245117,4239
1689062988853,-245117,4239
1689062988859,-245117,4239
1689062988863,-245117,4239
1689062988866,-245117,4239
1689062988870,-245117,4239
1689062988873,-245117,4239
1689062988877,-245117,4239
1689062988881,-245117,4239
1689062988884,-245117,4239
1689062988889,-245117,4239
1689062988893,-245117,4239
1689062988895,-245117,4239
1689062988901,-245117,4239
1689062988907,-245117,4239
1689062988914,-245117,4239
1689062988918,-245117,4239
1689062988923,-245117,4239
1689062988926,-245117,4239
1689062988929,-245117,4239
1689062988932,-245117,4239
1689062988934,-245117,4239
1689062988936,-245117,4239
1689062988941,-245117,4239
1689062988944,-245117,4239
1689062988946,-245117,4239
1689062988948,-245117,4239
1689062988950,-245117,4239
1689062988954,-245117,4239
1689062988956,-245117,4239
1689062988959,-245117,4239
1689062988961,-245117,4239
1689062988966,-245117,4239
1689062988969,-245117,4239
1689062988971,-245117,4239
1689062988972,-245117,4239
1689062988978,-245117,4239
1689062988980,-245117,4239
1689062988982,-245117,4239
1689062988986,-245117,4239
1689062988991,-245117,4239
1689062988996,-245117,4239
1689062988999,-245117,4239
1689062989002,-245117,4239
1689062989004,-245117,4239
1689062989006,-245117,4239
1689062989008,-245117,4239
1689062989011,-245117,4239
1689062989014,-245117,4239
1689062989017,-245117,4239
1689062989021,-245117,4239
1689062989024,-245117,4239
1689062989026,-245117,4239
1689062989029,-245117,4239
1689062989033,-245117,4239
1689062989035,-245117,4239
1689062989038,-245117,4239
1689062989042,-245117,4239
1689062989045,-245117,4239
1689062989048,-245117,4239
1689062989052,-245117,4239
1689062989055,-245117,4239
1689062989056,-245117,4239
1689062989059,-245117,4239
1689062989060,-245117,4239
1689062989062,-245117,4239
1689062989063,-245117,4239
1689062989065,-245117,4239
1689062989069,-245117,4239
1689062989072,-245117,4239
1689062989076,-245117,4239
1689062989079,-245117,4239
1689062989081,-245117,4239
1689062989083,-245117,4239
1689062989086,-245117,4239
1689062989089,-245117,4239
1689062989094,-245117,4239
1689062989097,-245117,4239
1689062989100,-245117,4239
1689062989103,-245117,4239
1689062989105,-245117,4239
1689062989109,-245117,4239
1689062989112,-245117,4239
1689062989119,-245117,4239
1689062989122,-245117,4239
1689062989124,-245117,4239
1689062989127,-245117,4239
1689062989129,-245117,4239
1689062989134,-245117,4239
1689062989138,-245117,4239
1689062989141,-245117,4239
1689062989143,-245117,4239
1689062989151,-245117,4239
1689062989155,-245117,4239
1689062989158,-245117,4239
1689062989161,-245117,4239
1689062989163,-245117,4239
1689062989170,-245117,4239
1689062989172,-245117,4239
1689062989178,-245117,4239
1689062989181,-245117,4239
1689062989183,-245117,4239
1689062989186,-245117,4239
1689062989189,-245117,4239
1689062989192,-245117,4239
1689062989194,-245117,4239
1689062989195,-245117,4239
1689062989198,-245117,4239
1689062989201,-245117,4239
1689062989202,-245117,4239
1689062989204,-245117,4239
1689062989205,-245117,4239
1689062989207,-245117,4239
1689062989208,-245117,4239
1689062989211,-245117,4239
1689062989215,-245117,4239
1689062989219,-245117,4239
1689062989225,-245117,4239
1689062989228,-245117,4239
1689062989231,-245117,4239
1689062989233,-245117,4239
1689062989236,-245117,4239
1689062989238,-245117,4239
1689062989244,-245117,4239
1689062989247,-245117,4239
1689062989249,-245117,4239
1689062989251,-245117,4239
1689062989254,-245117,4239
1689062989257,-245117,4239
1689062989259,-245117,4239
1689062989261,-245117,4239
1689062989263,-245117,4239
1689062989269,-245117,4239
1689062989271,-245117,4239
1689062989272,-245117,4239
1689062989273,-245117,4239
1689062989281,-245117,4239
1689062989283,-245117,4239
1689062989286,-245117,4239
1689062989289,-245117,4239
1689062989291,-245117,4239
1689062989292,-245117,4239
1689062989294,-245117,4239
1689062989295,-245117,4239
1689062989296,-245117,4239
1689062989300,-245117,4239
1689062989302,-245117,4239
1689062989304,-245117,4239
1689062989305,-245117,4239
1689062989308,-245117,4239
1689062989313,-245117,4239
1689062989315,-245117,4239
1689062989319,-245117,4239
1689062989322,-245117,4239
1689062989324,-245117,4239
1689062989327,-245117,4239
1689062989331,-245117,4239
1689062989333,-245117,4239
1689062989335,-245117,4239
1689062989337,-245117,4239
1689062989339,-245117,4239
1689062989342,-245117,4239
1689062989344,-245117,4239
1689062989346,-245117,4239
1689062989349,-245117,4239
1689062989352,-245117,4239
1689062989356,-245117,4239
1689062989360,-245117,4239
1689062989362,-245117,4239
1689062989365,-245117,4239
1689062989367,-245117,4239
1689062989370,-245117,4239
1689062989373,-245117,4239
1689062989379,-245117,4239
1689062989382,-245117,4239
1689062989384,-245117,4239
1689062989390,-245117,4239
1689062989394,-245117,4239
1689062989398,-245117,4239
1689062989402,-245117,4239
1689062989404,-245117,4239
1689062989406,-245117,4239
1689062989411,-245117,4239
1689062989418,-245117,4239
1689062989429,-245117,4239
1689062989432,-245117,4239
1689062989434,-245117,4239
1689062989438,-245117,4239
1689062989442,-245117,4239
1689062989444,-245117,4239
1689062989445,-245117,4239
1689062989449,-245117,4239
1689062989451,-245117,4239
1689062989453,-245117,4239
1689062989455,-245117,4239
1689062989456,-245117,4239
1689062989458,-245117,4239
1689062989460,-245117,4239
1689062989461,-245117,4239
1689062989462,-245117,4239
1689062989466,-245117,4239
1689062989468,-245117,4239
1689062989470,-245117,4239
1689062989472,-245117,4239
1689062989476,-245117,4239
1689062989478,-245117,4239
1689062989481,-245117,4239
1689062989483,-245117,4239
1689062989486,-245117,4239
1689062989491,-245117,4239
1689062989494,-245117,4239
1689062989496,-245117,4239
1689062989500,-245117,4239
1689062989502,-245117,4239
1689062989504,-245117,4239
1689062989508,-245117,4239
1689062989511,-245117,4239
1689062989514,-245117,4239
1689062989516,-245117,4239
1689062989519,-245117,4239
1689062989522,-245117,4239
1689062989524,-245117,4239
1689062989526,-245117,4239
1689062989528,-245117,4239
1689062989531,-245117,4239
1689062989534,-245117,4239
1689062989536,-245117,4239
1689062989539,-245117,4239
1689062989543,-245117,4239
1689062989546,-245117,4239
1689062989549,-245117,4239
1689062989552,-245117,4239
1689062989555,-245117,4239
1689062989557,-245117,4239
1689062989559,-245117,4239
1689062989561,-245117,4239
1689062989566,-245117,4239
1689062989569,-245117,4239
1689062989571,-245117,4239
1689062989573,-245117,4239
1689062989580,-245117,4239
1689062989582,-245117,4239
1689062989584,-245117,4239
1689062989587,-245117,4239
1689062989591,-245117,4239
1689062989594,-245117,4239
1689062989596,-245117,4239
1689062989600,-245117,4239
1689062989602,-245117,4239
1689062989603,-245117,4239
1689062989605,-245117,4239
1689062989606,-245117,4239
1689062989610,-245117,4239
1689062989612,-245117,4239
1689062989614,-245117,4239
1689062989617,-245117,4239
1689062989621,-245117,4239
1689062989623,-245117,4239
1689062989625,-245117,4239
1689062989627,-245117,4239
1689062989629,-245117,4239
1689062989632,-245117,4239
1689062989635,-245117,4239
1689062989637,-245117,4239
1689062989639,-245117,4239
1689062989644,-245117,4239
1689062989648,-245117,4239
1689062989651,-245117,4239
1689062989654,-245117,4239
1689062989656,-245117,4239
1689062989659,-245117,4239
1689062989661,-245117,4239
1689062989663,-245117,4239
1689062989666,-245117,4239
1689062989670,-245117,4239
1689062989671,-245117,4239
1689062989673,-245117,4239
1689062989675,-245117,4239
1689062989677,-245117,4239
1689062989679,-245117,4239
1689062989681,-245117,4239
1689062989684,-245117,4239
1689062989687,-245117,4239
1689062989689,-245117,4239
1689062989691,-245117,4239
1689062989693,-245117,4239
1689062989694,-245117,4239
1689062989695,-245117,4239
1689062989698,-245117,4239
1689062989700,-245117,4239
1689062989703,-245117,4239
1689062989705,-245117,4239
1689062989706,-245117,4239
1689062989709,-245117,4239
1689062989711,-245117,4239
1689062989713,-245117,4239
1689062989715,-245117,4239
1689062989718,-245117,4239
1689062989721,-245117,4239
1689062989723,-245117,4239
1689062989726,-245117,4239
1689062989728,-245117,4239
1689062989732,-245117,4239
1689062989734,-245117,4239
1689062989736,-245117,4239
1689062989738,-245117,4239
1689062989740,-245117,4239
1689062989744,-245117,4239
1689062989746,-245117,4239
1689062989749,-245117,4239
1689062989752,-245117,4239
1689062989755,-245117,4239
1689062989757,-245117,4239
1689062989760,-245117,4239
1689062989763,-245117,4239
1689062989766,-245117,4239
1689062989769,-245117,4239
1689062989771,-245117,4239
1689062989772,-245117,4239
1689062989774,-245117,4239
1689062989776,-245117,4239
1689062989778,-245117,4239
1689062989780,-245117,4239
1689062989782,-245117,4239
1689062989783,-245117,4239
1689062989786,-245117,4239
1689062989788,-245117,4239
1689062989790,-245117,4239
1689062989792,-245117,4239
1689062989793,-245117,4239
1689062989794,-245117,4239
1689062989796,-245117,4239
1689062989797,-245117,4239
1689062989800,-245117,4239
1689062989802,-245117,4239
1689062989804,-245117,4239
1689062989806,-245117,4239
1689062989811,-245117,4239
1689062989814,-245117,4239
1689062989817,-245117,4239
1689062989820,-245117,4239
1689062989823,-245117,4239
1689062989825,-245117,4239
1689062989827,-245117,4239
1689062989831,-245117,4239
1689062989834,-245117,4239
1689062989836,-245117,4239
1689062989838,-245117,4239
1689062989844,-245117,4239
1689062989845,-245117,4239
1689062989847,-245117,4239
1689062989851,-245117,4239
1689062989853,-245117,4239
1689062989855,-245117,4239
1689062989857,-245117,4239
1689062989860,-245117,4239
1689062989864,-245117,4239
1689062989866,-245117,4239
1689062989868,-245117,4239
1689062989870,-245117,4239
1689062989872,-245117,4239
1689062989877,-245117,4239
1689062989879,-245117,4239
1689062989881,-245117,4239
1689062989882,-245117,4239
1689062989884,-245117,4239
1689062989886,-245117,4239
1689062989888,-245117,4239
1689062989890,-245117,4239
1689062989891,-245117,4239
1689062989893,-245117,4239
1689062989895,-245117,4239
1689062989899,-245117,4239
1689062989902,-245117,4239
1689062989904,-245117,4239
1689062989906,-245117,4239
1689062989910,-245117,4239
1689062989912,-245117,4239
1689062989914,-245117,4239
1689062989915,-245117,4239
1689062989917,-245117,4239
1689062989920,-245117,4239
1689062989922,-245117,4239
1689062989924,-245117,4239
1689062989925,-245117,4239
1689062989928,-245117,4239
1689062989930,-245117,4239
1689062989937,-333495,4239
1689062989944,-333495,4239
1689062989947,-333495,4239
1689062989950,-333495,4239
1689062989953,-333495,4239
1689062989971,-333495,4239
1689062989973,-333495,4239
1689062989976,-333495,4239
1689062989979,-333495,4239
1689062989982,-333495,4239
1689062989985,-333495,4239
1689062989990,-333495,4239
1689062989995,-333495,4239
1689062989999,-333495,4239
1689062990003,-333495,4239
1689062990005,-333495,4239
1689062990009,-333495,4239
1689062990012,-333495,4239
1689062990013,-333495,4239
1689062990015,-333495,4239
1689062990018,-333495,4239
1689062990021,-333495,4239
1689062990022,-333495,4239
1689062990024,-333495,4239
1689062990026,-333495,4239
1689062990028,-333495,4239
1689062990030,-333495,4239
1689062990034,-333495,4239
1689062990036,-333495,4239
1689062990039,-333495,4239
1689062990042,-333495,4239
1689062990044,-333495,4239
1689062990046,-333495,4239
1689062990049,-333495,4239
1689062990054,-333495,4239
1689062990057,-333495,4239
1689062990059,-333495,4239
1689062990061,-333495,4239
1689062990065,-333495,4239
1689062990070,-333495,4239
1689062990072,-333495,4239
1689062990076,-333495,4239
1689062990080,-333495,4239
1689062990085,-333495,4239
1689062990088,-333495,4239
1689062990089,-333495,4239
1689062990091,-333495,4239
1689062990093,-333495,4239
1689062990094,-333495,4239
1689062990096,-333495,4239
1689062990100,-333495,4239
1689062990103,-333495,4239
1689062990106,-333495,4239
1689062990109,-333495,4239
1689062990111,-333495,4239
1689062990113,-333495,4239
1689062990115,-333495,4239
1689062990116,-333495,4239
1689062990120,-333495,4239
1689062990122,-333495,4239
1689062990124,-333495,4239
1689062990127,-333495,4239
1689062990129,-333495,4239
1689062990131,-333495,4239
1689062990134,-333495,4239
1689062990135,-333495,4239
1689062990137,-333495,4239
1689062990139,-333495,4239
1689062990140,-333495,4239
1689062990142,-333495,4239
1689062990144,-333495,4239
1689062990147,-333495,4239
1689062990151,-333495,4239
1689062990154,-333495,4239
1689062990156,-333495,4239
1689062990158,-333495,4239
1689062990160,-333495,4239
1689062990162,-333495,4239
1689062990164,-333495,4239
1689062990167,-333495,4239
1689062990169,-333495,4239
1689062990171,-333495,4239
1689062990172,-333495,4239
1689062990178,-333495,4239
1689062990181,-333495,4239
1689062990182,-333495,4239
1689062990184,-333495,4239
1689062990188,-333495,4239
1689062990191,-333495,4239
1689062990193,-333495,4239
1689062990194,-333495,4239
1689062990195,-333495,4239
1689062990197,-333495,4239
1689062990200,-333495,4239
1689062990202,-333495,4239
1689062990204,-333495,4239
1689062990205,-333495,4239
1689062990209,-333495,4239
1689062990212,-333495,4239
1689062990213,-333495,4239
1689062990215,-333495,4239
1689062990216,-333495,4239
1689062990219,-333495,4239
1689062990221,-333495,4239
1689062990223,-333495,4239
1689062990225,-333495,4239
1689062990226,-333495,4239
1689062990228,-333495,4239
1689062990229,-333495,4239
1689062990231,-333495,4239
1689062990234,-333495,4239
1689062990236,-333495,4239
1689062990238,-333495,4239
1689062990239,-333495,4239
1689062990240,-333495,4239
1689062990244,-333495,4239
1689062990246,-333495,4239
1689062990248,-333495,4239
1689062990249,-333495,4239
1689062990252,-333495,4239
1689062990254,-333495,4239
1689062990256,-333495,4239
1689062990258,-333495,4239
1689062990260,-333495,4239
1689062990261,-333495,4239
1689062990262,-333495,4239
1689062990264,-333495,4239
1689062990265,-333495,4239
1689062990268,-333495,4239
1689062990270,-333495,4239
1689062990272,-333495,4239
1689062990274,-333495,4239
1689062990277,-333495,4239
1689062990279,-333495,4239
1689062990282,-333495,4239
1689062990286,-333495,4239
1689062990289,-333495,4239
1689062990294,-333495,4239
1689062990297,-333495,4239
1689062990299,-333495,4239
1689062990302,-333495,4239
1689062990305,-333495,4239
1689062990307,-333495,4239
1689062990311,-333495,4239
1689062990313,-333495,4239
1689062990318,-333495,4239
1689062990322,-333495,4239
1689062990326,-333495,4239
1689062990329,-333495,4239
1689062990334,-333495,4239
1689062990338,-333495,4239
1689062990340,-333495,4239
1689062990345,-333495,4239
1689062990350,-333495,4239
1689062990353,-333495,4239
1689062990356,-333495,4239
1689062990357,-333495,4239
1689062990359,-333495,4239
1689062990361,-333495,4239
1689062990363,-333495,4239
1689062990364,-333495,4239
1689062990366,-333495,4239
1689062990369,-333495,4239
1689062990370,-333495,4239
1689062990371,-333495,4239
1689062990372,-333495,4239
1689062990374,-333495,4239
1689062990375,-333495,4239
1689062990378,-333495,4239
1689062990380,-333495,4239
1689062990381,-333495,4239
1689062990383,-333495,4239
1689062990385,-333495,4239
1689062990388,-333495,4239
1689062990390,-333495,4239
1689062990391,-333495,4239
1689062990393,-333495,4239
1689062990395,-333495,4239
1689062990396,-333495,4239
1689062990399,-333495,4239
1689062990401,-333495,4239
1689062990403,-333495,4239
1689062990405,-333495,4239
1689062990406,-333495,4239
1689062990411,-333495,4239
1689062990414,-333495,4239
1689062990418,-333495,4239
1689062990424,-333495,4239
1689062990428,-333495,4239
1689062990441,-333495,4239
1689062990445,-333495,4239
1689062990451,-333495,4239
1689062990454,-333495,4239
1689062990458,-333495,4239
1689062990467,-333495,4239
1689062990470,-333495,4239
1689062990472,-333495,4239
1689062990476,-333495,4239
1689062990484,-333495,4239
1689062990490,-333495,4239
1689062990493,-333495,4239
1689062990495,-333495,4239
1689062990498,-333495,4239
1689062990502,-333495,4239
1689062990505,-333495,4239
1689062990508,-333495,4239
1689062990514,-333495,4239
1689062990518,-333495,4239
1689062990521,-333495,4239
1689062990529,-333495,4239
1689062990532,-333495,4239
1689062990537,-333495,4239
1689062990540,-333495,4239
1689062990543,-333495,4239
1689062990546,-333495,4239
1689062990550,-333495,4239
1689062990553,-333495,4239
1689062990557,-333495,4239
1689062990559,-333495,4239
1689062990561,-333495,4239
1689062990563,-333495,4239
1689062990567,-333495,4239
1689062990571,-333495,4239
1689062990573,-333495,4239
1689062990574,-333495,4239
1689062990580,-333495,4239
1689062990583,-333495,4239
1689062990586,-333495,4239
1689062990589,-333495,4239
1689062990593,-333495,4239
1689062990595,-333495,4239
1689062990597,-333495,4239
1689062990603,-333495,4239
1689062990612,-333495,4239
1689062990616,-333495,4239
1689062990620,-333495,4239
1689062990625,-333495,4239
1689062990628,-333495,4239
1689062990633,-333495,4239
1689062990637,-333495,4239
1689062990639,-333495,4239
1689062990646,-333495,4239
1689062990649,-333495,4239
1689062990651,-333495,4239
1689062990654,-333495,4239
1689062990657,-333495,4239
1689062990659,-333495,4239
1689062990663,-333495,4239
1689062990668,-333495,4239
1689062990670,-333495,4239
1689062990672,-333495,4239
1689062990673,-333495,4239
1689062990674,-333495,4239
1689062990679,-333495,4239
1689062990681,-333495,4239
1689062990682,-333495,4239
1689062990684,-333495,4239
1689062990687,-333495,4239
1689062990690,-333495,4239
1689062990691,-333495,4239
1689062990693,-333495,4239
1689062990694,-333495,4239
1689062990696,-333495,4239
1689062990702,-333495,4239
1689062990705,-333495,4239
1689062990707,-333495,4239
1689062990713,-333495,4239
1689062990716,-333495,4239
1689062990721,-333495,4239
1689062990724,-333495,4239
1689062990727,-333495,4239
1689062990730,-333495,4239
1689062990736,-333495,4239
1689062990739,-333495,4239
1689062990741,-333495,4239
1689062990748,-333495,4239
1689062990751,-333495,4239
1689062990755,-333495,4239
1689062990759,-333495,4239
1689062990762,-333495,4239
1689062990765,-333495,4239
1689062990767,-333495,4239
1689062990770,-333495,4239
1689062990772,-333495,4239
1689062990777,-333495,4239
1689062990780,-333495,4239
1689062990782,-333495,4239
1689062990784,-333495,4239
1689062990788,-333495,4239
1689062990790,-333495,4239
1689062990791,-333495,4239
1689062990792,-333495,4239
1689062990794,-333495,4239
1689062990795,-333495,4239
1689062990796,-333495,4239
1689062990797,-333495,4239
1689062990799,-333495,4239
1689062990801,-333495,4239
1689062990803,-333495,4239
1689062990804,-333495,4239
1689062990805,-333495,4239
1689062990806,-333495,4239
1689062990808,-333495,4239
1689062990810,-333495,4239
1689062990812,-333495,4239
1689062990814,-333495,4239
1689062990816,-333495,4239
1689062990818,-333495,4239
1689062990821,-333495,4239
1689062990822,-333495,4239
1689062990824,-333495,4239
1689062990826,-333495,4239
1689062990829,-333495,4239
1689062990833,-333495,4239
1689062990836,-333495,4239
1689062990838,-333495,4239
1689062990840,-333495,4239
1689062990842,-333495,4239
1689062990844,-333495,4239
1689062990847,-333495,4239
1689062990849,-333495,4239
1689062990852,-333495,4239
1689062990855,-333495,4239
1689062990857,-333495,4239
1689062990859,-333495,4239
1689062990861,-333495,4239
1689062990863,-333495,4239
1689062990869,-333495,4239
1689062990871,-333495,4239
1689062990873,-333495,4239
1689062990878,-333495,4239
1689062990882,-333495,4239
1689062990884,-333495,4239
1689062990888,-333495,4239
1689062990891,-333495,4239
1689062990894,-333495,4239
1689062990896,-333495,4239
1689062990901,-333495,4239
1689062990903,-333495,4239
1689062990905,-333495,4239
1689062990912,-333495,4239
1689062990915,-333495,4239
1689062990919,-333495,4239
1689062990921,-333495,4239
1689062990925,-333495,4239
1689062990927,-333495,4239
1689062990929,-333495,4239
1689062990930,-333495,4239
1689062990932,-333495,4239
1689062990934,-333495,4239
1689062990937,-333495,4239
1689062990939,-333495,4239
1689062990941,-333495,4239
1689062990945,-333495,4239
1689062990947,-333495,4239
1689062990949,-333495,4239
1689062990953,-333495,4239
1689062990955,-333495,4239
1689062990956,-333495,4239
1689062990958,-333495,4239
1689062990960,-333495,4239
1689062990962,-333495,4239
1689062990963,-333495,4239
1689062990969,-333495,4239
1689062990971,-333495,4239
1689062990973,-333495,4239
1689062990974,-333495,4239
1689062990977,-333495,4239
1689062990980,-333495,4239
1689062990981,-333495,4239
1689062990984,-333495,4239
1689062990987,-333495,4239
1689062990990,-333495,4239
1689062990992,-333495,4239
1689062990994,-333495,4239
1689062990996,-333495,4239
1689062991001,-333495,4239
1689062991003,-333495,4239
1689062991005,-333495,4239
1689062991007,-333495,4239
1689062991009,-333495,4239
1689062991012,-333495,4239
1689062991014,-333495,4239
1689062991016,-333495,4239
1689062991018,-333495,4239
1689062991021,-333495,4239
1689062991024,-333495,4239
1689062991027,-333495,4239
1689062991030,-333495,4239
1689062991035,-333495,4239
1689062991036,-333495,4239
1689062991038,-333495,4239
1689062991040,-333495,4239
1689062991045,-333495,4239
1689062991047,-333495,4239
1689062991049,-333495,4239
1689062991052,-333495,4239
1689062991054,-333495,4239
1689062991056,-333495,4239
1689062991059,-333495,4239
1689062991060,-333495,4239
1689062991061,-333495,4239
1689062991062,-333495,4239
1689062991064,-333495,4239
1689062991065,-333495,4239
1689062991068,-333495,4239
1689062991070,-333495,4239
1689062991072,-333495,4239
1689062991073,-333495,4239
1689062991074,-333495,4239
1689062991078,-333495,4239
1689062991080,-333495,4239
1689062991082,-333495,4239
1689062991084,-333495,4239
1689062991088,-333495,4239
1689062991090,-333495,4239
1689062991091,-333495,4239
1689062991093,-333495,4239
1689062991094,-333495,4239
1689062991096,-333495,4239
1689062991097,-333495,4239
1689062991099,-333495,4239
1689062991102,-333495,4239
1689062991103,-333495,4239
1689062991108,-333495,4239
1689062991111,-333495,4239
1689062991114,-333495,4239
1689062991116,-333495,4239
1689062991119,-333495,4239
1689062991127,-333495,4239
1689062991129,-333495,4239
1689062991131,-333495,4239
1689062991135,-333495,4239
1689062991139,-333495,4239
1689062991141,-333495,4239
1689062991147,-333495,4239
1689062991150,-333495,4239
1689062991152,-333495,4239
1689062991155,-333495,4239
1689062991158,-333495,4239
1689062991161,-333495,4239
1689062991163,-333495,4239
1689062991165,-333495,4239
1689062991169,-333495,4239
1689062991171,-333495,4239
1689062991172,-333495,4239
1689062991177,-333495,4239
1689062991180,-333495,4239
1689062991182,-333495,4239
1689062991185,-333495,4239
1689062991189,-333495,4239
1689062991191,-333495,4239
1689062991193,-333495,4239
1689062991194,-333495,4239
1689062991196,-333495,4239
1689062991200,-333495,4239
1689062991203,-333495,4239
1689062991205,-333495,4239
1689062991208,-333495,4239
1689062991213,-333495,4239
1689062991215,-333495,4239
1689062991217,-333495,4239
1689062991220,-333495,4239
1689062991223,-333495,4239
1689062991225,-333495,4239
1689062991227,-333495,4239
1689062991229,-333495,4239
1689062991231,-333495,4239
1689062991237,-333495,4239
1689062991239,-333495,4239
1689062991241,-333495,4239
1689062991243,-333495,4239
1689062991247,-333495,4239
1689062991251,-333495,4239
1689062991255,-333495,4239
1689062991258,-333495,4239
1689062991260,-333495,4239
1689062991261,-333495,4239
1689062991263,-333495,4239
1689062991266,-333495,4239
1689062991269,-333495,4239
1689062991271,-333495,4239
1689062991272,-333495,4239
1689062991274,-333495,4239
1689062991276,-333495,4239
1689062991281,-333495,4239
1689062991284,-333495,4239
1689062991287,-333495,4239
1689062991292,-333495,4239
1689062991295,-333495,4239
1689062991301,-333495,4239
1689062991304,-333495,4239
1689062991306,-333495,4239
1689062991308,-333495,4239
1689062991314,-333495,4239
1689062991319,-333495,4239
1689062991322,-333495,4239
1689062991324,-333495,4239
1689062991326,-333495,4239
1689062991328,-333495,4239
1689062991330,-333495,4239
1689062991334,-333495,4239
1689062991337,-333495,4239
1689062991339,-333495,4239
1689062991340,-333495,4239
1689062991345,-333495,4239
1689062991349,-333495,4239
1689062991352,-333495,4239
1689062991355,-333495,4239
1689062991358,-333495,4239
1689062991360,-333495,4239
1689062991362,-333495,4239
1689062991364,-333495,4239
1689062991370,-333495,4239
1689062991372,-333495,4239
1689062991374,-333495,4239
1689062991379,-333495,4239
1689062991382,-333495,4239
1689062991384,-333495,4239
1689062991388,-333495,4239
1689062991393,-333495,4239
1689062991396,-333495,4239
1689062991399,-333495,4239
1689062991401,-333495,4239
1689062991403,-333495,4239
1689062991405,-333495,4239
1689062991406,-333495,4239
1689062991408,-333495,4239
1689062991414,-237792,4239
1689062991416,-237792,4239
1689062991420,-237792,4239
1689062991422,-237792,4239
1689062991424,-237792,4239
1689062991425,-237792,4239
1689062991427,-237792,4239
1689062991429,-237792,4239
1689062991430,-237792,4239
1689062991434,-237792,4239
1689062991437,-237792,4239
1689062991439,-237792,4239
1689062991441,-237792,4239
1689062991447,-237792,4239
1689062991452,-237792,4239
1689062991456,-237792,4239
1689062991466,-237792,4239
1689062991469,-237792,4239
1689062991471,-237792,4239
1689062991472,-237792,4239
1689062991474,-237792,4239
1689062991475,-237792,4239
1689062991479,-237792,4239
1689062991481,-237792,4239
1689062991483,-237792,4239
1689062991485,-237792,4239
1689062991488,-237792,4239
1689062991492,-237792,4239
1689062991496,-237792,4239
1689062991498,-237792,4239
1689062991501,-237792,4239
1689062991503,-237792,4239
1689062991504,-237792,4239
1689062991506,-237792,4239
1689062991510,-237792,4239
1689062991514,-237792,4239
1689062991515,-237792,4239
1689062991519,-237792,4239
1689062991522,-237792,4239
1689062991526,-237792,4239
1689062991529,-237792,4239
1689062991531,-237792,4239
1689062991535,-237792,4239
1689062991538,-237792,4239
1689062991540,-237792,4239
1689062991546,-237792,4239
1689062991550,-237792,4239
1689062991552,-237792,4239
1689062991555,-237792,4239
1689062991557,-237792,4239
1689062991559,-237792,4239
1689062991561,-237792,4239
1689062991563,-237792,4239
1689062991564,-237792,4239
1689062991568,-237792,4239
1689062991570,-237792,4239
1689062991572,-237792,4239
1689062991573,-237792,4239
1689062991575,-237792,4239
1689062991576,-237792,4239
1689062991579,-237792,4239
1689062991581,-237792,4239
1689062991583,-237792,4239
1689062991585,-237792,4239
1689062991587,-237792,4239
1689062991590,-237792,4239
1689062991593,-237792,4239
1689062991595,-237792,4239
1689062991598,-237792,4239
1689062991603,-237792,4239
1689062991606,-237792,4239
1689062991612,-237792,4239
1689062991615,-237792,4239
1689062991618,-237792,4239
1689062991622,-237792,4239
1689062991624,-237792,4239
1689062991628,-237792,4239
1689062991630,-237792,4239
1689062991637,-237792,4239
1689062991640,-237792,4239
1689062991642,-237792,4239
1689062991648,-237792,4239
1689062991654,-237792,4239
1689062991659,-237792,4239
1689062991663,-237792,4239
1689062991665,-237792,4239
1689062991669,-237792,4239
1689062991672,-237792,4239
1689062991674,-237792,4239
1689062991675,-237792,4239
1689062991681,-237792,4239
1689062991684,-237792,4239
1689062991687,-237792,4239
1689062991690,-237792,4239
1689062991691,-237792,4239
1689062991693,-237792,4239
1689062991694,-237792,4239
1689062991695,-237792,4239
1689062991696,-237792,4239
1689062991702,-237792,4239
1689062991704,-237792,4239
1689062991705,-237792,4239
1689062991706,-237792,4239
1689062991708,-237792,4239
1689062991710,-237792,4239
1689062991713,-237792,4239
1689062991715,-237792,4239
1689062991716,-237792,4239
1689062991719,-237792,4239
1689062991721,-237792,4239
1689062991723,-237792,4239
1689062991724,-237792,4239
1689062991726,-237792,4239
1689062991727,-237792,4239
1689062991729,-237792,4239
1689062991730,-237792,4239
1689062991732,-237792,4239
1689062991739,-237792,4239
1689062991741,-237792,4239
1689062991743,-237792,4239
1689062991745,-237792,4239
1689062991748,-237792,4239
1689062991750,-237792,4239
1689062991753,-237792,4239
1689062991755,-237792,4239
1689062991757,-237792,4239
1689062991759,-237792,4239
1689062991761,-237792,4239
1689062991762,-237792,4239
1689062991764,-237792,4239
1689062991768,-237792,4239
1689062991770,-237792,4239
1689062991772,-237792,4239
1689062991773,-237792,4239
1689062991778,-237792,4239
1689062991780,-237792,4239
1689062991782,-237792,4239
1689062991785,-237792,4239
1689062991788,-237792,4239
1689062991792,-237792,4239
1689062991795,-237792,4239
1689062991796,-237792,4239
1689062991799,-237792,4239
1689062991801,-237792,4239
1689062991803,-237792,4239
1689062991805,-237792,4239
1689062991807,-237792,4239
1689062991813,-237792,4239
1689062991816,-237792,4239
1689062991820,-237792,4239
1689062991823,-237792,4239
1689062991825,-237792,4239
1689062991828,-237792,4239
1689062991830,-237792,4239
1689062991835,-237792,4239
1689062991838,-237792,4239
1689062991840,-237792,4239
1689062991842,-237792,4239
1689062991850,-237792,4239
1689062991853,-237792,4239
1689062991856,-237792,4239
1689062991859,-237792,4239
1689062991861,-237792,4239
1689062991863,-237792,4239
1689062991865,-237792,4239
1689062991869,-237792,4239
1689062991872,-237792,4239
1689062991875,-237792,4239
1689062991878,-237792,4239
1689062991881,-237792,4239
1689062991885,-237792,4239
1689062991892,-237792,4239
1689062991895,-237792,4239
1689062991897,-237792,4239
1689062991901,-237792,4239
1689062991904,-237792,4239
1689062991906,-237792,4239
1689062991908,-237792,4239
1689062991910,-237792,4239
1689062991914,-237792,4239
1689062991916,-237792,4239
1689062991919,-237792,4239
1689062991923,-237792,4239
1689062991925,-237792,4239
1689062991926,-237792,4239
1689062991928,-237792,4239
1689062991930,-237792,4239
1689062991931,-237792,4239
1689062991935,-237792,4239
1689062991937,-237792,4239
1689062991939,-237792,4239
1689062991940,-237792,4239
1689062991941,-237792,4239
1689062991942,-237792,4239
1689062991946,-237792,4239
1689062991949,-237792,4239
1689062991952,-237792,4239
1689062991954,-237792,4239
1689062991956,-237792,4239
1689062991958,-237792,4239
1689062991960,-237792,4239
1689062991961,-237792,4239
1689062991963,-237792,4239
1689062991965,-237792,4239
1689062991969,-237792,4239
1689062991971,-237792,4239
1689062991973,-237792,4239
1689062991975,-237792,4239
1689062991977,-237792,4239
1689062991981,-237792,4239
1689062991983,-237792,4239
1689062991985,-237792,4239
1689062991988,-237792,4239
1689062991990,-237792,4239
1689062991991,-237792,4239
1689062991992,-237792,4239
1689062991993,-237792,4239
1689062991995,-237792,4239
1689062991996,-237792,4239
1689062991998,-237792,4239
1689062992002,-237792,4239
1689062992003,-237792,4239
1689062992005,-237792,4239
1689062992006,-237792,4239
1689062992008,-237792,4239
1689062992012,-237792,4239
1689062992014,-237792,4239
1689062992015,-237792,4239
1689062992017,-237792,4239
1689062992020,-237792,4239
1689062992022,-237792,4239
1689062992025,-237792,4239
1689062992028,-237792,4239
1689062992029,-237792,4239
1689062992031,-237792,4239
1689062992032,-237792,4239
1689062992036,-237792,4239
1689062992037,-237792,4239
1689062992039,-237792,4239
1689062992040,-237792,4239
1689062992041,-237792,4239
1689062992044,-237792,4239
1689062992046,-237792,4239
1689062992048,-237792,4239
1689062992050,-237792,4239
1689062992051,-237792,4239
1689062992054,-237792,4239
1689062992055,-237792,4239
1689062992057,-237792,4239
1689062992058,-237792,4239
1689062992059,-237792,4239
1689062992061,-237792,4239
1689062992062,-237792,4239
1689062992063,-237792,4239
1689062992064,-237792,4239
1689062992065,-237792,4239
1689062992069,-237792,4239
1689062992070,-237792,4239
1689062992071,-237792,4239
1689062992072,-237792,4239
1689062992073,-237792,4239
1689062992074,-237792,4239
1689062992075,-237792,4239
1689062992079,-237792,4239
1689062992080,-237792,4239
1689062992082,-237792,4239
1689062992083,-237792,4239
1689062992085,-237792,4239
1689062992087,-237792,4239
1689062992089,-237792,4239
1689062992090,-237792,4239
1689062992091,-237792,4239
1689062992092,-237792,4239
1689062992093,-237792,4239
1689062992094,-237792,4239
1689062992096,-237792,4239
1689062992100,-237792,4239
1689062992101,-237792,4239
1689062992103,-237792,4239
1689062992104,-237792,4239
1689062992105,-237792,4239
1689062992106,-237792,4239
1689062992108,-237792,4239
1689062992110,-237792,4239
1689062992112,-237792,4239
1689062992113,-237792,4239
1689062992115,-237792,4239
1689062992116,-237792,4239
1689062992118,-237792,4239
1689062992121,-237792,4239
1689062992123,-237792,4239
1689062992124,-237792,4239
1689062992125,-237792,4239
1689062992126,-237792,4239
1689062992128,-237792,4239
1689062992130,-237792,4239
1689062992132,-237792,4239
1689062992135,-237792,4239
1689062992137,-237792,4239
1689062992139,-237792,4239
1689062992140,-237792,4239
1689062992142,-237792,4239
1689062992143,-237792,4239
1689062992144,-237792,4239
1689062992146,-237792,4239
1689062992151,-237792,4239
1689062992154,-237792,4239
1689062992158,-237792,4239
1689062992161,-237792,4239
1689062992162,-237792,4239
1689062992164,-237792,4239
1689062992165,-237792,4239
1689062992168,-237792,4239
1689062992170,-237792,4239
1689062992172,-237792,4239
1689062992173,-237792,4239
1689062992174,-237792,4239
1689062992175,-237792,4239
1689062992178,-237792,4239
1689062992181,-237792,4239
1689062992183,-237792,4239
1689062992185,-237792,4239
1689062992187,-237792,4239
1689062992189,-237792,4239
1689062992191,-237792,4239
1689062992192,-237792,4239
1689062992193,-237792,4239
1689062992194,-237792,4239
1689062992195,-237792,4239
1689062992196,-237792,4239
1689062992197,-237792,4239
1689062992199,-237792,4239
1689062992200,-237792,4239
1689062992202,-237792,4239
1689062992204,-237792,4239
1689062992205,-237792,4239
1689062992206,-237792,4239
1689062992207,-237792,4239
1689062992208,-237792,4239
1689062992209,-237792,4239
1689062992212,-237792,4239
1689062992214,-237792,4239
1689062992216,-237792,4239
1689062992217,-237792,4239
1689062992220,-237792,4239
1689062992221,-237792,4239
1689062992223,-237792,4239
1689062992224,-237792,4239
1689062992226,-237792,4239
1689062992228,-237792,4239
1689062992229,-237792,4239
1689062992231,-237792,4239
1689062992235,-237792,4239
1689062992238,-237792,4239
1689062992240,-237792,4239
1689062992241,-237792,4239
1689062992244,-237792,4239
1689062992247,-237792,4239
1689062992249,-237792,4239
1689062992251,-237792,4239
1689062992254,-237792,4239
1689062992259,-237792,4239
1689062992263,-237792,4239
1689062992265,-237792,4239
1689062992270,-237792,4239
1689062992273,-237792,4239
1689062992275,-237792,4239
1689062992278,-237792,4239
1689062992281,-237792,4239
1689062992285,-237792,4239
1689062992289,-237792,4239
1689062992292,-237792,4239
1689062992295,-237792,4239
1689062992297,-237792,4239
1689062992301,-237792,4239
1689062992304,-237792,4239
1689062992308,-237792,4239
1689062992309,-237792,4239
1689062992311,-237792,4239
1689062992313,-237792,4239
1689062992315,-237792,4239
1689062992316,-237792,4239
1689062992319,-237792,4239
1689062992323,-237792,4239
1689062992325,-237792,4239
1689062992328,-237792,4239
1689062992329,-237792,4239
1689062992331,-237792,4239
1689062992335,-237792,4239
1689062992339,-237792,4239
1689062992341,-237792,4239
1689062992346,-237792,4239
1689062992349,-237792,4239
1689062992351,-237792,4239
1689062992354,-237792,4239
1689062992356,-237792,4239
1689062992358,-237792,4239
1689062992360,-237792,4239
1689062992362,-237792,4239
1689062992364,-237792,4239
1689062992366,-237792,4239
1689062992369,-237792,4239
1689062992372,-237792,4239
1689062992374,-237792,4239
1689062992378,-237792,4239
1689062992385,-237792,4239
1689062992393,-237792,4239
1689062992397,-237792,4239
1689062992400,-237792,4239
1689062992403,-237792,4239
1689062992405,-237792,4239
1689062992408,-237792,4239
1689062992413,-237792,4239
1689062992416,-237792,4239
1689062992419,-237792,4239
1689062992422,-237792,4239
1689062992424,-237792,4239
1689062992426,-237792,4239
1689062992428,-237792,4239
1689062992430,-237792,4239
1689062992438,-237792,4239
1689062992441,-237792,4239
1689062992447,-237792,4239
1689062992451,-237792,4239
1689062992454,-237792,4239
1689062992456,-237792,4239
1689062992465,-237792,4239
1689062992468,-237792,4239
1689062992471,-237792,4239
1689062992473,-237792,4239
1689062992474,-237792,4239
1689062992475,-237792,4239
1689062992476,-237792,4239
1689062992478,-237792,4239
1689062992480,-237792,4239
1689062992482,-237792,4239
1689062992485,-237792,4239
1689062992487,-237792,4239
1689062992489,-237792,4239
1689062992491,-237792,4239
1689062992492,-237792,4239
1689062992493,-237792,4239
1689062992495,-237792,4239
1689062992496,-237792,4239
1689062992497,-237792,4239
1689062992500,-237792,4239
1689062992505,-237792,4239
1689062992508,-237792,4239
1689062992512,-237792,4239
1689062992515,-237792,4239
1689062992517,-237792,4239
1689062992520,-237792,4239
1689062992523,-237792,4239
1689062992525,-237792,4239
1689062992526,-237792,4239
1689062992528,-237792,4239
1689062992531,-237792,4239
1689062992534,-237792,4239
1689062992537,-237792,4239
1689062992539,-237792,4239
1689062992540,-237792,4239
1689062992541,-237792,4239
1689062992542,-237792,4239
1689062992543,-237792,4239
1689062992545,-237792,4239
1689062992546,-237792,4239
1689062992548,-237792,4239
1689062992549,-237792,4239
1689062992550,-237792,4239
1689062992552,-237792,4239
1689062992554,-237792,4239
1689062992555,-237792,4239
1689062992556,-237792,4239
1689062992558,-237792,4239
1689062992559,-237792,4239
1689062992560,-237792,4239
1689062992561,-237792,4239
1689062992562,-237792,4239
1689062992563,-237792,4239
1689062992564,-237792,4239
1689062992565,-237792,4239
1689062992566,-237792,4239
1689062992567,-237792,4239
1689062992569,-237792,4239
1689062992570,-237792,4239
1689062992571,-237792,4239
1689062992572,-237792,4239
1689062992573,-237792,4239
1689062992574,-237792,4239
1689062992575,-237792,4239
1689062992579,-237792,4239
1689062992580,-237792,4239
1689062992581,-237792,4239
1689062992582,-237792,4239
1689062992585,-237792,4239
1689062992587,-237792,4239
1689062992589,-237792,4239
1689062992590,-237792,4239
1689062992591,-237792,4239
1689062992592,-237792,4239
1689062992593,-237792,4239
1689062992594,-237792,4239
1689062992595,-237792,4239
1689062992596,-237792,4239
1689062992599,-237792,4239
1689062992602,-237792,4239
1689062992604,-237792,4239
1689062992605,-237792,4239
1689062992605,-237792,4239
1689062992606,-237792,4239
1689062992608,-237792,4239
1689062992610,-237792,4239
1689062992613,-237792,4239
1689062992615,-237792,4239
1689062992619,-237792,4239
1689062992622,-237792,4239
1689062992625,-237792,4239
1689062992628,-237792,4239
1689062992630,-237792,4239
1689062992632,-237792,4239
1689062992634,-237792,4239
1689062992636,-237792,4239
1689062992638,-237792,4239
1689062992640,-237792,4239
1689062992642,-237792,4239
1689062992643,-237792,4239
1689062992645,-237792,4239
1689062992648,-237792,4239
1689062992650,-237792,4239
1689062992652,-237792,4239
1689062992655,-237792,4239
1689062992657,-237792,4239
1689062992659,-237792,4239
1689062992660,-237792,4239
1689062992661,-237792,4239
1689062992662,-237792,4239
1689062992663,-237792,4239
1689062992665,-237792,4239
1689062992667,-237792,4239
1689062992671,-237792,4239
1689062992673,-237792,4239
1689062992674,-237792,4239
1689062992675,-237792,4239
1689062992676,-237792,4239
1689062992681,-237792,4239
1689062992685,-237792,4239
1689062992688,-237792,4239
1689062992690,-237792,4239
1689062992692,-237792,4239
1689062992693,-237792,4239
1689062992695,-237792,4239
1689062992697,-237792,4239
1689062992703,-237792,4239
1689062992705,-237792,4239
1689062992707,-237792,4239
1689062992713,-237792,4239
1689062992716,-237792,4239
1689062992719,-237792,4239
1689062992723,-237792,4239
1689062992724,-237792,4239
1689062992726,-237792,4239
1689062992727,-237792,4239
1689062992729,-237792,4239
1689062992731,-237792,4239
1689062992737,-237792,4239
1689062992740,-237792,4239
1689062992742,-237792,4239
1689062992746,-237792,4239
1689062992752,-237792,4239
1689062992757,-237792,4239
1689062992761,-237792,4239
1689062992764,-237792,4239
1689062992766,-237792,4239
1689062992770,-237792,4239
1689062992772,-237792,4239
1689062992774,-237792,4239
1689062992778,-237792,4239
1689062992781,-237792,4239
1689062992785,-237792,4239
1689062992789,-237792,4239
1689062992791,-237792,4239
1689062992793,-237792,4239
1689062992795,-237792,4239
1689062992796,-237792,4239
1689062992799,-237792,4239
1689062992804,-237792,4239
1689062992807,-237792,4239
1689062992809,-237792,4239
1689062992816,-237792,4239
1689062992819,-237792,4239
1689062992822,-237792,4239
1689062992825,-237792,4239
1689062992827,-237792,4239
1689062992829,-237792,4239
1689062992830,-237792,4239
1689062992832,-237792,4239
1689062992834,-237792,4239
1689062992836,-237792,4239
1689062992839,-237792,4239
1689062992841,-237792,4239
1689062992843,-237792,4239
1689062992845,-237792,4239
1689062992848,-237792,4239
1689062992851,-237792,4239
1689062992853,-237792,4239
1689062992856,-237792,4239
1689062992859,-237792,4239
1689062992861,-237792,4239
1689062992863,-237792,4239
1689062992865,-237792,4239
1689062992866,-237792,4239
1689062992870,-237792,4239
1689062992872,-237792,4239
1689062992874,-237792,4239
1689062992875,-237792,4239
1689062992876,-237792,4239
1689062992880,-237792,4239
1689062992883,-237792,4239
1689062992884,-237792,4239
1689062992887,-237792,4239
1689062992890,-231933,4239
1689062992891,-231933,4239
1689062992893,-231933,4239
1689062992894,-231933,4239
1689062992895,-231933,4239
1689062992896,-231933,4239
1689062992898,-231933,4239
1689062992899,-231933,4239
1689062992903,-231933,4239
1689062992905,-231933,4239
1689062992906,-231933,4239
1689062992909,-231933,4239
1689062992912,-231933,4239
1689062992915,-231933,4239
1689062992918,-231933,4239
1689062992921,-231933,4239
1689062992923,-231933,4239
1689062992924,-231933,4239
1689062992925,-231933,4239
1689062992927,-231933,4239
1689062992929,-231933,4239
1689062992930,-231933,4239
1689062992931,-231933,4239
1689062992932,-231933,4239
1689062992934,-231933,4239
1689062992936,-231933,4239
1689062992940,-231933,4239
1689062992941,-231933,4239
1689062992942,-231933,4239
1689062992945,-231933,4239
1689062992949,-231933,4239
1689062992951,-231933,4239
1689062992953,-231933,4239
1689062992955,-231933,4239
1689062992957,-231933,4239
1689062992959,-231933,4239
1689062992961,-231933,4239
1689062992962,-231933,4239
1689062992964,-231933,4239
1689062992966,-231933,4239
1689062992968,-231933,4239
1689062992970,-231933,4239
1689062992972,-231933,4239
1689062992974,-231933,4239
1689062992977,-231933,4239
1689062992979,-231933,4239
1689062992983,-231933,4239
1689062992986,-231933,4239
1689062992989,-231933,4239
1689062992993,-231933,4239
1689062992995,-231933,4239
1689062992998,-231933,4239
1689062993000,-231933,4239
1689062993007,-231933,4239
1689062993015,-231933,4239
1689062993022,-231933,4239
1689062993025,-231933,4239
1689062993027,-231933,4239
1689062993029,-231933,4239
1689062993030,-231933,4239
1689062993031,-231933,4239
1689062993032,-231933,4239
1689062993034,-231933,4239
1689062993037,-231933,4239
1689062993048,-231933,4239
1689062993052,-231933,4239
1689062993054,-231933,4239
1689062993056,-231933,4239
1689062993057,-231933,4239
1689062993059,-231933,4239
1689062993061,-231933,4239
1689062993063,-231933,4239
1689062993064,-231933,4239
1689062993066,-231933,4239
1689062993069,-231933,4239
1689062993071,-231933,4239
1689062993073,-231933,4239
1689062993074,-231933,4239
1689062993075,-231933,4239
1689062993077,-231933,4239
1689062993080,-231933,4239
1689062993082,-231933,4239
1689062993085,-231933,4239
1689062993088,-231933,4239
1689062993090,-231933,4239
1689062993092,-231933,4239
1689062993094,-231933,4239
1689062993095,-231933,4239
1689062993098,-231933,4239
1689062993102,-231933,4239
1689062993105,-231933,4239
1689062993107,-231933,4239
1689062993109,-231933,4239
1689062993110,-231933,4239
1689062993114,-231933,4239
1689062993116,-231933,4239
1689062993119,-231933,4239
1689062993122,-231933,4239
1689062993125,-231933,4239
1689062993128,-231933,4239
1689062993130,-231933,4239
1689062993132,-231933,4239
1689062993138,-231933,4239
1689062993140,-231933,4239
1689062993141,-231933,4239
1689062993143,-231933,4239
1689062993145,-231933,4239
1689062993147,-231933,4239
1689062993150,-231933,4239
1689062993152,-231933,4239
1689062993156,-231933,4239
1689062993158,-231933,4239
1689062993160,-231933,4239
1689062993161,-231933,4239
1689062993163,-231933,4239
1689062993165,-231933,4239
1689062993166,-231933,4239
1689062993169,-231933,4239
1689062993171,-231933,4239
1689062993172,-231933,4239
1689062993174,-231933,4239
1689062993176,-231933,4239
1689062993177,-231933,4239
1689062993180,-231933,4239
1689062993182,-231933,4239
1689062993184,-231933,4239
1689062993188,-231933,4239
1689062993190,-231933,4239
1689062993191,-231933,4239
1689062993192,-231933,4239
1689062993193,-231933,4239
1689062993194,-231933,4239
1689062993195,-231933,4239
1689062993197,-231933,4239
1689062993200,-231933,4239
1689062993203,-231933,4239
1689062993205,-231933,4239
1689062993206,-231933,4239
1689062993208,-231933,4239
1689062993209,-231933,4239
1689062993215,-231933,4239
1689062993218,-231933,4239
1689062993221,-231933,4239
1689062993223,-231933,4239
1689062993224,-231933,4239
1689062993226,-231933,4239
1689062993228,-231933,4239
1689062993230,-231933,4239
1689062993233,-231933,4239
1689062993238,-231933,4239
1689062993241,-231933,4239
1689062993243,-231933,4239
1689062993248,-231933,4239
1689062993250,-231933,4239
1689062993253,-231933,4239
1689062993255,-231933,4239
1689062993259,-231933,4239
1689062993262,-231933,4239
1689062993264,-231933,4239
1689062993266,-231933,4239
1689062993270,-231933,4239
1689062993272,-231933,4239
1689062993274,-231933,4239
1689062993275,-231933,4239
1689062993279,-231933,4239
1689062993283,-231933,4239
1689062993285,-231933,4239
1689062993289,-231933,4239
1689062993290,-231933,4239
1689062993292,-231933,4239
1689062993293,-231933,4239
1689062993294,-231933,4239
1689062993296,-231933,4239
1689062993298,-231933,4239
1689062993299,-231933,4239
1689062993303,-231933,4239
1689062993305,-231933,4239
1689062993307,-231933,4239
1689062993309,-231933,4239
1689062993314,-231933,4239
1689062993317,-231933,4239
1689062993321,-231933,4239
1689062993322,-231933,4239
1689062993324,-231933,4239
1689062993326,-231933,4239
1689062993328,-231933,4239
1689062993329,-231933,4239
1689062993331,-231933,4239
1689062993333,-231933,4239
1689062993338,-231933,4239
1689062993340,-231933,4239
1689062993342,-231933,4239
1689062993346,-231933,4239
1689062993349,-231933,4239
1689062993352,-231933,4239
1689062993354,-231933,4239
1689062993358,-231933,4239
1689062993361,-231933,4239
1689062993363,-231933,4239
1689062993365,-231933,4239
1689062993369,-231933,4239
1689062993371,-231933,4239
1689062993373,-231933,4239
1689062993375,-231933,4239
1689062993376,-231933,4239
1689062993379,-231933,4239
1689062993382,-231933,4239
1689062993384,-231933,4239
1689062993387,-231933,4239
1689062993390,-231933,4239
1689062993392,-231933,4239
1689062993393,-231933,4239
1689062993394,-231933,4239
1689062993396,-231933,4239
1689062993398,-231933,4239
1689062993400,-231933,4239
1689062993403,-231933,4239
1689062993406,-231933,4239
1689062993408,-231933,4239
1689062993409,-231933,4239
1689062993410,-231933,4239
1689062993415,-231933,4239
1689062993418,-231933,4239
1689062993421,-231933,4239
1689062993422,-231933,4239
1689062993424,-231933,4239
1689062993425,-231933,4239
1689062993426,-231933,4239
1689062993427,-231933,4239
1689062993429,-231933,4239
1689062993430,-231933,4239
1689062993432,-231933,4239
1689062993436,-231933,4239
1689062993439,-231933,4239
1689062993440,-231933,4239
1689062993442,-231933,4239
1689062993443,-231933,4239
1689062993448,-231933,4239
1689062993452,-231933,4239
1689062993454,-231933,4239
1689062993456,-231933,4239
1689062993458,-231933,4239
1689062993461,-231933,4239
1689062993462,-231933,4239
1689062993464,-231933,4239
1689062993466,-231933,4239
1689062993472,-231933,4239
1689062993475,-231933,4239
1689062993478,-231933,4239
1689062993482,-231933,4239
1689062993488,-231933,4239
1689062993495,-231933,4239
1689062993499,-231933,4239
1689062993506,-231933,4239
1689062993510,-231933,4239
1689062993513,-231933,4239
1689062993518,-231933,4239
1689062993525,-231933,4239
1689062993529,-231933,4239
1689062993532,-231933,4239
1689062993539,-231933,4239
1689062993543,-231933,4239
1689062993550,-231933,4239
1689062993553,-231933,4239
1689062993555,-231933,4239
1689062993557,-231933,4239
1689062993559,-231933,4239
1689062993560,-231933,4239
1689062993561,-231933,4239
1689062993562,-231933,4239
1689062993563,-231933,4239
1689062993565,-231933,4239
1689062993566,-231933,4239
1689062993570,-231933,4239
1689062993573,-231933,4239
1689062993574,-231933,4239
1689062993576,-231933,4239
1689062993580,-231933,4239
1689062993583,-231933,4239
1689062993585,-231933,4239
1689062993588,-231933,4239
1689062993591,-231933,4239
1689062993593,-231933,4239
1689062993594,-231933,4239
1689062993596,-231933,4239
1689062993598,-231933,4239
1689062993600,-231933,4239
1689062993605,-231933,4239
1689062993606,-231933,4239
1689062993609,-231933,4239
1689062993610,-231933,4239
1689062993614,-231933,4239
1689062993617,-231933,4239
1689062993620,-231933,4239
1689062993623,-231933,4239
1689062993625,-231933,4239
1689062993628,-231933,4239
1689062993630,-231933,4239
1689062993631,-231933,4239
1689062993633,-231933,4239
1689062993634,-231933,4239
1689062993636,-231933,4239
1689062993638,-231933,4239
1689062993639,-231933,4239
1689062993641,-231933,4239
1689062993642,-231933,4239
1689062993646,-231933,4239
1689062993650,-231933,4239
1689062993652,-231933,4239
1689062993654,-231933,4239
1689062993656,-231933,4239
1689062993658,-231933,4239
1689062993660,-231933,4239
1689062993661,-231933,4239
1689062993663,-231933,4239
1689062993665,-231933,4239
1689062993667,-231933,4239
1689062993672,-231933,4239
1689062993674,-231933,4239
1689062993677,-231933,4239
1689062993682,-231933,4239
1689062993686,-231933,4239
1689062993689,-231933,4239
1689062993691,-231933,4239
1689062993694,-231933,4239
1689062993696,-231933,4239
1689062993700,-231933,4239
1689062993703,-231933,4239
1689062993706,-231933,4239
1689062993709,-231933,4239
1689062993710,-231933,4239
1689062993715,-231933,4239
1689062993720,-231933,4239
1689062993723,-231933,4239
1689062993725,-231933,4239
1689062993726,-231933,4239
1689062993728,-231933,4239
1689062993731,-231933,4239
1689062993733,-231933,4239
1689062993735,-231933,4239
1689062993737,-231933,4239
1689062993740,-231933,4239
1689062993741,-231933,4239
1689062993743,-231933,4239
1689062993745,-231933,4239
1689062993749,-231933,4239
1689062993753,-231933,4239
1689062993759,-231933,4239
1689062993763,-231933,4239
1689062993765,-231933,4239
1689062993767,-231933,4239
1689062993771,-231933,4239
1689062993773,-231933,4239
1689062993775,-231933,4239
1689062993777,-231933,4239
1689062993782,-231933,4239
1689062993785,-231933,4239
1689062993788,-231933,4239
1689062993791,-231933,4239
1689062993792,-231933,4239
1689062993793,-231933,4239
1689062993794,-231933,4239
1689062993795,-231933,4239
1689062993797,-231933,4239
1689062993798,-231933,4239
1689062993800,-231933,4239
1689062993804,-231933,4239
1689062993806,-231933,4239
1689062993808,-231933,4239
1689062993810,-231933,4239
1689062993811,-231933,4239
1689062993815,-231933,4239
1689062993820,-231933,4239
1689062993822,-231933,4239
1689062993823,-231933,4239
1689062993825,-231933,4239
1689062993826,-231933,4239
1689062993828,-231933,4239
1689062993830,-231933,4239
1689062993831,-231933,4239
1689062993833,-231933,4239
1689062993835,-231933,4239
1689062993839,-231933,4239
1689062993842,-231933,4239
1689062993843,-231933,4239
1689062993845,-231933,4239
1689062993848,-231933,4239
1689062993850,-231933,4239
1689062993852,-231933,4239
1689062993855,-231933,4239
1689062993857,-231933,4239
1689062993859,-231933,4239
1689062993860,-231933,4239
1689062993861,-231933,4239
1689062993862,-231933,4239
1689062993863,-231933,4239
1689062993865,-231933,4239
1689062993867,-231933,4239
1689062993869,-231933,4239
1689062993871,-231933,4239
1689062993873,-231933,4239
1689062993875,-231933,4239
1689062993876,-231933,4239
1689062993882,-231933,4239
1689062993885,-231933,4239
1689062993887,-231933,4239
1689062993889,-231933,4239
1689062993892,-231933,4239
1689062993895,-231933,4239
1689062993897,-231933,4239
1689062993898,-231933,4239
1689062993900,-231933,4239
1689062993901,-231933,4239
1689062993905,-231933,4239
1689062993908,-231933,4239
1689062993910,-231933,4239
1689062993916,-231933,4239
1689062993920,-231933,4239
1689062993923,-231933,4239
1689062993925,-231933,4239
1689062993927,-231933,4239
1689062993929,-231933,4239
1689062993932,-231933,4239
1689062993934,-231933,4239
1689062993941,-231933,4239
1689062993943,-231933,4239
1689062993948,-231933,4239
1689062993952,-231933,4239
1689062993956,-231933,4239
1689062993959,-231933,4239
1689062993962,-231933,4239
1689062993965,-231933,4239
1689062993970,-231933,4239
1689062993973,-231933,4239
1689062993976,-231933,4239
1689062993984,-231933,4239
1689062993988,-231933,4239
1689062993992,-231933,4239
1689062993995,-231933,4239
1689062993997,-231933,4239
1689062993998,-231933,4239
1689062994000,-231933,4239
1689062994001,-231933,4239
1689062994005,-231933,4239
1689062994007,-231933,4239
1689062994009,-231933,4239
1689062994010,-231933,4239
1689062994015,-231933,4239
1689062994019,-231933,4239
1689062994021,-231933,4239
1689062994023,-231933,4239
1689062994025,-231933,4239
1689062994026,-231933,4239
1689062994028,-231933,4239
1689062994030,-231933,4239
1689062994032,-231933,4239
1689062994033,-231933,4239
1689062994038,-231933,4239
1689062994040,-231933,4239
1689062994041,-231933,4239
1689062994043,-231933,4239
1689062994052,-231933,4239
1689062994055,-231933,4239
1689062994056,-231933,4239
1689062994058,-231933,4239
1689062994059,-231933,4239
1689062994061,-231933,4239
1689062994062,-231933,4239
1689062994063,-231933,4239
1689062994064,-231933,4239
1689062994066,-231933,4239
1689062994068,-231933,4239
1689062994070,-231933,4239
1689062994072,-231933,4239
1689062994073,-231933,4239
1689062994075,-231933,4239
1689062994076,-231933,4239
1689062994077,-231933,4239
1689062994083,-231933,4239
1689062994087,-231933,4239
1689062994089,-231933,4239
1689062994091,-231933,4239
1689062994092,-231933,4239
1689062994093,-231933,4239
1689062994095,-231933,4239
1689062994096,-231933,4239
1689062994098,-231933,4239
1689062994100,-231933,4239
1689062994104,-231933,4239
1689062994106,-231933,4239
1689062994107,-231933,4239
1689062994109,-231933,4239
1689062994116,-231933,4239
1689062994120,-231933,4239
1689062994122,-231933,4239
1689062994125,-231933,4239
1689062994128,-231933,4239
1689062994129,-231933,4239
1689062994130,-231933,4239
1689062994132,-231933,4239
1689062994133,-231933,4239
1689062994137,-231933,4239
1689062994139,-231933,4239
1689062994140,-231933,4239
1689062994142,-231933,4239
1689062994143,-231933,4239
1689062994148,-231933,4239
1689062994150,-231933,4239
1689062994153,-231933,4239
1689062994155,-231933,4239
1689062994157,-231933,4239
1689062994158,-231933,4239
1689062994159,-231933,4239
1689062994160,-231933,4239
1689062994162,-231933,4239
1689062994162,-231933,4239
1689062994164,-231933,4239
1689062994165,-231933,4239
1689062994166,-231933,4239
1689062994171,-231933,4239
1689062994172,-231933,4239
1689062994174,-231933,4239
1689062994179,-231933,4239
1689062994181,-231933,4239
1689062994183,-231933,4239
1689062994186,-231933,4239
1689062994188,-231933,4239
1689062994189,-231933,4239
1689062994190,-231933,4239
1689062994191,-231933,4239
1689062994192,-231933,4239
1689062994194,-231933,4239
1689062994195,-231933,4239
1689062994198,-231933,4239
1689062994202,-231933,4239
1689062994205,-231933,4239
1689062994207,-231933,4239
1689062994215,-231933,4239
1689062994219,-231933,4239
1689062994222,-231933,4239
1689062994225,-231933,4239
1689062994232,-231933,4239
1689062994237,-231933,4239
1689062994243,-231933,4239
1689062994247,-231933,4239
1689062994250,-231933,4239
1689062994255,-231933,4239
1689062994257,-231933,4239
1689062994259,-231933,4239
1689062994262,-231933,4239
1689062994264,-231933,4239
1689062994267,-231933,4239
1689062994270,-231933,4239
1689062994272,-231933,4239
1689062994273,-231933,4239
1689062994275,-231933,4239
1689062994277,-231933,4239
1689062994280,-231933,4239
1689062994283,-231933,4239
1689062994287,-231933,4239
1689062994290,-231933,4239
1689062994292,-231933,4239
1689062994293,-231933,4239
1689062994295,-231933,4239
1689062994296,-231933,4239
1689062994298,-231933,4239
1689062994301,-231933,4239
1689062994303,-231933,4239
1689062994305,-231933,4239
1689062994307,-231933,4239
1689062994308,-231933,4239
1689062994310,-231933,4239
1689062994311,-231933,4239
1689062994312,-231933,4239
1689062994314,-231933,4239
1689062994315,-231933,4239
1689062994317,-231933,4239
1689062994321,-231933,4239
1689062994324,-231933,4239
1689062994327,-231933,4239
1689062994329,-231933,4239
1689062994331,-231933,4239
1689062994333,-231933,4239
1689062994336,-231933,4239
1689062994339,-231933,4239
1689062994341,-231933,4239
1689062994343,-231933,4239
1689062994353,-231933,4239
1689062994357,-231933,4239
1689062994360,-231933,4239
1689062994362,-231933,4239
1689062994364,-231933,4239
1689062994366,-231933,4239
1689062994370,-271972,4239
1689062994373,-271972,4239
1689062994375,-271972,4239
1689062994377,-271972,4239
1689062994381,-271972,4239
1689062994384,-271972,4239
1689062994386,-271972,4239
1689062994389,-271972,4239
1689062994392,-271972,4239
1689062994394,-271972,4239
1689062994396,-271972,4239
1689062994400,-271972,4239
1689062994406,-271972,4239
1689062994409,-271972,4239
1689062994412,-271972,4239
1689062994421,-271972,4239
1689062994425,-271972,4239
1689062994428,-271972,4239
1689062994431,-271972,4239
1689062994433,-271972,4239
1689062994434,-271972,4239
1689062994435,-271972,4239
1689062994437,-271972,4239
1689062994439,-271972,4239
1689062994440,-271972,4239
1689062994441,-271972,4239
1689062994442,-271972,4239
1689062994443,-271972,4239
1689062994444,-271972,4239
1689062994445,-271972,4239
1689062994447,-271972,4239
1689062994450,-271972,4239
1689062994452,-271972,4239
1689062994454,-271972,4239
1689062994456,-271972,4239
1689062994458,-271972,4239
1689062994460,-271972,4239
1689062994461,-271972,4239
1689062994463,-271972,4239
1689062994464,-271972,4239
1689062994466,-271972,4239
1689062994469,-271972,4239
1689062994472,-271972,4239
1689062994474,-271972,4239
1689062994476,-271972,4239
1689062994479,-271972,4239
1689062994483,-271972,4239
1689062994486,-271972,4239
1689062994489,-271972,4239
1689062994491,-271972,4239
1689062994494,-271972,4239
1689062994496,-271972,4239
1689062994498,-271972,4239
1689062994500,-271972,4239
1689062994504,-271972,4239
1689062994508,-271972,4239
1689062994519,-271972,4239
1689062994530,-271972,4239
1689062994532,-271972,4239
1689062994534,-271972,4239
1689062994537,-271972,4239
1689062994546,-271972,4239
1689062994554,-271972,4239
1689062994558,-271972,4239
1689062994561,-271972,4239
1689062994563,-271972,4239
1689062994566,-271972,4239
1689062994570,-271972,4239
1689062994573,-271972,4239
1689062994574,-271972,4239
1689062994576,-271972,4239
1689062994578,-271972,4239
1689062994579,-271972,4239
1689062994584,-271972,4239
1689062994588,-271972,4239
1689062994590,-271972,4239
1689062994592,-271972,4239
1689062994596,-271972,4239
1689062994598,-271972,4239
1689062994601,-271972,4239
1689062994604,-271972,4239
1689062994606,-271972,4239
1689062994608,-271972,4239
1689062994610,-271972,4239
1689062994613,-271972,4239
1689062994616,-271972,4239
1689062994619,-271972,4239
1689062994621,-271972,4239
1689062994623,-271972,4239
1689062994625,-271972,4239
1689062994626,-271972,4239
1689062994628,-271972,4239
1689062994630,-271972,4239
1689062994634,-271972,4239
1689062994636,-271972,4239
1689062994640,-271972,4239
1689062994642,-271972,4239
1689062994643,-271972,4239
1689062994644,-271972,4239
1689062994645,-271972,4239
1689062994646,-271972,4239
1689062994652,-271972,4239
1689062994654,-271972,4239
1689062994656,-271972,4239
1689062994660,-271972,4239
1689062994662,-271972,4239
1689062994666,-271972,4239
1689062994672,-271972,4239
1689062994674,-271972,4239
1689062994677,-271972,4239
1689062994681,-271972,4239
1689062994686,-271972,4239
1689062994690,-271972,4239
1689062994691,-271972,4239
1689062994693,-271972,4239
1689062994694,-271972,4239
1689062994696,-271972,4239
1689062994698,-271972,4239
1689062994700,-271972,4239
1689062994701,-271972,4239
1689062994702,-271972,4239
1689062994704,-271972,4239
1689062994706,-271972,4239
1689062994708,-271972,4239
1689062994709,-271972,4239
1689062994711,-271972,4239
1689062994712,-271972,4239
1689062994714,-271972,4239
1689062994717,-271972,4239
1689062994719,-271972,4239
1689062994722,-271972,4239
1689062994724,-271972,4239
1689062994726,-271972,4239
1689062994727,-271972,4239
1689062994729,-271972,4239
1689062994731,-271972,4239
1689062994732,-271972,4239
1689062994734,-271972,4239
1689062994739,-271972,4239
1689062994741,-271972,4239
1689062994742,-271972,4239
1689062994743,-271972,4239
1689062994745,-271972,4239
1689062994752,-271972,4239
1689062994755,-271972,4239
1689062994759,-271972,4239
1689062994761,-271972,4239
1689062994763,-271972,4239
1689062994765,-271972,4239
1689062994766,-271972,4239
1689062994771,-271972,4239
1689062994773,-271972,4239
1689062994775,-271972,4239
1689062994777,-271972,4239
1689062994781,-271972,4239
1689062994783,-271972,4239
1689062994785,-271972,4239
1689062994789,-271972,4239
1689062994792,-271972,4239
1689062994793,-271972,4239
1689062994795,-271972,4239
1689062994796,-271972,4239
1689062994798,-271972,4239
1689062994800,-271972,4239
1689062994802,-271972,4239
1689062994805,-271972,4239
1689062994807,-271972,4239
1689062994809,-271972,4239
1689062994811,-271972,4239
1689062994812,-271972,4239
1689062994815,-271972,4239
1689062994818,-271972,4239
1689062994821,-271972,4239
1689062994824,-271972,4239
1689062994825,-271972,4239
1689062994828,-271972,4239
1689062994829,-271972,4239
1689062994831,-271972,4239
1689062994832,-271972,4239
1689062994833,-271972,4239
1689062994834,-271972,4239
1689062994837,-271972,4239
1689062994840,-271972,4239
1689062994841,-271972,4239
1689062994843,-271972,4239
1689062994844,-271972,4239
1689062994845,-271972,4239
1689062994846,-271972,4239
1689062994850,-271972,4239
1689062994853,-271972,4239
1689062994855,-271972,4239
1689062994857,-271972,4239
1689062994860,-271972,4239
1689062994861,-271972,4239
1689062994863,-271972,4239
1689062994865,-271972,4239
1689062994866,-271972,4239
1689062994872,-271972,4239
1689062994874,-271972,4239
1689062994876,-271972,4239
1689062994878,-271972,4239
1689062994884,-271972,4239
1689062994888,-271972,4239
1689062994892,-271972,4239
1689062994895,-271972,4239
1689062994898,-271972,4239
1689062994900,-271972,4239
1689062994906,-271972,4239
1689062994909,-271972,4239
1689062994910,-271972,4239
1689062994911,-271972,4239
1689062994915,-271972,4239
1689062994919,-271972,4239
1689062994922,-271972,4239
1689062994924,-271972,4239
1689062994925,-271972,4239
1689062994926,-271972,4239
1689062994928,-271972,4239
1689062994930,-271972,4239
1689062994931,-271972,4239
1689062994932,-271972,4239
1689062994934,-271972,4239
1689062994935,-271972,4239
1689062994939,-271972,4239
1689062994941,-271972,4239
1689062994942,-271972,4239
1689062994943,-271972,4239
1689062994944,-271972,4239
1689062994945,-271972,4239
1689062994949,-271972,4239
1689062994952,-271972,4239
1689062994955,-271972,4239
1689062994956,-271972,4239
1689062994959,-271972,4239
1689062994960,-271972,4239
1689062994961,-271972,4239
1689062994962,-271972,4239
1689062994963,-271972,4239
1689062994964,-271972,4239
1689062994966,-271972,4239
1689062994969,-271972,4239
1689062994971,-271972,4239
1689062994972,-271972,4239
1689062994974,-271972,4239
1689062994975,-271972,4239
1689062994976,-271972,4239
1689062994978,-271972,4239
1689062994980,-271972,4239
1689062994982,-271972,4239
1689062994985,-271972,4239
1689062994987,-271972,4239
1689062994989,-271972,4239
1689062994990,-271972,4239
1689062994991,-271972,4239
1689062994993,-271972,4239
1689062994994,-271972,4239
1689062994996,-271972,4239
1689062994997,-271972,4239
1689062994998,-271972,4239
1689062995000,-271972,4239
1689062995001,-271972,4239
1689062995005,-271972,4239
1689062995007,-271972,4239
1689062995009,-271972,4239
1689062995015,-271972,4239
1689062995018,-271972,4239
1689062995022,-271972,4239
1689062995024,-271972,4239
1689062995027,-271972,4239
1689062995030,-271972,4239
1689062995033,-271972,4239
1689062995035,-271972,4239
1689062995041,-271972,4239
1689062995043,-271972,4239
1689062995045,-271972,4239
1689062995048,-271972,4239
1689062995054,-271972,4239
1689062995058,-271972,4239
1689062995060,-271972,4239
1689062995063,-271972,4239
1689062995071,-271972,4239
1689062995079,-271972,4239
1689062995083,-271972,4239
1689062995087,-271972,4239
1689062995089,-271972,4239
1689062995091,-271972,4239
1689062995096,-271972,4239
1689062995099,-271972,4239
1689062995101,-271972,4239
1689062995105,-271972,4239
1689062995108,-271972,4239
1689062995110,-271972,4239
1689062995111,-271972,4239
1689062995115,-271972,4239
1689062995117,-271972,4239
1689062995120,-271972,4239
1689062995122,-271972,4239
1689062995123,-271972,4239
1689062995124,-271972,4239
1689062995126,-271972,4239
1689062995127,-271972,4239
1689062995129,-271972,4239
1689062995130,-271972,4239
1689062995131,-271972,4239
1689062995132,-271972,4239
1689062995134,-271972,4239
1689062995135,-271972,4239
1689062995140,-271972,4239
1689062995141,-271972,4239
1689062995142,-271972,4239
1689062995143,-271972,4239
1689062995144,-271972,4239
1689062995147,-271972,4239
1689062995151,-271972,4239
1689062995153,-271972,4239
1689062995156,-271972,4239
1689062995159,-271972,4239
1689062995161,-271972,4239
1689062995162,-271972,4239
1689062995163,-271972,4239
1689062995164,-271972,4239
1689062995165,-271972,4239
1689062995167,-271972,4239
1689062995169,-271972,4239
1689062995171,-271972,4239
1689062995172,-271972,4239
1689062995173,-271972,4239
1689062995174,-271972,4239
1689062995175,-271972,4239
1689062995177,-271972,4239
1689062995178,-271972,4239
1689062995180,-271972,4239
1689062995182,-271972,4239
1689062995183,-271972,4239
1689062995185,-271972,4239
1689062995188,-271972,4239
1689062995189,-271972,4239
1689062995190,-271972,4239
1689062995191,-271972,4239
1689062995192,-271972,4239
1689062995193,-271972,4239
1689062995195,-271972,4239
1689062995196,-271972,4239
1689062995197,-271972,4239
1689062995198,-271972,4239
1689062995200,-271972,4239
1689062995201,-271972,4239
1689062995203,-271972,4239
1689062995205,-271972,4239
1689062995207,-271972,4239
1689062995208,-271972,4239
1689062995209,-271972,4239
1689062995210,-271972,4239
1689062995211,-271972,4239
1689062995216,-271972,4239
1689062995219,-271972,4239
1689062995221,-271972,4239
1689062995222,-271972,4239
1689062995224,-271972,4239
1689062995225,-271972,4239
1689062995226,-271972,4239
1689062995227,-271972,4239
1689062995228,-271972,4239
1689062995230,-271972,4239
1689062995231,-271972,4239
1689062995232,-271972,4239
1689062995233,-271972,4239
1689062995234,-271972,4239
1689062995235,-271972,4239
1689062995237,-271972,4239
1689062995239,-271972,4239
1689062995240,-271972,4239
1689062995241,-271972,4239
1689062995243,-271972,4239
1689062995244,-271972,4239
1689062995245,-271972,4239
1689062995246,-271972,4239
1689062995248,-271972,4239
1689062995250,-271972,4239
1689062995252,-271972,4239
1689062995254,-271972,4239
1689062995256,-271972,4239
1689062995258,-271972,4239
1689062995260,-271972,4239
1689062995261,-271972,4239
1689062995262,-271972,4239
1689062995264,-271972,4239
1689062995265,-271972,4239
1689062995267,-271972,4239
1689062995271,-271972,4239
1689062995273,-271972,4239
1689062995274,-271972,4239
1689062995276,-271972,4239
1689062995277,-271972,4239
1689062995282,-271972,4239
1689062995286,-271972,4239
1689062995288,-271972,4239
1689062995290,-271972,4239
1689062995292,-271972,4239
1689062995294,-271972,4239
1689062995296,-271972,4239
1689062995298,-271972,4239
1689062995299,-271972,4239
1689062995301,-271972,4239
1689062995305,-271972,4239
1689062995307,-271972,4239
1689062995309,-271972,4239
1689062995310,-271972,4239
1689062995316,-271972,4239
1689062995321,-271972,4239
1689062995323,-271972,4239
1689062995325,-271972,4239
1689062995327,-271972,4239
1689062995329,-271972,4239
1689062995330,-271972,4239
1689062995332,-271972,4239
1689062995334,-271972,4239
1689062995339,-271972,4239
1689062995342,-271972,4239
1689062995344,-271972,4239
1689062995345,-271972,4239
1689062995348,-271972,4239
1689062995353,-271972,4239
1689062995356,-271972,4239
1689062995361,-271972,4239
1689062995363,-271972,4239
1689062995365,-271972,4239
1689062995367,-271972,4239
1689062995369,-271972,4239
1689062995371,-271972,4239
1689062995373,-271972,4239
1689062995374,-271972,4239
1689062995375,-271972,4239
1689062995376,-271972,4239
1689062995378,-271972,4239
1689062995382,-271972,4239
1689062995387,-271972,4239
1689062995390,-271972,4239
1689062995392,-271972,4239
1689062995393,-271972,4239
1689062995394,-271972,4239
1689062995395,-271972,4239
1689062995397,-271972,4239
1689062995399,-271972,4239
1689062995401,-271972,4239
1689062995402,-271972,4239
1689062995404,-271972,4239
1689062995406,-271972,4239
1689062995408,-271972,4239
1689062995410,-271972,4239
1689062995411,-271972,4239
1689062995412,-271972,4239
1689062995417,-271972,4239
1689062995421,-271972,4239
1689062995423,-271972,4239
1689062995424,-271972,4239
1689062995425,-271972,4239
1689062995426,-271972,4239
1689062995428,-271972,4239
1689062995451,-271972,4239
1689062995455,-271972,4239
1689062995456,-271972,4239
1689062995458,-271972,4239
1689062995459,-271972,4239
1689062995460,-271972,4239
1689062995462,-271972,4239
1689062995463,-271972,4239
1689062995464,-271972,4239
1689062995465,-271972,4239
1689062995467,-271972,4239
1689062995470,-271972,4239
1689062995473,-271972,4239
1689062995474,-271972,4239
1689062995476,-271972,4239
1689062995477,-271972,4239
1689062995479,-271972,4239
1689062995485,-271972,4239
1689062995488,-271972,4239
1689062995489,-271972,4239
1689062995491,-271972,4239
1689062995492,-271972,4239
1689062995493,-271972,4239
1689062995494,-271972,4239
1689062995495,-271972,4239
1689062995496,-271972,4239
1689062995498,-271972,4239
1689062995499,-271972,4239
1689062995501,-271972,4239
1689062995502,-271972,4239
1689062995505,-271972,4239
1689062995507,-271972,4239
1689062995509,-271972,4239
1689062995511,-271972,4239
1689062995513,-271972,4239
1689062995516,-271972,4239
1689062995519,-271972,4239
1689062995521,-271972,4239
1689062995523,-271972,4239
1689062995525,-271972,4239
1689062995526,-271972,4239
1689062995528,-271972,4239
1689062995529,-271972,4239
1689062995530,-271972,4239
1689062995532,-271972,4239
1689062995533,-271972,4239
1689062995535,-271972,4239
1689062995537,-271972,4239
1689062995539,-271972,4239
1689062995541,-271972,4239
1689062995542,-271972,4239
1689062995543,-271972,4239
1689062995544,-271972,4239
1689062995545,-271972,4239
1689062995546,-271972,4239
1689062995549,-271972,4239
1689062995553,-271972,4239
1689062995556,-271972,4239
1689062995558,-271972,4239
1689062995560,-271972,4239
1689062995562,-271972,4239
1689062995563,-271972,4239
1689062995564,-271972,4239
1689062995566,-271972,4239
1689062995573,-271972,4239
1689062995576,-271972,4239
1689062995578,-271972,4239
1689062995582,-271972,4239
1689062995584,-271972,4239
1689062995587,-271972,4239
1689062995590,-271972,4239
1689062995592,-271972,4239
1689062995595,-271972,4239
1689062995597,-271972,4239
1689062995599,-271972,4239
1689062995600,-271972,4239
1689062995602,-271972,4239
1689062995606,-271972,4239
1689062995609,-271972,4239
1689062995610,-271972,4239
1689062995612,-271972,4239
1689062995615,-271972,4239
1689062995620,-271972,4239
1689062995622,-271972,4239
1689062995624,-271972,4239
1689062995626,-271972,4239
1689062995627,-271972,4239
1689062995629,-271972,4239
1689062995631,-271972,4239
1689062995632,-271972,4239
1689062995634,-271972,4239
1689062995635,-271972,4239
1689062995637,-271972,4239
1689062995640,-271972,4239
1689062995642,-271972,4239
1689062995644,-271972,4239
1689062995646,-271972,4239
1689062995651,-271972,4239
1689062995655,-271972,4239
1689062995658,-271972,4239
1689062995660,-271972,4239
1689062995662,-271972,4239
1689062995665,-271972,4239
1689062995667,-271972,4239
1689062995673,-271972,4239
1689062995675,-271972,4239
1689062995678,-271972,4239
1689062995685,-271972,4239
1689062995689,-271972,4239
1689062995692,-271972,4239
1689062995695,-271972,4239
1689062995698,-271972,4239
1689062995701,-271972,4239
1689062995706,-271972,4239
1689062995710,-271972,4239
1689062995712,-271972,4239
1689062995717,-271972,4239
1689062995722,-271972,4239
1689062995724,-271972,4239
1689062995726,-271972,4239
1689062995729,-271972,4239
1689062995730,-271972,4239
1689062995731,-271972,4239
1689062995732,-271972,4239
1689062995734,-271972,4239
1689062995735,-271972,4239
1689062995739,-271972,4239
1689062995741,-271972,4239
1689062995742,-271972,4239
1689062995743,-271972,4239
1689062995745,-271972,4239
1689062995746,-271972,4239
1689062995749,-271972,4239
1689062995751,-271972,4239
1689062995754,-271972,4239
1689062995757,-271972,4239
1689062995759,-271972,4239
1689062995761,-271972,4239
1689062995762,-271972,4239
1689062995764,-271972,4239
1689062995766,-271972,4239
1689062995774,-271972,4239
1689062995777,-271972,4239
1689062995784,-271972,4239
1689062995788,-271972,4239
1689062995791,-271972,4239
1689062995794,-271972,4239
1689062995796,-271972,4239
1689062995798,-271972,4239
1689062995800,-271972,4239
1689062995806,-271972,4239
1689062995809,-271972,4239
1689062995812,-271972,4239
1689062995817,-271972,4239
1689062995820,-271972,4239
1689062995823,-271972,4239
1689062995827,-271972,4239
1689062995829,-271972,4239
1689062995831,-271972,4239
1689062995832,-271972,4239
1689062995834,-271972,4239
1689062995835,-271972,4239
1689062995836,-271972,4239
1689062995837,-271972,4239
1689062995840,-271972,4239
1689062995841,-271972,4239
1689062995842,-271972,4239
1689062995843,-229980,4239
1689062995844,-229980,4239
1689062995845,-229980,4239
1689062995847,-229980,4239
1689062995851,-229980,4239
1689062995854,-229980,4239
1689062995856,-229980,4239
1689062995858,-229980,4239
1689062995860,-229980,4239
1689062995861,-229980,4239
1689062995862,-229980,4239
1689062995864,-229980,4239
1689062995866,-229980,4239
1689062995868,-229980,4239
1689062995874,-229980,4239
1689062995876,-229980,4239
1689062995878,-229980,4239
1689062995888,-229980,4239
1689062995890,-229980,4239
1689062995893,-229980,4239
1689062995895,-229980,4239
1689062995897,-229980,4239
1689062995899,-229980,4239
1689062995901,-229980,4239
1689062995908,-229980,4239
1689062995912,-229980,4239
1689062995921,-229980,4239
1689062995923,-229980,4239
1689062995925,-229980,4239
1689062995927,-229980,4239
1689062995929,-229980,4239
1689062995930,-229980,4239
1689062995932,-229980,4239
1689062995934,-229980,4239
1689062995936,-229980,4239
1689062995938,-229980,4239
1689062995940,-229980,4239
1689062995942,-229980,4239
1689062995943,-229980,4239
1689062995945,-229980,4239
1689062995946,-229980,4239
1689062995949,-229980,4239
1689062995951,-229980,4239
1689062995955,-229980,4239
1689062995957,-229980,4239
1689062995961,-229980,4239
1689062995962,-229980,4239
1689062995963,-229980,4239
1689062995965,-229980,4239
1689062995966,-229980,4239
1689062995969,-229980,4239
1689062995972,-229980,4239
1689062995978,-229980,4239
1689062995984,-229980,4239
1689062995988,-229980,4239
1689062995991,-229980,4239
1689062995993,-229980,4239
1689062995995,-229980,4239
1689062995998,-229980,4239
1689062996000,-229980,4239
1689062996002,-229980,4239
1689062996007,-229980,4239
1689062996010,-229980,4239
1689062996012,-229980,4239
1689062996015,-229980,4239
1689062996019,-229980,4239
1689062996022,-229980,4239
1689062996025,-229980,4239
1689062996028,-229980,4239
1689062996029,-229980,4239
1689062996031,-229980,4239
1689062996033,-229980,4239
1689062996035,-229980,4239
1689062996038,-229980,4239
1689062996042,-229980,4239
1689062996044,-229980,4239
1689062996046,-229980,4239
1689062996051,-229980,4239
1689062996054,-229980,4239
1689062996056,-229980,4239
1689062996058,-229980,4239
1689062996059,-229980,4239
1689062996060,-229980,4239
1689062996061,-229980,4239
1689062996062,-229980,4239
1689062996063,-229980,4239
1689062996064,-229980,4239
1689062996066,-229980,4239
1689062996068,-229980,4239
1689062996069,-229980,4239
1689062996071,-229980,4239
1689062996073,-229980,4239
1689062996074,-229980,4239
1689062996075,-229980,4239
1689062996076,-229980,4239
1689062996078,-229980,4239
1689062996081,-229980,4239
1689062996084,-229980,4239
1689062996086,-229980,4239
1689062996088,-229980,4239
1689062996091,-229980,4239
1689062996094,-229980,4239
1689062996095,-229980,4239
1689062996096,-229980,4239
1689062996099,-229980,4239
1689062996100,-229980,4239
1689062996102,-229980,4239
1689062996105,-229980,4239
1689062996107,-229980,4239
1689062996110,-229980,4239
1689062996111,-229980,4239
1689062996117,-229980,4239
1689062996121,-229980,4239
1689062996123,-229980,4239
1689062996125,-229980,4239
1689062996126,-229980,4239
1689062996129,-229980,4239
1689062996130,-229980,4239
1689062996132,-229980,4239
1689062996133,-229980,4239
1689062996135,-229980,4239
1689062996140,-229980,4239
1689062996142,-229980,4239
1689062996144,-229980,4239
1689062996145,-229980,4239
1689062996146,-229980,4239
1689062996151,-229980,4239
1689062996153,-229980,4239
1689062996156,-229980,4239
1689062996158,-229980,4239
1689062996159,-229980,4239
1689062996160,-229980,4239
1689062996161,-229980,4239
1689062996162,-229980,4239
1689062996163,-229980,4239
1689062996165,-229980,4239
1689062996166,-229980,4239
1689062996169,-229980,4239
1689062996171,-229980,4239
1689062996173,-229980,4239
1689062996174,-229980,4239
1689062996175,-229980,4239
1689062996177,-229980,4239
1689062996179,-229980,4239
1689062996185,-229980,4239
1689062996188,-229980,4239
1689062996190,-229980,4239
1689062996193,-229980,4239
1689062996195,-229980,4239
1689062996197,-229980,4239
1689062996200,-229980,4239
1689062996201,-229980,4239
1689062996203,-229980,4239
1689062996205,-229980,4239
1689062996207,-229980,4239
1689062996210,-229980,4239
1689062996212,-229980,4239
1689062996214,-229980,4239
1689062996216,-229980,4239
1689062996218,-229980,4239
1689062996220,-229980,4239
1689062996222,-229980,4239
1689062996224,-229980,4239
1689062996225,-229980,4239
1689062996226,-229980,4239
1689062996228,-229980,4239
1689062996230,-229980,4239
1689062996231,-229980,4239
1689062996233,-229980,4239
1689062996234,-229980,4239
1689062996236,-229980,4239
1689062996239,-229980,4239
1689062996242,-229980,4239
1689062996243,-229980,4239
1689062996245,-229980,4239
1689062996246,-229980,4239
1689062996253,-229980,4239
1689062996255,-229980,4239
1689062996257,-229980,4239
1689062996259,-229980,4239
1689062996261,-229980,4239
1689062996263,-229980,4239
1689062996264,-229980,4239
1689062996266,-229980,4239
1689062996269,-229980,4239
1689062996273,-229980,4239
1689062996275,-229980,4239
1689062996276,-229980,4239
1689062996279,-229980,4239
1689062996283,-229980,4239
1689062996287,-229980,4239
1689062996289,-229980,4239
1689062996291,-229980,4239
1689062996292,-229980,4239
1689062996294,-229980,4239
1689062996295,-229980,4239
1689062996296,-229980,4239
1689062996298,-229980,4239
1689062996300,-229980,4239
1689062996301,-229980,4239
1689062996303,-229980,4239
1689062996306,-229980,4239
1689062996309,-229980,4239
1689062996310,-229980,4239
1689062996311,-229980,4239
1689062996312,-229980,4239
1689062996315,-229980,4239
1689062996318,-229980,4239
1689062996321,-229980,4239
1689062996323,-229980,4239
1689062996326,-229980,4239
1689062996327,-229980,4239
1689062996329,-229980,4239
1689062996330,-229980,4239
1689062996331,-229980,4239
1689062996333,-229980,4239
1689062996334,-229980,4239
1689062996335,-229980,4239
1689062996336,-229980,4239
1689062996339,-229980,4239
1689062996340,-229980,4239
1689062996342,-229980,4239
1689062996343,-229980,4239
1689062996344,-229980,4239
1689062996345,-229980,4239
1689062996346,-229980,4239
1689062996351,-229980,4239
1689062996354,-229980,4239
1689062996356,-229980,4239
1689062996357,-229980,4239
1689062996359,-229980,4239
1689062996361,-229980,4239
1689062996362,-229980,4239
1689062996363,-229980,4239
1689062996365,-229980,4239
1689062996366,-229980,4239
1689062996368,-229980,4239
1689062996370,-229980,4239
1689062996372,-229980,4239
1689062996375,-229980,4239
1689062996376,-229980,4239
1689062996379,-229980,4239
1689062996383,-229980,4239
1689062996386,-229980,4239
1689062996388,-229980,4239
1689062996390,-229980,4239
1689062996391,-229980,4239
1689062996393,-229980,4239
1689062996394,-229980,4239
1689062996396,-229980,4239
1689062996399,-229980,4239
1689062996401,-229980,4239
1689062996403,-229980,4239
1689062996407,-229980,4239
1689062996409,-229980,4239
1689062996412,-229980,4239
1689062996415,-229980,4239
1689062996418,-229980,4239
1689062996421,-229980,4239
1689062996424,-229980,4239
1689062996426,-229980,4239
1689062996428,-229980,4239
1689062996430,-229980,4239
1689062996441,-229980,4239
1689062996443,-229980,4239
1689062996444,-229980,4239
1689062996445,-229980,4239
1689062996449,-229980,4239
1689062996454,-229980,4239
1689062996457,-229980,4239
1689062996463,-229980,4239
1689062996466,-229980,4239
1689062996469,-229980,4239
1689062996473,-229980,4239
1689062996475,-229980,4239
1689062996476,-229980,4239
1689062996477,-229980,4239
1689062996479,-229980,4239
1689062996481,-229980,4239
1689062996486,-229980,4239
1689062996489,-229980,4239
1689062996491,-229980,4239
1689062996492,-229980,4239
1689062996493,-229980,4239
1689062996494,-229980,4239
1689062996496,-229980,4239
1689062996497,-229980,4239
1689062996498,-229980,4239
1689062996499,-229980,4239
1689062996502,-229980,4239
1689062996504,-229980,4239
1689062996506,-229980,4239
1689062996507,-229980,4239
1689062996509,-229980,4239
1689062996510,-229980,4239
1689062996511,-229980,4239
1689062996512,-229980,4239
1689062996516,-229980,4239
1689062996520,-229980,4239
1689062996522,-229980,4239
1689062996524,-229980,4239
1689062996525,-229980,4239
1689062996526,-229980,4239
1689062996528,-229980,4239
1689062996529,-229980,4239
1689062996530,-229980,4239
1689062996532,-229980,4239
1689062996533,-229980,4239
1689062996534,-229980,4239
1689062996536,-229980,4239
1689062996537,-229980,4239
1689062996539,-229980,4239
1689062996541,-229980,4239
1689062996543,-229980,4239
1689062996544,-229980,4239
1689062996545,-229980,4239
1689062996546,-229980,4239
1689062996548,-229980,4239
1689062996553,-229980,4239
1689062996559,-229980,4239
1689062996562,-229980,4239
1689062996563,-229980,4239
1689062996565,-229980,4239
1689062996566,-229980,4239
1689062996568,-229980,4239
1689062996571,-229980,4239
1689062996574,-229980,4239
1689062996576,-229980,4239
1689062996578,-229980,4239
1689062996580,-229980,4239
1689062996586,-229980,4239
1689062996589,-229980,4239
1689062996591,-229980,4239
1689062996592,-229980,4239
1689062996593,-229980,4239
1689062996594,-229980,4239
1689062996596,-229980,4239
1689062996597,-229980,4239
1689062996598,-229980,4239
1689062996600,-229980,4239
1689062996601,-229980,4239
1689062996602,-229980,4239
1689062996603,-229980,4239
1689062996605,-229980,4239
1689062996607,-229980,4239
1689062996609,-229980,4239
1689062996610,-229980,4239
1689062996611,-229980,4239
1689062996612,-229980,4239
1689062996613,-229980,4239
1689062996614,-229980,4239
1689062996617,-229980,4239
1689062996620,-229980,4239
1689062996623,-229980,4239
1689062996624,-229980,4239
1689062996625,-229980,4239
1689062996626,-229980,4239
1689062996628,-229980,4239
1689062996629,-229980,4239
1689062996630,-229980,4239
1689062996631,-229980,4239
1689062996632,-229980,4239
1689062996633,-229980,4239
1689062996634,-229980,4239
1689062996635,-229980,4239
1689062996636,-229980,4239
1689062996637,-229980,4239
1689062996639,-229980,4239
1689062996640,-229980,4239
1689062996641,-229980,4239
1689062996642,-229980,4239
1689062996643,-229980,4239
1689062996644,-229980,4239
1689062996645,-229980,4239
1689062996645,-229980,4239
1689062996646,-229980,4239
1689062996648,-229980,4239
1689062996652,-229980,4239
1689062996653,-229980,4239
1689062996655,-229980,4239
1689062996656,-229980,4239
1689062996658,-229980,4239
1689062996659,-229980,4239
1689062996661,-229980,4239
1689062996662,-229980,4239
1689062996663,-229980,4239
1689062996665,-229980,4239
1689062996666,-229980,4239
1689062996668,-229980,4239
1689062996669,-229980,4239
1689062996673,-229980,4239
1689062996675,-229980,4239
1689062996676,-229980,4239
1689062996677,-229980,4239
1689062996679,-229980,4239
1689062996682,-229980,4239
1689062996685,-229980,4239
1689062996687,-229980,4239
1689062996690,-229980,4239
1689062996692,-229980,4239
1689062996693,-229980,4239
1689062996695,-229980,4239
1689062996696,-229980,4239
1689062996698,-229980,4239
1689062996700,-229980,4239
1689062996701,-229980,4239
1689062996702,-229980,4239
1689062996703,-229980,4239
1689062996705,-229980,4239
1689062996708,-229980,4239
1689062996709,-229980,4239
1689062996711,-229980,4239
1689062996712,-229980,4239
1689062996713,-229980,4239
1689062996717,-229980,4239
1689062996720,-229980,4239
1689062996722,-229980,4239
1689062996724,-229980,4239
1689062996725,-229980,4239
1689062996726,-229980,4239
1689062996728,-229980,4239
1689062996730,-229980,4239
1689062996731,-229980,4239
1689062996732,-229980,4239
1689062996733,-229980,4239
1689062996734,-229980,4239
1689062996735,-229980,4239
1689062996736,-229980,4239
1689062996739,-229980,4239
1689062996740,-229980,4239
1689062996741,-229980,4239
1689062996742,-229980,4239
1689062996743,-229980,4239
1689062996744,-229980,4239
1689062996745,-229980,4239
1689062996746,-229980,4239
1689062996751,-229980,4239
1689062996752,-229980,4239
1689062996754,-229980,4239
1689062996755,-229980,4239
1689062996756,-229980,4239
1689062996758,-229980,4239
1689062996759,-229980,4239
1689062996760,-229980,4239
1689062996761,-229980,4239
1689062996762,-229980,4239
1689062996764,-229980,4239
1689062996765,-229980,4239
1689062996766,-229980,4239
1689062996768,-229980,4239
1689062996769,-229980,4239
1689062996773,-229980,4239
1689062996774,-229980,4239
1689062996775,-229980,4239
1689062996777,-229980,4239
1689062996778,-229980,4239
1689062996779,-229980,4239
1689062996782,-229980,4239
1689062996783,-229980,4239
1689062996785,-229980,4239
1689062996787,-229980,4239
1689062996789,-229980,4239
1689062996790,-229980,4239
1689062996791,-229980,4239
1689062996792,-229980,4239
1689062996794,-229980,4239
1689062996795,-229980,4239
1689062996797,-229980,4239
1689062996798,-229980,4239
1689062996800,-229980,4239
1689062996801,-229980,4239
1689062996802,-229980,4239
1689062996805,-229980,4239
1689062996807,-229980,4239
1689062996809,-229980,4239
1689062996810,-229980,4239
1689062996811,-229980,4239
1689062996813,-229980,4239
1689062996816,-229980,4239
1689062996819,-229980,4239
1689062996823,-229980,4239
1689062996825,-229980,4239
1689062996827,-229980,4239
1689062996829,-229980,4239
1689062996831,-229980,4239
1689062996833,-229980,4239
1689062996835,-229980,4239
1689062996837,-229980,4239
1689062996840,-229980,4239
1689062996842,-229980,4239
1689062996844,-229980,4239
1689062996846,-229980,4239
1689062996852,-229980,4239
1689062996856,-229980,4239
1689062996858,-229980,4239
1689062996860,-229980,4239
1689062996861,-229980,4239
1689062996863,-229980,4239
1689062996864,-229980,4239
1689062996866,-229980,4239
1689062996868,-229980,4239
1689062996870,-229980,4239
1689062996873,-229980,4239
1689062996874,-229980,4239
1689062996876,-229980,4239
1689062996877,-229980,4239
1689062996879,-229980,4239
1689062996884,-229980,4239
1689062996888,-229980,4239
1689062996890,-229980,4239
1689062996891,-229980,4239
1689062996892,-229980,4239
1689062996894,-229980,4239
1689062996895,-229980,4239
1689062996897,-229980,4239
1689062996900,-229980,4239
1689062996902,-229980,4239
1689062996903,-229980,4239
1689062996905,-229980,4239
1689062996909,-229980,4239
1689062996911,-229980,4239
1689062996913,-229980,4239
1689062996917,-229980,4239
1689062996921,-229980,4239
1689062996924,-229980,4239
1689062996927,-229980,4239
1689062996929,-229980,4239
1689062996930,-229980,4239
1689062996932,-229980,4239
1689062996933,-229980,4239
1689062996934,-229980,4239
1689062996935,-229980,4239
1689062996936,-229980,4239
1689062996941,-229980,4239
1689062996943,-229980,4239
1689062996944,-229980,4239
1689062996945,-229980,4239
1689062996946,-229980,4239
1689062996953,-229980,4239
1689062996955,-229980,4239
1689062996957,-229980,4239
1689062996959,-229980,4239
1689062996960,-229980,4239
1689062996961,-229980,4239
1689062996962,-229980,4239
1689062996964,-229980,4239
1689062996965,-229980,4239
1689062996966,-229980,4239
1689062996968,-229980,4239
1689062996969,-229980,4239
1689062996972,-229980,4239
1689062996974,-229980,4239
1689062996976,-229980,4239
1689062996977,-229980,4239
1689062996979,-229980,4239
1689062996980,-229980,4239
1689062996983,-229980,4239
1689062996987,-229980,4239
1689062996989,-229980,4239
1689062996991,-229980,4239
1689062996992,-229980,4239
1689062996994,-229980,4239
1689062996995,-229980,4239
1689062996996,-229980,4239
1689062996999,-229980,4239
1689062997000,-229980,4239
1689062997001,-229980,4239
1689062997002,-229980,4239
1689062997005,-229980,4239
1689062997007,-229980,4239
1689062997009,-229980,4239
1689062997010,-229980,4239
1689062997011,-229980,4239
1689062997012,-229980,4239
1689062997019,-229980,4239
1689062997022,-229980,4239
1689062997024,-229980,4239
1689062997026,-229980,4239
1689062997028,-229980,4239
1689062997029,-229980,4239
1689062997031,-229980,4239
1689062997033,-229980,4239
1689062997035,-229980,4239
1689062997036,-229980,4239
1689062997041,-229980,4239
1689062997043,-229980,4239
1689062997045,-229980,4239
1689062997051,-229980,4239
1689062997057,-229980,4239
1689062997061,-229980,4239
1689062997063,-229980,4239
1689062997065,-229980,4239
1689062997066,-229980,4239
1689062997069,-229980,4239
1689062997074,-229980,4239
1689062997076,-229980,4239
1689062997079,-229980,4239
1689062997083,-229980,4239
1689062997087,-229980,4239
1689062997090,-229980,4239
1689062997092,-229980,4239
1689062997094,-229980,4239
1689062997095,-229980,4239
1689062997097,-229980,4239
1689062997099,-229980,4239
1689062997101,-229980,4239
1689062997103,-229980,4239
1689062997106,-229980,4239
1689062997110,-229980,4239
1689062997112,-229980,4239
1689062997113,-229980,4239
1689062997114,-229980,4239
1689062997115,-229980,4239
1689062997118,-229980,4239
1689062997121,-229980,4239
1689062997123,-229980,4239
1689062997124,-229980,4239
1689062997125,-229980,4239
1689062997127,-229980,4239
1689062997129,-229980,4239
1689062997130,-229980,4239
1689062997132,-229980,4239
1689062997134,-229980,4239
1689062997135,-229980,4239
1689062997138,-229980,4239
1689062997142,-229980,4239
1689062997144,-229980,4239
1689062997145,-229980,4239
1689062997151,-229980,4239
1689062997155,-229980,4239
1689062997158,-229980,4239
1689062997161,-229980,4239
1689062997164,-229980,4239
1689062997167,-229980,4239
1689062997170,-229980,4239
1689062997175,-229980,4239
1689062997177,-229980,4239
1689062997180,-229980,4239
1689062997184,-229980,4239
1689062997189,-229980,4239
1689062997192,-229980,4239
1689062997194,-229980,4239
1689062997196,-229980,4239
1689062997199,-229980,4239
1689062997202,-229980,4239
1689062997207,-229980,4239
1689062997209,-229980,4239
1689062997211,-229980,4239
1689062997212,-229980,4239
1689062997213,-229980,4239
1689062997214,-229980,4239
1689062997216,-229980,4239
1689062997219,-229980,4239
1689062997221,-229980,4239
1689062997223,-229980,4239
1689062997224,-229980,4239
1689062997226,-229980,4239
1689062997227,-229980,4239
1689062997228,-229980,4239
1689062997229,-229980,4239
1689062997231,-229980,4239
1689062997232,-229980,4239
1689062997233,-229980,4239
1689062997234,-229980,4239
1689062997235,-229980,4239
1689062997237,-229980,4239
1689062997239,-229980,4239
1689062997241,-229980,4239
1689062997242,-229980,4239
1689062997243,-229980,4239
1689062997244,-229980,4239
1689062997246,-229980,4239
1689062997247,-229980,4239
1689062997253,-229980,4239
1689062997256,-229980,4239
1689062997258,-229980,4239
1689062997259,-229980,4239
1689062997261,-229980,4239
1689062997262,-229980,4239
1689062997264,-229980,4239
1689062997266,-229980,4239
1689062997268,-229980,4239
1689062997270,-229980,4239
1689062997276,-229980,4239
1689062997279,-229980,4239
1689062997281,-229980,4239
1689062997288,-229980,4239
1689062997293,-229980,4239
1689062997298,-229980,4239
1689062997300,-229980,4239
1689062997302,-229980,4239
1689062997303,-229980,4239
1689062997308,-229980,4239
1689062997310,-229980,4239
1689062997312,-229980,4239
1689062997314,-229980,4239
1689062997315,-229980,4239
1689062997318,-229980,4239
1689062997322,-237792,4239
1689062997324,-237792,4239
1689062997326,-237792,4239
1689062997328,-237792,4239
1689062997329,-237792,4239
1689062997331,-237792,4239
1689062997332,-237792,4239
1689062997333,-237792,4239
1689062997334,-237792,4239
1689062997335,-237792,4239
1689062997336,-237792,4239
1689062997339,-237792,4239
1689062997341,-237792,4239
1689062997342,-237792,4239
1689062997343,-237792,4239
1689062997344,-237792,4239
1689062997345,-237792,4239
1689062997346,-237792,4239
1689062997348,-237792,4239
1689062997351,-237792,4239
1689062997353,-237792,4239
1689062997355,-237792,4239
1689062997356,-237792,4239
1689062997358,-237792,4239
1689062997359,-237792,4239
1689062997360,-237792,4239
1689062997362,-237792,4239
1689062997363,-237792,4239
1689062997365,-237792,4239
1689062997367,-237792,4239
1689062997371,-237792,4239
1689062997373,-237792,4239
1689062997375,-237792,4239
1689062997377,-237792,4239
1689062997379,-237792,4239
1689062997382,-237792,4239
1689062997386,-237792,4239
1689062997389,-237792,4239
1689062997391,-237792,4239
1689062997393,-237792,4239
1689062997394,-237792,4239
1689062997395,-237792,4239
1689062997397,-237792,4239
1689062997399,-237792,4239
1689062997401,-237792,4239
1689062997402,-237792,4239
1689062997404,-237792,4239
1689062997409,-237792,4239
1689062997410,-237792,4239
1689062997412,-237792,4239
1689062997413,-237792,4239
1689062997418,-237792,4239
1689062997421,-237792,4239
1689062997423,-237792,4239
1689062997425,-237792,4239
1689062997428,-237792,4239
1689062997430,-237792,4239
1689062997435,-237792,4239
1689062997440,-237792,4239
1689062997443,-237792,4239
1689062997445,-237792,4239
1689062997448,-237792,4239
1689062997452,-237792,4239
1689062997458,-237792,4239
1689062997462,-237792,4239
1689062997465,-237792,4239
1689062997467,-237792,4239
1689062997470,-237792,4239
1689062997471,-237792,4239
1689062997475,-237792,4239
1689062997476,-237792,4239
1689062997477,-237792,4239
1689062997479,-237792,4239
1689062997480,-237792,4239
1689062997481,-237792,4239
1689062997483,-237792,4239
1689062997485,-237792,4239
1689062997488,-237792,4239
1689062997490,-237792,4239
1689062997491,-237792,4239
1689062997492,-237792,4239
1689062997493,-237792,4239
1689062997494,-237792,4239
1689062997495,-237792,4239
1689062997497,-237792,4239
1689062997498,-237792,4239
1689062997500,-237792,4239
1689062997501,-237792,4239
1689062997502,-237792,4239
1689062997503,-237792,4239
1689062997504,-237792,4239
1689062997508,-237792,4239
1689062997509,-237792,4239
1689062997511,-237792,4239
1689062997512,-237792,4239
1689062997513,-237792,4239
1689062997514,-237792,4239
1689062997517,-237792,4239
1689062997519,-237792,4239
1689062997521,-237792,4239
1689062997523,-237792,4239
1689062997524,-237792,4239
1689062997525,-237792,4239
1689062997526,-237792,4239
1689062997528,-237792,4239
1689062997530,-237792,4239
1689062997532,-237792,4239
1689062997533,-237792,4239
1689062997535,-237792,4239
1689062997537,-237792,4239
1689062997541,-237792,4239
1689062997543,-237792,4239
1689062997545,-237792,4239
1689062997546,-237792,4239
1689062997551,-237792,4239
1689062997554,-237792,4239
1689062997558,-237792,4239
1689062997561,-237792,4239
1689062997563,-237792,4239
1689062997567,-237792,4239
1689062997570,-237792,4239
1689062997572,-237792,4239
1689062997575,-237792,4239
1689062997578,-237792,4239
1689062997584,-237792,4239
1689062997589,-237792,4239
1689062997597,-237792,4239
1689062997599,-237792,4239
1689062997601,-237792,4239
1689062997604,-237792,4239
1689062997607,-237792,4239
1689062997617,-237792,4239
1689062997620,-237792,4239
1689062997621,-237792,4239
1689062997623,-237792,4239
1689062997624,-237792,4239
1689062997625,-237792,4239
1689062997627,-237792,4239
1689062997629,-237792,4239
1689062997630,-237792,4239
1689062997632,-237792,4239
1689062997633,-237792,4239
1689062997634,-237792,4239
1689062997635,-237792,4239
1689062997636,-237792,4239
1689062997637,-237792,4239
1689062997638,-237792,4239
1689062997641,-237792,4239
1689062997642,-237792,4239
1689062997643,-237792,4239
1689062997644,-237792,4239
1689062997645,-237792,4239
1689062997646,-237792,4239
1689062997648,-237792,4239
1689062997651,-237792,4239
1689062997653,-237792,4239
1689062997655,-237792,4239
1689062997657,-237792,4239
1689062997668,-237792,4239
1689062997670,-237792,4239
1689062997674,-237792,4239
1689062997676,-237792,4239
1689062997678,-237792,4239
1689062997685,-237792,4239
1689062997692,-237792,4239
1689062997695,-237792,4239
1689062997697,-237792,4239
1689062997699,-237792,4239
1689062997702,-237792,4239
1689062997705,-237792,4239
1689062997710,-237792,4239
1689062997712,-237792,4239
1689062997719,-237792,4239
1689062997721,-237792,4239
1689062997723,-237792,4239
1689062997725,-237792,4239
1689062997729,-237792,4239
1689062997731,-237792,4239
1689062997735,-237792,4239
1689062997738,-237792,4239
1689062997741,-237792,4239
1689062997744,-237792,4239
1689062997747,-237792,4239
1689062997755,-237792,4239
1689062997759,-237792,4239
1689062997761,-237792,4239
1689062997764,-237792,4239
1689062997765,-237792,4239
1689062997768,-237792,4239
1689062997772,-237792,4239
1689062997775,-237792,4239
1689062997777,-237792,4239
1689062997780,-237792,4239
1689062997786,-237792,4239
1689062997789,-237792,4239
1689062997791,-237792,4239
1689062997793,-237792,4239
1689062997795,-237792,4239
1689062997796,-237792,4239
1689062997798,-237792,4239
1689062997799,-237792,4239
1689062997802,-237792,4239
1689062997807,-237792,4239
1689062997809,-237792,4239
1689062997811,-237792,4239
1689062997812,-237792,4239
1689062997812,-237792,4239
1689062997813,-237792,4239
1689062997814,-237792,4239
1689062997819,-237792,4239
1689062997821,-237792,4239
1689062997822,-237792,4239
1689062997823,-237792,4239
1689062997824,-237792,4239
1689062997825,-237792,4239
1689062997826,-237792,4239
1689062997828,-237792,4239
1689062997829,-237792,4239
1689062997830,-237792,4239
1689062997831,-237792,4239
1689062997832,-237792,4239
1689062997833,-237792,4239
1689062997834,-237792,4239
1689062997835,-237792,4239
1689062997836,-237792,4239
1689062997837,-237792,4239
1689062997839,-237792,4239
1689062997840,-237792,4239
1689062997842,-237792,4239
1689062997843,-237792,4239
1689062997845,-237792,4239
1689062997846,-237792,4239
1689062997848,-237792,4239
1689062997852,-237792,4239
1689062997855,-237792,4239
1689062997858,-237792,4239
1689062997860,-237792,4239
1689062997862,-237792,4239
1689062997864,-237792,4239
1689062997865,-237792,4239
1689062997868,-237792,4239
1689062997870,-237792,4239
1689062997872,-237792,4239
1689062997874,-237792,4239
1689062997876,-237792,4239
1689062997878,-237792,4239
1689062997881,-237792,4239
1689062997884,-237792,4239
1689062997888,-237792,4239
1689062997891,-237792,4239
1689062997893,-237792,4239
1689062997895,-237792,4239
1689062997897,-237792,4239
1689062997899,-237792,4239
1689062997901,-237792,4239
1689062997903,-237792,4239
1689062997907,-237792,4239
1689062997910,-237792,4239
1689062997912,-237792,4239
1689062997914,-237792,4239
1689062997915,-237792,4239
1689062997919,-237792,4239
1689062997924,-237792,4239
1689062997928,-237792,4239
1689062997930,-237792,4239
1689062997932,-237792,4239
1689062997934,-237792,4239
1689062997937,-237792,4239
1689062997938,-237792,4239
1689062997942,-237792,4239
1689062997944,-237792,4239
1689062997945,-237792,4239
1689062997946,-237792,4239
1689062997950,-237792,4239
1689062997954,-237792,4239
1689062997958,-237792,4239
1689062997960,-237792,4239
1689062997962,-237792,4239
1689062997964,-237792,4239
1689062997966,-237792,4239
1689062997968,-237792,4239
1689062997970,-237792,4239
1689062997976,-237792,4239
1689062997979,-237792,4239
1689062997981,-237792,4239
1689062997984,-237792,4239
1689062997988,-237792,4239
1689062997991,-237792,4239
1689062997992,-237792,4239
1689062997994,-237792,4239
1689062997995,-237792,4239
1689062997997,-237792,4239
1689062997999,-237792,4239
1689062998001,-237792,4239
1689062998002,-237792,4239
1689062998004,-237792,4239
1689062998006,-237792,4239
1689062998009,-237792,4239
1689062998011,-237792,4239
1689062998013,-237792,4239
1689062998014,-237792,4239
1689062998015,-237792,4239
1689062998016,-237792,4239
1689062998022,-237792,4239
1689062998024,-237792,4239
1689062998026,-237792,4239
1689062998027,-237792,4239
1689062998029,-237792,4239
1689062998030,-237792,4239
1689062998031,-237792,4239
1689062998033,-237792,4239
1689062998034,-237792,4239
1689062998035,-237792,4239
1689062998036,-237792,4239
1689062998041,-237792,4239
1689062998043,-237792,4239
1689062998044,-237792,4239
1689062998045,-237792,4239
1689062998047,-237792,4239
1689062998049,-237792,4239
1689062998051,-237792,4239
1689062998054,-237792,4239
1689062998056,-237792,4239
1689062998058,-237792,4239
1689062998059,-237792,4239
1689062998060,-237792,4239
1689062998061,-237792,4239
1689062998062,-237792,4239
1689062998063,-237792,4239
1689062998064,-237792,4239
1689062998065,-237792,4239
1689062998070,-237792,4239
1689062998071,-237792,4239
1689062998073,-237792,4239
1689062998075,-237792,4239
1689062998076,-237792,4239
1689062998077,-237792,4239
1689062998078,-237792,4239
1689062998079,-237792,4239
1689062998080,-237792,4239
1689062998081,-237792,4239
1689062998082,-237792,4239
1689062998085,-237792,4239
1689062998087,-237792,4239
1689062998088,-237792,4239
1689062998089,-237792,4239
1689062998091,-237792,4239
1689062998092,-237792,4239
1689062998094,-237792,4239
1689062998096,-237792,4239
1689062998099,-237792,4239
1689062998100,-237792,4239
1689062998101,-237792,4239
1689062998102,-237792,4239
1689062998103,-237792,4239
1689062998104,-237792,4239
1689062998106,-237792,4239
1689062998107,-237792,4239
1689062998110,-237792,4239
1689062998111,-237792,4239
1689062998112,-237792,4239
1689062998114,-237792,4239
1689062998115,-237792,4239
1689062998118,-237792,4239
1689062998120,-237792,4239
1689062998122,-237792,4239
1689062998123,-237792,4239
1689062998124,-237792,4239
1689062998126,-237792,4239
1689062998128,-237792,4239
1689062998130,-237792,4239
1689062998132,-237792,4239
1689062998133,-237792,4239
1689062998135,-237792,4239
1689062998136,-237792,4239
1689062998141,-237792,4239
1689062998143,-237792,4239
1689062998145,-237792,4239
1689062998146,-237792,4239
1689062998152,-237792,4239
1689062998155,-237792,4239
1689062998158,-237792,4239
1689062998160,-237792,4239
1689062998162,-237792,4239
1689062998163,-237792,4239
1689062998165,-237792,4239
1689062998166,-237792,4239
1689062998169,-237792,4239
1689062998170,-237792,4239
1689062998175,-237792,4239
1689062998178,-237792,4239
1689062998180,-237792,4239
1689062998181,-237792,4239
1689062998186,-237792,4239
1689062998189,-237792,4239
1689062998191,-237792,4239
1689062998192,-237792,4239
1689062998193,-237792,4239
1689062998194,-237792,4239
1689062998195,-237792,4239
1689062998196,-237792,4239
1689062998197,-237792,4239
1689062998199,-237792,4239
1689062998200,-237792,4239
1689062998202,-237792,4239
1689062998203,-237792,4239
1689062998204,-237792,4239
1689062998205,-237792,4239
1689062998207,-237792,4239
1689062998209,-237792,4239
1689062998210,-237792,4239
1689062998212,-237792,4239
1689062998213,-237792,4239
1689062998214,-237792,4239
1689062998215,-237792,4239
1689062998217,-237792,4239
1689062998220,-237792,4239
1689062998223,-237792,4239
1689062998225,-237792,4239
1689062998226,-237792,4239
1689062998227,-237792,4239
1689062998229,-237792,4239
1689062998230,-237792,4239
1689062998231,-237792,4239
1689062998232,-237792,4239
1689062998233,-237792,4239
1689062998234,-237792,4239
1689062998235,-237792,4239
1689062998237,-237792,4239
1689062998240,-237792,4239
1689062998242,-237792,4239
1689062998243,-237792,4239
1689062998244,-237792,4239
1689062998244,-237792,4239
1689062998245,-237792,4239
1689062998246,-237792,4239
1689062998250,-237792,4239
1689062998252,-237792,4239
1689062998253,-237792,4239
1689062998255,-237792,4239
1689062998256,-237792,4239
1689062998257,-237792,4239
1689062998258,-237792,4239
1689062998259,-237792,4239
1689062998260,-237792,4239
1689062998261,-237792,4239
1689062998262,-237792,4239
1689062998262,-237792,4239
1689062998263,-237792,4239
1689062998264,-237792,4239
1689062998265,-237792,4239
1689062998266,-237792,4239
1689062998268,-237792,4239
1689062998269,-237792,4239
1689062998270,-237792,4239
1689062998270,-237792,4239
1689062998271,-237792,4239
1689062998273,-237792,4239
1689062998274,-237792,4239
1689062998275,-237792,4239
1689062998276,-237792,4239
1689062998277,-237792,4239
1689062998279,-237792,4239
1689062998280,-237792,4239
1689062998281,-237792,4239
1689062998284,-237792,4239
1689062998286,-237792,4239
1689062998290,-237792,4239
1689062998292,-237792,4239
1689062998293,-237792,4239
1689062998295,-237792,4239
1689062998296,-237792,4239
1689062998298,-237792,4239
1689062998299,-237792,4239
1689062998301,-237792,4239
1689062998302,-237792,4239
1689062998303,-237792,4239
1689062998308,-237792,4239
1689062998311,-237792,4239
1689062998313,-237792,4239
1689062998315,-237792,4239
1689062998318,-237792,4239
1689062998321,-237792,4239
1689062998324,-237792,4239
1689062998326,-237792,4239
1689062998328,-237792,4239
1689062998329,-237792,4239
1689062998330,-237792,4239
1689062998332,-237792,4239
1689062998333,-237792,4239
1689062998335,-237792,4239
1689062998336,-237792,4239
1689062998342,-237792,4239
1689062998344,-237792,4239
1689062998346,-237792,4239
1689062998347,-237792,4239
1689062998352,-237792,4239
1689062998357,-237792,4239
1689062998361,-237792,4239
1689062998363,-237792,4239
1689062998366,-237792,4239
1689062998370,-237792,4239
1689062998376,-237792,4239
1689062998381,-237792,4239
1689062998383,-237792,4239
1689062998389,-237792,4239
1689062998392,-237792,4239
1689062998396,-237792,4239
1689062998400,-237792,4239
1689062998403,-237792,4239
1689062998409,-237792,4239
1689062998413,-237792,4239
1689062998421,-237792,4239
1689062998423,-237792,4239
1689062998425,-237792,4239
1689062998427,-237792,4239
1689062998428,-237792,4239
1689062998431,-237792,4239
1689062998433,-237792,4239
1689062998435,-237792,4239
1689062998438,-237792,4239
1689062998442,-237792,4239
1689062998444,-237792,4239
1689062998447,-237792,4239
1689062998453,-237792,4239
1689062998455,-237792,4239
1689062998456,-237792,4239
1689062998458,-237792,4239
1689062998459,-237792,4239
1689062998460,-237792,4239
1689062998461,-237792,4239
1689062998463,-237792,4239
1689062998464,-237792,4239
1689062998465,-237792,4239
1689062998467,-237792,4239
1689062998471,-237792,4239
1689062998475,-237792,4239
1689062998476,-237792,4239
1689062998478,-237792,4239
1689062998479,-237792,4239
1689062998480,-237792,4239
1689062998483,-237792,4239
1689062998485,-237792,4239
1689062998488,-237792,4239
1689062998490,-237792,4239
1689062998491,-237792,4239
1689062998492,-237792,4239
1689062998493,-237792,4239
1689062998495,-237792,4239
1689062998496,-237792,4239
1689062998498,-237792,4239
1689062998499,-237792,4239
1689062998501,-237792,4239
1689062998502,-237792,4239
1689062998503,-237792,4239
1689062998504,-237792,4239
1689062998507,-237792,4239
1689062998509,-237792,4239
1689062998511,-237792,4239
1689062998512,-237792,4239
1689062998513,-237792,4239
1689062998514,-237792,4239
1689062998516,-237792,4239
1689062998519,-237792,4239
1689062998522,-237792,4239
1689062998524,-237792,4239
1689062998526,-237792,4239
1689062998528,-237792,4239
1689062998530,-237792,4239
1689062998532,-237792,4239
1689062998533,-237792,4239
1689062998535,-237792,4239
1689062998537,-237792,4239
1689062998542,-237792,4239
1689062998544,-237792,4239
1689062998546,-237792,4239
1689062998548,-237792,4239
1689062998551,-237792,4239
1689062998554,-237792,4239
1689062998557,-237792,4239
1689062998560,-237792,4239
1689062998562,-237792,4239
1689062998564,-237792,4239
1689062998566,-237792,4239
1689062998569,-237792,4239
1689062998571,-237792,4239
1689062998573,-237792,4239
1689062998576,-237792,4239
1689062998579,-237792,4239
1689062998581,-237792,4239
1689062998584,-237792,4239
1689062998588,-237792,4239
1689062998590,-237792,4239
1689062998591,-237792,4239
1689062998592,-237792,4239
1689062998593,-237792,4239
1689062998594,-237792,4239
1689062998595,-237792,4239
1689062998596,-237792,4239
1689062998599,-237792,4239
1689062998604,-237792,4239
1689062998607,-237792,4239
1689062998610,-237792,4239
1689062998611,-237792,4239
1689062998613,-237792,4239
1689062998615,-237792,4239
1689062998620,-237792,4239
1689062998624,-237792,4239
1689062998627,-237792,4239
1689062998630,-237792,4239
1689062998632,-237792,4239
1689062998634,-237792,4239
1689062998636,-237792,4239
1689062998638,-237792,4239
1689062998641,-237792,4239
1689062998644,-237792,4239
1689062998646,-237792,4239
1689062998649,-237792,4239
1689062998653,-237792,4239
1689062998656,-237792,4239
1689062998659,-237792,4239
1689062998660,-237792,4239
1689062998663,-237792,4239
1689062998665,-237792,4239
1689062998668,-237792,4239
1689062998670,-237792,4239
1689062998673,-237792,4239
1689062998675,-237792,4239
1689062998678,-237792,4239
1689062998681,-237792,4239
1689062998683,-237792,4239
1689062998689,-237792,4239
1689062998692,-237792,4239
1689062998694,-237792,4239
1689062998695,-237792,4239
1689062998697,-237792,4239
1689062998699,-237792,4239
1689062998701,-237792,4239
1689062998703,-237792,4239
1689062998705,-237792,4239
1689062998707,-237792,4239
1689062998709,-237792,4239
1689062998711,-237792,4239
1689062998712,-237792,4239
1689062998713,-237792,4239
1689062998714,-237792,4239
1689062998715,-237792,4239
1689062998716,-237792,4239
1689062998720,-237792,4239
1689062998722,-237792,4239
1689062998725,-237792,4239
1689062998727,-237792,4239
1689062998729,-237792,4239
1689062998730,-237792,4239
1689062998731,-237792,4239
1689062998732,-237792,4239
1689062998734,-237792,4239
1689062998735,-237792,4239
1689062998737,-237792,4239
1689062998738,-237792,4239
1689062998740,-237792,4239
1689062998741,-237792,4239
1689062998743,-237792,4239
1689062998744,-237792,4239
1689062998745,-237792,4239
1689062998747,-237792,4239
1689062998749,-237792,4239
1689062998752,-237792,4239
1689062998755,-237792,4239
1689062998756,-237792,4239
1689062998757,-237792,4239
1689062998758,-237792,4239
1689062998759,-237792,4239
1689062998760,-237792,4239
1689062998761,-237792,4239
1689062998762,-237792,4239
1689062998763,-237792,4239
1689062998764,-237792,4239
1689062998765,-237792,4239
1689062998766,-237792,4239
1689062998768,-237792,4239
1689062998769,-237792,4239
1689062998770,-237792,4239
1689062998771,-237792,4239
1689062998772,-237792,4239
1689062998774,-237792,4239
1689062998775,-237792,4239
1689062998776,-237792,4239
1689062998778,-237792,4239
1689062998779,-237792,4239
1689062998780,-237792,4239
1689062998781,-237792,4239
1689062998784,-237792,4239
1689062998786,-237792,4239
1689062998788,-237792,4239
1689062998789,-237792,4239
1689062998790,-237792,4239
1689062998791,-237792,4239
1689062998792,-237792,4239
1689062998793,-237792,4239
1689062998794,-237792,4239
1689062998797,-237792,4239
1689062998801,-265136,4239
1689062998803,-265136,4239
1689062998804,-265136,4239
1689062998805,-265136,4239
1689062998806,-265136,4239
1689062998811,-265136,4239
1689062998813,-265136,4239
1689062998814,-265136,4239
1689062998815,-265136,4239
1689062998817,-265136,4239
1689062998820,-265136,4239
1689062998822,-265136,4239
1689062998824,-265136,4239
1689062998825,-265136,4239
1689062998827,-265136,4239
1689062998828,-265136,4239
1689062998830,-265136,4239
1689062998831,-265136,4239
1689062998833,-265136,4239
1689062998834,-265136,4239
1689062998835,-265136,4239
1689062998837,-265136,4239
1689062998838,-265136,4239
1689062998840,-265136,4239
1689062998842,-265136,4239
1689062998843,-265136,4239
1689062998844,-265136,4239
1689062998846,-265136,4239
1689062998847,-265136,4239
1689062998848,-265136,4239
1689062998850,-265136,4239
1689062998853,-265136,4239
1689062998855,-265136,4239
1689062998857,-265136,4239
1689062998860,-265136,4239
1689062998861,-265136,4239
1689062998863,-265136,4239
1689062998864,-265136,4239
1689062998865,-265136,4239
1689062998867,-265136,4239
1689062998869,-265136,4239
1689062998871,-265136,4239
1689062998875,-265136,4239
1689062998877,-265136,4239
1689062998879,-265136,4239
1689062998881,-265136,4239
1689062998884,-265136,4239
1689062998888,-265136,4239
1689062998891,-265136,4239
1689062998893,-265136,4239
1689062998895,-265136,4239
1689062998896,-265136,4239
1689062998898,-265136,4239
1689062998900,-265136,4239
1689062998902,-265136,4239
1689062998903,-265136,4239
1689062998905,-265136,4239
1689062998909,-265136,4239
1689062998912,-265136,4239
1689062998913,-265136,4239
1689062998915,-265136,4239
1689062998920,-265136,4239
1689062998922,-265136,4239
1689062998924,-265136,4239
1689062998926,-265136,4239
1689062998929,-265136,4239
1689062998931,-265136,4239
1689062998933,-265136,4239
1689062998935,-265136,4239
1689062998942,-265136,4239
1689062998945,-265136,4239
1689062998948,-265136,4239
1689062998955,-265136,4239
1689062998960,-265136,4239
1689062998963,-265136,4239
1689062998966,-265136,4239
1689062998969,-265136,4239
1689062998972,-265136,4239
1689062998976,-265136,4239
1689062998979,-265136,4239
1689062998981,-265136,4239
1689062998984,-265136,4239
1689062998990,-265136,4239
1689062998994,-265136,4239
1689062998996,-265136,4239
1689062998999,-265136,4239
1689062999001,-265136,4239
1689062999003,-265136,4239
1689062999005,-265136,4239
1689062999011,-265136,4239
1689062999012,-265136,4239
1689062999013,-265136,4239
1689062999014,-265136,4239
1689062999015,-265136,4239
1689062999017,-265136,4239
1689062999019,-265136,4239
1689062999023,-265136,4239
1689062999025,-265136,4239
1689062999027,-265136,4239
1689062999029,-265136,4239
1689062999031,-265136,4239
1689062999032,-265136,4239
1689062999044,-265136,4239
1689062999046,-265136,4239
1689062999048,-265136,4239
1689062999051,-265136,4239
1689062999054,-265136,4239
1689062999057,-265136,4239
1689062999059,-265136,4239
1689062999060,-265136,4239
1689062999061,-265136,4239
1689062999062,-265136,4239
1689062999064,-265136,4239
1689062999065,-265136,4239
1689062999067,-265136,4239
1689062999069,-265136,4239
1689062999070,-265136,4239
1689062999071,-265136,4239
1689062999072,-265136,4239
1689062999074,-265136,4239
1689062999075,-265136,4239
1689062999077,-265136,4239
1689062999078,-265136,4239
1689062999080,-265136,4239
1689062999081,-265136,4239
1689062999082,-265136,4239
1689062999083,-265136,4239
1689062999086,-265136,4239
1689062999091,-265136,4239
1689062999094,-265136,4239
1689062999095,-265136,4239
1689062999097,-265136,4239
1689062999099,-265136,4239
1689062999100,-265136,4239
1689062999102,-265136,4239
1689062999103,-265136,4239
1689062999104,-265136,4239
1689062999105,-265136,4239
1689062999106,-265136,4239
1689062999110,-265136,4239
1689062999112,-265136,4239
1689062999113,-265136,4239
1689062999114,-265136,4239
1689062999115,-265136,4239
1689062999119,-265136,4239
1689062999125,-265136,4239
1689062999128,-265136,4239
1689062999130,-265136,4239
1689062999131,-265136,4239
1689062999133,-265136,4239
1689062999134,-265136,4239
1689062999136,-265136,4239
1689062999137,-265136,4239
1689062999139,-265136,4239
1689062999140,-265136,4239
1689062999143,-265136,4239
1689062999145,-265136,4239
1689062999147,-265136,4239
1689062999153,-265136,4239
1689062999157,-265136,4239
1689062999159,-265136,4239
1689062999161,-265136,4239
1689062999163,-265136,4239
1689062999165,-265136,4239
1689062999167,-265136,4239
1689062999169,-265136,4239
1689062999170,-265136,4239
1689062999172,-265136,4239
1689062999174,-265136,4239
1689062999176,-265136,4239
1689062999179,-265136,4239
1689062999181,-265136,4239
1689062999183,-265136,4239
1689062999186,-265136,4239
1689062999189,-265136,4239
1689062999192,-265136,4239
1689062999195,-265136,4239
1689062999198,-265136,4239
1689062999200,-265136,4239
1689062999202,-265136,4239
1689062999203,-265136,4239
1689062999205,-265136,4239
1689062999206,-265136,4239
1689062999211,-265136,4239
1689062999213,-265136,4239
1689062999215,-265136,4239
1689062999216,-265136,4239
1689062999218,-265136,4239
1689062999221,-265136,4239
1689062999224,-265136,4239
1689062999225,-265136,4239
1689062999226,-265136,4239
1689062999227,-265136,4239
1689062999229,-265136,4239
1689062999232,-265136,4239
1689062999233,-265136,4239
1689062999234,-265136,4239
1689062999235,-265136,4239
1689062999236,-265136,4239
1689062999238,-265136,4239
1689062999239,-265136,4239
1689062999242,-265136,4239
1689062999244,-265136,4239
1689062999245,-265136,4239
1689062999249,-265136,4239
1689062999253,-265136,4239
1689062999256,-265136,4239
1689062999257,-265136,4239
1689062999259,-265136,4239
1689062999260,-265136,4239
1689062999261,-265136,4239
1689062999262,-265136,4239
1689062999262,-265136,4239
1689062999264,-265136,4239
1689062999265,-265136,4239
1689062999268,-265136,4239
1689062999270,-265136,4239
1689062999271,-265136,4239
1689062999275,-265136,4239
1689062999278,-265136,4239
1689062999280,-265136,4239
1689062999281,-265136,4239
1689062999284,-265136,4239
1689062999287,-265136,4239
1689062999290,-265136,4239
1689062999292,-265136,4239
1689062999294,-265136,4239
1689062999295,-265136,4239
1689062999297,-265136,4239
1689062999299,-265136,4239
1689062999301,-265136,4239
1689062999303,-265136,4239
1689062999305,-265136,4239
1689062999309,-265136,4239
1689062999312,-265136,4239
1689062999313,-265136,4239
1689062999314,-265136,4239
1689062999316,-265136,4239
1689062999319,-265136,4239
1689062999323,-265136,4239
1689062999325,-265136,4239
1689062999328,-265136,4239
1689062999330,-265136,4239
1689062999331,-265136,4239
1689062999333,-265136,4239
1689062999334,-265136,4239
1689062999336,-265136,4239
1689062999338,-265136,4239
1689062999340,-265136,4239
1689062999344,-265136,4239
1689062999346,-265136,4239
1689062999348,-265136,4239
1689062999351,-265136,4239
1689062999355,-265136,4239
1689062999358,-265136,4239
1689062999359,-265136,4239
1689062999361,-265136,4239
1689062999362,-265136,4239
1689062999363,-265136,4239
1689062999364,-265136,4239
1689062999366,-265136,4239
1689062999368,-265136,4239
1689062999370,-265136,4239
1689062999371,-265136,4239
1689062999372,-265136,4239
1689062999376,-265136,4239
1689062999378,-265136,4239
1689062999380,-265136,4239
1689062999381,-265136,4239
1689062999382,-265136,4239
1689062999383,-265136,4239
1689062999389,-265136,4239
1689062999391,-265136,4239
1689062999392,-265136,4239
1689062999394,-265136,4239
1689062999395,-265136,4239
1689062999396,-265136,4239
1689062999397,-265136,4239
1689062999398,-265136,4239
1689062999400,-265136,4239
1689062999401,-265136,4239
1689062999402,-265136,4239
1689062999403,-265136,4239
1689062999404,-265136,4239
1689062999405,-265136,4239
1689062999409,-265136,4239
1689062999411,-265136,4239
1689062999412,-265136,4239
1689062999413,-265136,4239
1689062999414,-265136,4239
1689062999416,-265136,4239
1689062999417,-265136,4239
1689062999419,-265136,4239
1689062999425,-265136,4239
1689062999427,-265136,4239
1689062999428,-265136,4239
1689062999430,-265136,4239
1689062999431,-265136,4239
1689062999437,-265136,4239
1689062999439,-265136,4239
1689062999442,-265136,4239
1689062999444,-265136,4239
1689062999445,-265136,4239
1689062999446,-265136,4239
1689062999452,-265136,4239
1689062999460,-265136,4239
1689062999465,-265136,4239
1689062999469,-265136,4239
1689062999475,-265136,4239
1689062999479,-265136,4239
1689062999481,-265136,4239
1689062999483,-265136,4239
1689062999487,-265136,4239
1689062999489,-265136,4239
1689062999491,-265136,4239
1689062999492,-265136,4239
1689062999493,-265136,4239
1689062999494,-265136,4239
1689062999495,-265136,4239
1689062999496,-265136,4239
1689062999498,-265136,4239
1689062999499,-265136,4239
1689062999501,-265136,4239
1689062999502,-265136,4239
1689062999503,-265136,4239
1689062999504,-265136,4239
1689062999505,-265136,4239
1689062999506,-265136,4239
1689062999508,-265136,4239
1689062999510,-265136,4239
1689062999511,-265136,4239
1689062999512,-265136,4239
1689062999514,-265136,4239
1689062999515,-265136,4239
1689062999516,-265136,4239
1689062999520,-265136,4239
1689062999523,-265136,4239
1689062999525,-265136,4239
1689062999526,-265136,4239
1689062999528,-265136,4239
1689062999529,-265136,4239
1689062999530,-265136,4239
1689062999531,-265136,4239
1689062999532,-265136,4239
1689062999533,-265136,4239
1689062999534,-265136,4239
1689062999536,-265136,4239
1689062999537,-265136,4239
1689062999539,-265136,4239
1689062999540,-265136,4239
1689062999542,-265136,4239
1689062999543,-265136,4239
1689062999545,-265136,4239
1689062999546,-265136,4239
1689062999547,-265136,4239
1689062999549,-265136,4239
1689062999555,-265136,4239
1689062999557,-265136,4239
1689062999559,-265136,4239
1689062999561,-265136,4239
1689062999562,-265136,4239
1689062999564,-265136,4239
1689062999566,-265136,4239
1689062999567,-265136,4239
1689062999569,-265136,4239
1689062999572,-265136,4239
1689062999575,-265136,4239
1689062999578,-265136,4239
1689062999580,-265136,4239
1689062999581,-265136,4239
1689062999583,-265136,4239
1689062999587,-265136,4239
1689062999590,-265136,4239
1689062999592,-265136,4239
1689062999594,-265136,4239
1689062999596,-265136,4239
1689062999598,-265136,4239
1689062999600,-265136,4239
1689062999601,-265136,4239
1689062999603,-265136,4239
1689062999604,-265136,4239
1689062999605,-265136,4239
1689062999608,-265136,4239
1689062999611,-265136,4239
1689062999614,-265136,4239
1689062999617,-265136,4239
1689062999621,-265136,4239
1689062999624,-265136,4239
1689062999626,-265136,4239
1689062999628,-265136,4239
1689062999630,-265136,4239
1689062999632,-265136,4239
1689062999634,-265136,4239
1689062999636,-265136,4239
1689062999638,-265136,4239
1689062999640,-265136,4239
1689062999643,-265136,4239
1689062999645,-265136,4239
1689062999647,-265136,4239
1689062999651,-265136,4239
1689062999655,-265136,4239
1689062999658,-265136,4239
1689062999660,-265136,4239
1689062999661,-265136,4239
1689062999663,-265136,4239
1689062999664,-265136,4239
1689062999666,-265136,4239
1689062999668,-265136,4239
1689062999670,-265136,4239
1689062999672,-265136,4239
1689062999673,-265136,4239
1689062999675,-265136,4239
1689062999677,-265136,4239
1689062999679,-265136,4239
1689062999680,-265136,4239
1689062999682,-265136,4239
1689062999683,-265136,4239
1689062999686,-265136,4239
1689062999690,-265136,4239
1689062999693,-265136,4239
1689062999694,-265136,4239
1689062999696,-265136,4239
1689062999698,-265136,4239
1689062999700,-265136,4239
1689062999701,-265136,4239
1689062999703,-265136,4239
1689062999704,-265136,4239
1689062999705,-265136,4239
1689062999706,-265136,4239
1689062999710,-265136,4239
1689062999713,-265136,4239
1689062999714,-265136,4239
1689062999716,-265136,4239
1689062999720,-265136,4239
1689062999723,-265136,4239
1689062999725,-265136,4239
1689062999728,-265136,4239
1689062999729,-265136,4239
1689062999731,-265136,4239
1689062999733,-265136,4239
1689062999734,-265136,4239
1689062999736,-265136,4239
1689062999738,-265136,4239
1689062999739,-265136,4239
1689062999743,-265136,4239
1689062999745,-265136,4239
1689062999747,-265136,4239
1689062999750,-265136,4239
1689062999755,-265136,4239
1689062999759,-265136,4239
1689062999761,-265136,4239
1689062999763,-265136,4239
1689062999765,-265136,4239
1689062999769,-265136,4239
1689062999771,-265136,4239
1689062999773,-265136,4239
1689062999775,-265136,4239
1689062999777,-265136,4239
1689062999779,-265136,4239
1689062999780,-265136,4239
1689062999781,-265136,4239
1689062999782,-265136,4239
1689062999787,-265136,4239
1689062999793,-265136,4239
1689062999796,-265136,4239
1689062999798,-265136,4239
1689062999800,-265136,4239
1689062999801,-265136,4239
1689062999803,-265136,4239
1689062999805,-265136,4239
1689062999806,-265136,4239
1689062999807,-265136,4239
1689062999810,-265136,4239
1689062999812,-265136,4239
1689062999814,-265136,4239
1689062999815,-265136,4239
1689062999819,-265136,4239
1689062999825,-265136,4239
1689062999828,-265136,4239
1689062999830,-265136,4239
1689062999832,-265136,4239
1689062999834,-265136,4239
1689062999836,-265136,4239
1689062999837,-265136,4239
1689062999839,-265136,4239
1689062999841,-265136,4239
1689062999843,-265136,4239
1689062999845,-265136,4239
1689062999848,-265136,4239
1689062999853,-265136,4239
1689062999856,-265136,4239
1689062999858,-265136,4239
1689062999859,-265136,4239
1689062999861,-265136,4239
1689062999861,-265136,4239
1689062999862,-265136,4239
1689062999863,-265136,4239
1689062999865,-265136,4239
1689062999866,-265136,4239
1689062999868,-265136,4239
1689062999869,-265136,4239
1689062999870,-265136,4239
1689062999871,-265136,4239
1689062999872,-265136,4239
1689062999873,-265136,4239
1689062999875,-265136,4239
1689062999876,-265136,4239
1689062999878,-265136,4239
1689062999879,-265136,4239
1689062999881,-265136,4239
1689062999882,-265136,4239
1689062999883,-265136,4239
1689062999887,-265136,4239
1689062999889,-265136,4239
1689062999890,-265136,4239
1689062999891,-265136,4239
1689062999892,-265136,4239
1689062999893,-265136,4239
1689062999894,-265136,4239
1689062999895,-265136,4239
1689062999896,-265136,4239
1689062999898,-265136,4239
1689062999899,-265136,4239
1689062999900,-265136,4239
1689062999902,-265136,4239
1689062999903,-265136,4239
1689062999904,-265136,4239
1689062999905,-265136,4239
1689062999908,-265136,4239
1689062999913,-265136,4239
1689062999915,-265136,4239
1689062999918,-265136,4239
1689062999925,-265136,4239
1689062999929,-265136,4239
1689062999932,-265136,4239
1689062999934,-265136,4239
1689062999935,-265136,4239
1689062999938,-265136,4239
1689062999939,-265136,4239
1689062999942,-265136,4239
1689062999945,-265136,4239
1689062999946,-265136,4239
1689062999948,-265136,4239
1689062999951,-265136,4239
1689062999955,-265136,4239
1689062999959,-265136,4239
1689062999961,-265136,4239
1689062999962,-265136,4239
1689062999964,-265136,4239
1689062999965,-265136,4239
1689062999967,-265136,4239
1689062999969,-265136,4239
1689062999971,-265136,4239
1689062999973,-265136,4239
1689062999974,-265136,4239
1689062999976,-265136,4239
1689062999979,-265136,4239
1689062999980,-265136,4239
1689062999982,-265136,4239
1689062999984,-265136,4239
1689062999988,-265136,4239
1689062999990,-265136,4239
1689062999992,-265136,4239
1689062999993,-265136,4239
1689062999994,-265136,4239
1689063000001,-265136,4239
1689063000010,-265136,4239
1689063000012,-265136,4239
1689063000014,-265136,4239
1689063000016,-265136,4239
1689063000020,-265136,4239
1689063000026,-265136,4239
1689063000028,-265136,4239
1689063000030,-265136,4239
1689063000031,-265136,4239
1689063000032,-265136,4239
1689063000034,-265136,4239
1689063000036,-265136,4239
1689063000044,-265136,4239
1689063000046,-265136,4239
1689063000048,-265136,4239
1689063000051,-265136,4239
1689063000053,-265136,4239
1689063000057,-265136,4239
1689063000059,-265136,4239
1689063000061,-265136,4239
1689063000062,-265136,4239
1689063000064,-265136,4239
1689063000065,-265136,4239
1689063000067,-265136,4239
1689063000069,-265136,4239
1689063000071,-265136,4239
1689063000072,-265136,4239
1689063000074,-265136,4239
1689063000077,-265136,4239
1689063000079,-265136,4239
1689063000080,-265136,4239
1689063000082,-265136,4239
1689063000083,-265136,4239
1689063000084,-265136,4239
1689063000089,-265136,4239
1689063000090,-265136,4239
1689063000091,-265136,4239
1689063000092,-265136,4239
1689063000093,-265136,4239
1689063000094,-265136,4239
1689063000095,-265136,4239
1689063000097,-265136,4239
1689063000098,-265136,4239
1689063000099,-265136,4239
1689063000101,-265136,4239
1689063000102,-265136,4239
1689063000103,-265136,4239
1689063000104,-265136,4239
1689063000105,-265136,4239
1689063000106,-265136,4239
1689063000110,-265136,4239
1689063000112,-265136,4239
1689063000113,-265136,4239
1689063000114,-265136,4239
1689063000116,-265136,4239
1689063000119,-265136,4239
1689063000122,-265136,4239
1689063000124,-265136,4239
1689063000125,-265136,4239
1689063000127,-265136,4239
1689063000129,-265136,4239
1689063000132,-265136,4239
1689063000134,-265136,4239
1689063000135,-265136,4239
1689063000136,-265136,4239
1689063000137,-265136,4239
1689063000139,-265136,4239
1689063000142,-265136,4239
1689063000144,-265136,4239
1689063000145,-265136,4239
1689063000146,-265136,4239
1689063000148,-265136,4239
1689063000152,-265136,4239
1689063000154,-265136,4239
1689063000156,-265136,4239
1689063000158,-265136,4239
1689063000160,-265136,4239
1689063000161,-265136,4239
1689063000162,-265136,4239
1689063000163,-265136,4239
1689063000164,-265136,4239
1689063000165,-265136,4239
1689063000166,-265136,4239
1689063000168,-265136,4239
1689063000169,-265136,4239
1689063000170,-265136,4239
1689063000171,-265136,4239
1689063000172,-265136,4239
1689063000173,-265136,4239
1689063000174,-265136,4239
1689063000176,-265136,4239
1689063000177,-265136,4239
1689063000178,-265136,4239
1689063000180,-265136,4239
1689063000181,-265136,4239
1689063000182,-265136,4239
1689063000183,-265136,4239
1689063000186,-265136,4239
1689063000188,-265136,4239
1689063000190,-265136,4239
1689063000191,-265136,4239
1689063000192,-265136,4239
1689063000193,-265136,4239
1689063000195,-265136,4239
1689063000196,-265136,4239
1689063000197,-265136,4239
1689063000198,-265136,4239
1689063000200,-265136,4239
1689063000201,-265136,4239
1689063000203,-265136,4239
1689063000204,-265136,4239
1689063000205,-265136,4239
1689063000208,-265136,4239
1689063000211,-265136,4239
1689063000213,-265136,4239
1689063000215,-265136,4239
1689063000217,-265136,4239
1689063000221,-265136,4239
1689063000225,-265136,4239
1689063000227,-265136,4239
1689063000228,-265136,4239
1689063000230,-265136,4239
1689063000232,-265136,4239
1689063000234,-265136,4239
1689063000236,-265136,4239
1689063000237,-265136,4239
1689063000239,-265136,4239
1689063000244,-265136,4239
1689063000248,-265136,4239
1689063000251,-265136,4239
1689063000255,-265136,4239
1689063000260,-265136,4239
1689063000263,-265136,4239
1689063000264,-265136,4239
1689063000266,-265136,4239
1689063000269,-265136,4239
1689063000270,-265136,4239
1689063000272,-265136,4239
1689063000276,-265136,4239
1689063000279,-253906,4239
1689063000281,-253906,4239
1689063000284,-253906,4239
1689063000289,-253906,4239
1689063000291,-253906,4239
1689063000293,-253906,4239
1689063000295,-253906,4239
1689063000296,-253906,4239
1689063000298,-253906,4239
1689063000300,-253906,4239
1689063000302,-253906,4239
1689063000303,-253906,4239
1689063000305,-253906,4239
1689063000307,-253906,4239
1689063000311,-253906,4239
1689063000313,-253906,4239
1689063000315,-253906,4239
1689063000317,-253906,4239
1689063000321,-253906,4239
1689063000323,-253906,4239
1689063000325,-253906,4239
1689063000327,-253906,4239
1689063000329,-253906,4239
1689063000330,-253906,4239
1689063000332,-253906,4239
1689063000333,-253906,4239
1689063000335,-253906,4239
1689063000336,-253906,4239
1689063000341,-253906,4239
1689063000343,-253906,4239
1689063000345,-253906,4239
1689063000347,-253906,4239
1689063000348,-253906,4239
1689063000349,-253906,4239
1689063000352,-253906,4239
1689063000355,-253906,4239
1689063000358,-253906,4239
1689063000359,-253906,4239
1689063000361,-253906,4239
1689063000362,-253906,4239
1689063000363,-253906,4239
1689063000364,-253906,4239
1689063000365,-253906,4239
1689063000367,-253906,4239
1689063000368,-253906,4239
1689063000369,-253906,4239
1689063000370,-253906,4239
1689063000371,-253906,4239
1689063000372,-253906,4239
1689063000375,-253906,4239
1689063000379,-253906,4239
1689063000380,-253906,4239
1689063000382,-253906,4239
1689063000383,-253906,4239
1689063000385,-253906,4239
1689063000387,-253906,4239
1689063000391,-253906,4239
1689063000394,-253906,4239
1689063000395,-253906,4239
1689063000397,-253906,4239
1689063000398,-253906,4239
1689063000399,-253906,4239
1689063000401,-253906,4239
1689063000402,-253906,4239
1689063000403,-253906,4239
1689063000405,-253906,4239
1689063000406,-253906,4239
1689063000410,-253906,4239
1689063000412,-253906,4239
1689063000413,-253906,4239
1689063000414,-253906,4239
1689063000415,-253906,4239
1689063000417,-253906,4239
1689063000421,-253906,4239
1689063000423,-253906,4239
1689063000425,-253906,4239
1689063000426,-253906,4239
1689063000427,-253906,4239
1689063000428,-253906,4239
1689063000430,-253906,4239
1689063000431,-253906,4239
1689063000432,-253906,4239
1689063000434,-253906,4239
1689063000436,-253906,4239
1689063000438,-253906,4239
1689063000440,-253906,4239
1689063000441,-253906,4239
1689063000442,-253906,4239
1689063000444,-253906,4239
1689063000445,-253906,4239
1689063000446,-253906,4239
1689063000448,-253906,4239
1689063000453,-253906,4239
1689063000457,-253906,4239
1689063000459,-253906,4239
1689063000461,-253906,4239
1689063000464,-253906,4239
1689063000466,-253906,4239
1689063000468,-253906,4239
1689063000470,-253906,4239
1689063000471,-253906,4239
1689063000472,-253906,4239
1689063000474,-253906,4239
1689063000475,-253906,4239
1689063000476,-253906,4239
1689063000477,-253906,4239
1689063000478,-253906,4239
1689063000479,-253906,4239
1689063000481,-253906,4239
1689063000482,-253906,4239
1689063000484,-253906,4239
1689063000488,-253906,4239
1689063000490,-253906,4239
1689063000491,-253906,4239
1689063000493,-253906,4239
1689063000494,-253906,4239
1689063000495,-253906,4239
1689063000495,-253906,4239
1689063000496,-253906,4239
1689063000498,-253906,4239
1689063000498,-253906,4239
1689063000499,-253906,4239
1689063000500,-253906,4239
1689063000502,-253906,4239
1689063000503,-253906,4239
1689063000504,-253906,4239
1689063000505,-253906,4239
1689063000506,-253906,4239
1689063000507,-253906,4239
1689063000510,-253906,4239
1689063000512,-253906,4239
1689063000513,-253906,4239
1689063000514,-253906,4239
1689063000516,-253906,4239
1689063000519,-253906,4239
1689063000522,-253906,4239
1689063000524,-253906,4239
1689063000526,-253906,4239
1689063000528,-253906,4239
1689063000530,-253906,4239
1689063000532,-253906,4239
1689063000534,-253906,4239
1689063000535,-253906,4239
1689063000538,-253906,4239
1689063000539,-253906,4239
1689063000541,-253906,4239
1689063000543,-253906,4239
1689063000545,-253906,4239
1689063000547,-253906,4239
1689063000550,-253906,4239
1689063000552,-253906,4239
1689063000558,-253906,4239
1689063000561,-253906,4239
1689063000562,-253906,4239
1689063000564,-253906,4239
1689063000565,-253906,4239
1689063000567,-253906,4239
1689063000569,-253906,4239
1689063000571,-253906,4239
1689063000572,-253906,4239
1689063000574,-253906,4239
1689063000575,-253906,4239
1689063000578,-253906,4239
1689063000580,-253906,4239
1689063000581,-253906,4239
1689063000583,-253906,4239
1689063000585,-253906,4239
1689063000589,-253906,4239
1689063000591,-253906,4239
1689063000592,-253906,4239
1689063000593,-253906,4239
1689063000595,-253906,4239
1689063000596,-253906,4239
1689063000599,-253906,4239
1689063000600,-253906,4239
1689063000601,-253906,4239
1689063000602,-253906,4239
1689063000603,-253906,4239
1689063000604,-253906,4239
1689063000605,-253906,4239
1689063000606,-253906,4239
1689063000608,-253906,4239
1689063000610,-253906,4239
1689063000612,-253906,4239
1689063000613,-253906,4239
1689063000615,-253906,4239
1689063000622,-253906,4239
1689063000624,-253906,4239
1689063000626,-253906,4239
1689063000628,-253906,4239
1689063000630,-253906,4239
1689063000631,-253906,4239
1689063000632,-253906,4239
1689063000634,-253906,4239
1689063000635,-253906,4239
1689063000637,-253906,4239
1689063000638,-253906,4239
1689063000640,-253906,4239
1689063000643,-253906,4239
1689063000645,-253906,4239
1689063000647,-253906,4239
1689063000648,-253906,4239
1689063000652,-253906,4239
1689063000655,-253906,4239
1689063000658,-253906,4239
1689063000659,-253906,4239
1689063000661,-253906,4239
1689063000662,-253906,4239
1689063000663,-253906,4239
1689063000665,-253906,4239
1689063000667,-253906,4239
1689063000669,-253906,4239
1689063000671,-253906,4239
1689063000673,-253906,4239
1689063000674,-253906,4239
1689063000679,-253906,4239
1689063000681,-253906,4239
1689063000683,-253906,4239
1689063000686,-253906,4239
1689063000690,-253906,4239
1689063000692,-253906,4239
1689063000693,-253906,4239
1689063000694,-253906,4239
1689063000695,-253906,4239
1689063000696,-253906,4239
1689063000699,-253906,4239
1689063000702,-253906,4239
1689063000707,-253906,4239
1689063000723,-253906,4239
1689063000727,-253906,4239
1689063000730,-253906,4239
1689063000733,-253906,4239
1689063000735,-253906,4239
1689063000740,-253906,4239
1689063000744,-253906,4239
1689063000748,-253906,4239
1689063000752,-253906,4239
1689063000755,-253906,4239
1689063000757,-253906,4239
1689063000758,-253906,4239
1689063000760,-253906,4239
1689063000761,-253906,4239
1689063000763,-253906,4239
1689063000764,-253906,4239
1689063000766,-253906,4239
1689063000767,-253906,4239
1689063000769,-253906,4239
1689063000770,-253906,4239
1689063000771,-253906,4239
1689063000773,-253906,4239
1689063000774,-253906,4239
1689063000776,-253906,4239
1689063000778,-253906,4239
1689063000780,-253906,4239
1689063000781,-253906,4239
1689063000782,-253906,4239
1689063000783,-253906,4239
1689063000784,-253906,4239
1689063000788,-253906,4239
1689063000791,-253906,4239
1689063000792,-253906,4239
1689063000794,-253906,4239
1689063000795,-253906,4239
1689063000798,-253906,4239
1689063000800,-253906,4239
1689063000802,-253906,4239
1689063000803,-253906,4239
1689063000804,-253906,4239
1689063000805,-253906,4239
1689063000809,-253906,4239
1689063000811,-253906,4239
1689063000813,-253906,4239
1689063000814,-253906,4239
1689063000815,-253906,4239
1689063000819,-253906,4239
1689063000821,-253906,4239
1689063000823,-253906,4239
1689063000824,-253906,4239
1689063000826,-253906,4239
1689063000827,-253906,4239
1689063000829,-253906,4239
1689063000830,-253906,4239
1689063000832,-253906,4239
1689063000833,-253906,4239
1689063000835,-253906,4239
1689063000836,-253906,4239
1689063000838,-253906,4239
1689063000839,-253906,4239
1689063000841,-253906,4239
1689063000842,-253906,4239
1689063000845,-253906,4239
1689063000846,-253906,4239
1689063000849,-253906,4239
1689063000852,-253906,4239
1689063000856,-253906,4239
1689063000859,-253906,4239
1689063000861,-253906,4239
1689063000862,-253906,4239
1689063000864,-253906,4239
1689063000865,-253906,4239
1689063000868,-253906,4239
1689063000870,-253906,4239
1689063000872,-253906,4239
1689063000873,-253906,4239
1689063000880,-253906,4239
1689063000882,-253906,4239
1689063000884,-253906,4239
1689063000889,-253906,4239
1689063000892,-253906,4239
1689063000893,-253906,4239
1689063000895,-253906,4239
1689063000897,-253906,4239
1689063000899,-253906,4239
1689063000901,-253906,4239
1689063000903,-253906,4239
1689063000904,-253906,4239
1689063000906,-253906,4239
1689063000910,-253906,4239
1689063000912,-253906,4239
1689063000913,-253906,4239
1689063000915,-253906,4239
1689063000916,-253906,4239
1689063000921,-253906,4239
1689063000923,-253906,4239
1689063000924,-253906,4239
1689063000925,-253906,4239
1689063000926,-253906,4239
1689063000928,-253906,4239
1689063000930,-253906,4239
1689063000931,-253906,4239
1689063000932,-253906,4239
1689063000933,-253906,4239
1689063000935,-253906,4239
1689063000936,-253906,4239
1689063000939,-253906,4239
1689063000940,-253906,4239
1689063000941,-253906,4239
1689063000943,-253906,4239
1689063000944,-253906,4239
1689063000945,-253906,4239
1689063000946,-253906,4239
1689063000948,-253906,4239
1689063000951,-253906,4239
1689063000953,-253906,4239
1689063000958,-253906,4239
1689063000961,-253906,4239
1689063000963,-253906,4239
1689063000964,-253906,4239
1689063000966,-253906,4239
1689063000968,-253906,4239
1689063000970,-253906,4239
1689063000972,-253906,4239
1689063000973,-253906,4239
1689063000977,-253906,4239
1689063000979,-253906,4239
1689063000981,-253906,4239
1689063000983,-253906,4239
1689063000985,-253906,4239
1689063000990,-253906,4239
1689063000992,-253906,4239
1689063000994,-253906,4239
1689063000995,-253906,4239
1689063000996,-253906,4239
1689063000998,-253906,4239
1689063001000,-253906,4239
1689063001002,-253906,4239
1689063001005,-253906,4239
1689063001007,-253906,4239
1689063001011,-253906,4239
1689063001013,-253906,4239
1689063001014,-253906,4239
1689063001016,-253906,4239
1689063001017,-253906,4239
1689063001024,-253906,4239
1689063001025,-253906,4239
1689063001026,-253906,4239
1689063001028,-253906,4239
1689063001029,-253906,4239
1689063001031,-253906,4239
1689063001032,-253906,4239
1689063001033,-253906,4239
1689063001035,-253906,4239
1689063001037,-253906,4239
1689063001040,-253906,4239
1689063001044,-253906,4239
1689063001046,-253906,4239
1689063001048,-253906,4239
1689063001050,-253906,4239
1689063001054,-253906,4239
1689063001056,-253906,4239
1689063001057,-253906,4239
1689063001059,-253906,4239
1689063001060,-253906,4239
1689063001060,-253906,4239
1689063001061,-253906,4239
1689063001062,-253906,4239
1689063001063,-253906,4239
1689063001064,-253906,4239
1689063001065,-253906,4239
1689063001066,-253906,4239
1689063001069,-253906,4239
1689063001070,-253906,4239
1689063001072,-253906,4239
1689063001073,-253906,4239
1689063001077,-253906,4239
1689063001079,-253906,4239
1689063001080,-253906,4239
1689063001081,-253906,4239
1689063001082,-253906,4239
1689063001083,-253906,4239
1689063001087,-253906,4239
1689063001088,-253906,4239
1689063001089,-253906,4239
1689063001090,-253906,4239
1689063001091,-253906,4239
1689063001092,-253906,4239
1689063001092,-253906,4239
1689063001093,-253906,4239
1689063001094,-253906,4239
1689063001095,-253906,4239
1689063001096,-253906,4239
1689063001097,-253906,4239
1689063001098,-253906,4239
1689063001099,-253906,4239
1689063001101,-253906,4239
1689063001103,-253906,4239
1689063001104,-253906,4239
1689063001105,-253906,4239
1689063001106,-253906,4239
1689063001108,-253906,4239
1689063001111,-253906,4239
1689063001112,-253906,4239
1689063001114,-253906,4239
1689063001115,-253906,4239
1689063001117,-253906,4239
1689063001119,-253906,4239
1689063001121,-253906,4239
1689063001123,-253906,4239
1689063001124,-253906,4239
1689063001126,-253906,4239
1689063001127,-253906,4239
1689063001129,-253906,4239
1689063001130,-253906,4239
1689063001131,-253906,4239
1689063001134,-253906,4239
1689063001136,-253906,4239
1689063001138,-253906,4239
1689063001139,-253906,4239
1689063001141,-253906,4239
1689063001144,-253906,4239
1689063001146,-253906,4239
1689063001148,-253906,4239
1689063001151,-253906,4239
1689063001155,-253906,4239
1689063001158,-253906,4239
1689063001160,-253906,4239
1689063001162,-253906,4239
1689063001164,-253906,4239
1689063001167,-253906,4239
1689063001171,-253906,4239
1689063001176,-253906,4239
1689063001179,-253906,4239
1689063001182,-253906,4239
1689063001184,-253906,4239
1689063001186,-253906,4239
1689063001193,-253906,4239
1689063001195,-253906,4239
1689063001197,-253906,4239
1689063001199,-253906,4239
1689063001201,-253906,4239
1689063001204,-253906,4239
1689063001206,-253906,4239
1689063001211,-253906,4239
1689063001213,-253906,4239
1689063001215,-253906,4239
1689063001217,-253906,4239
1689063001219,-253906,4239
1689063001223,-253906,4239
1689063001225,-253906,4239
1689063001227,-253906,4239
1689063001229,-253906,4239
1689063001230,-253906,4239
1689063001232,-253906,4239
1689063001234,-253906,4239
1689063001236,-253906,4239
1689063001238,-253906,4239
1689063001240,-253906,4239
1689063001242,-253906,4239
1689063001247,-253906,4239
1689063001249,-253906,4239
1689063001251,-253906,4239
1689063001256,-253906,4239
1689063001260,-253906,4239
1689063001262,-253906,4239
1689063001263,-253906,4239
1689063001264,-253906,4239
1689063001265,-253906,4239
1689063001266,-253906,4239
1689063001269,-253906,4239
1689063001271,-253906,4239
1689063001273,-253906,4239
1689063001274,-253906,4239
1689063001276,-253906,4239
1689063001278,-253906,4239
1689063001280,-253906,4239
1689063001281,-253906,4239
1689063001282,-253906,4239
1689063001284,-253906,4239
1689063001288,-253906,4239
1689063001291,-253906,4239
1689063001293,-253906,4239
1689063001294,-253906,4239
1689063001295,-253906,4239
1689063001296,-253906,4239
1689063001297,-253906,4239
1689063001298,-253906,4239
1689063001301,-253906,4239
1689063001304,-253906,4239
1689063001306,-253906,4239
1689063001309,-253906,4239
1689063001311,-253906,4239
1689063001313,-253906,4239
1689063001314,-253906,4239
1689063001316,-253906,4239
1689063001319,-253906,4239
1689063001321,-253906,4239
1689063001323,-253906,4239
1689063001324,-253906,4239
1689063001326,-253906,4239
1689063001328,-253906,4239
1689063001330,-253906,4239
1689063001332,-253906,4239
1689063001334,-253906,4239
1689063001338,-253906,4239
1689063001340,-253906,4239
1689063001341,-253906,4239
1689063001343,-253906,4239
1689063001344,-253906,4239
1689063001346,-253906,4239
1689063001349,-253906,4239
1689063001351,-253906,4239
1689063001355,-253906,4239
1689063001358,-253906,4239
1689063001360,-253906,4239
1689063001361,-253906,4239
1689063001363,-253906,4239
1689063001365,-253906,4239
1689063001366,-253906,4239
1689063001370,-253906,4239
1689063001373,-253906,4239
1689063001374,-253906,4239
1689063001380,-253906,4239
1689063001382,-253906,4239
1689063001384,-253906,4239
1689063001386,-253906,4239
1689063001388,-253906,4239
1689063001393,-253906,4239
1689063001395,-253906,4239
1689063001396,-253906,4239
1689063001398,-253906,4239
1689063001400,-253906,4239
1689063001402,-253906,4239
1689063001404,-253906,4239
1689063001411,-253906,4239
1689063001413,-253906,4239
1689063001414,-253906,4239
1689063001416,-253906,4239
1689063001418,-253906,4239
1689063001422,-253906,4239
1689063001424,-253906,4239
1689063001425,-253906,4239
1689063001426,-253906,4239
1689063001427,-253906,4239
1689063001429,-253906,4239
1689063001430,-253906,4239
1689063001431,-253906,4239
1689063001432,-253906,4239
1689063001437,-253906,4239
1689063001439,-253906,4239
1689063001441,-253906,4239
1689063001442,-253906,4239
1689063001443,-253906,4239
1689063001445,-253906,4239
1689063001446,-253906,4239
1689063001448,-253906,4239
1689063001450,-253906,4239
1689063001455,-253906,4239
1689063001457,-253906,4239
1689063001459,-253906,4239
1689063001461,-253906,4239
1689063001462,-253906,4239
1689063001463,-253906,4239
1689063001465,-253906,4239
1689063001466,-253906,4239
1689063001470,-253906,4239
1689063001473,-253906,4239
1689063001477,-253906,4239
1689063001480,-253906,4239
1689063001482,-253906,4239
1689063001483,-253906,4239
1689063001485,-253906,4239
1689063001488,-253906,4239
1689063001491,-253906,4239
1689063001493,-253906,4239
1689063001495,-253906,4239
1689063001497,-253906,4239
1689063001500,-253906,4239
1689063001503,-253906,4239
1689063001506,-253906,4239
1689063001509,-253906,4239
1689063001513,-253906,4239
1689063001516,-253906,4239
1689063001518,-253906,4239
1689063001520,-253906,4239
1689063001522,-253906,4239
1689063001524,-253906,4239
1689063001525,-253906,4239
1689063001527,-253906,4239
1689063001529,-253906,4239
1689063001531,-253906,4239
1689063001533,-253906,4239
1689063001537,-253906,4239
1689063001540,-253906,4239
1689063001544,-253906,4239
1689063001547,-253906,4239
1689063001550,-253906,4239
1689063001554,-253906,4239
1689063001558,-253906,4239
1689063001561,-253906,4239
1689063001563,-253906,4239
1689063001565,-253906,4239
1689063001568,-253906,4239
1689063001571,-253906,4239
1689063001573,-253906,4239
1689063001574,-253906,4239
1689063001576,-253906,4239
1689063001578,-253906,4239
1689063001580,-253906,4239
1689063001581,-253906,4239
1689063001583,-253906,4239
1689063001585,-253906,4239
1689063001587,-253906,4239
1689063001590,-253906,4239
1689063001591,-253906,4239
1689063001593,-253906,4239
1689063001594,-253906,4239
1689063001595,-253906,4239
1689063001596,-253906,4239
1689063001597,-253906,4239
1689063001601,-253906,4239
1689063001603,-253906,4239
1689063001605,-253906,4239
1689063001607,-253906,4239
1689063001609,-253906,4239
1689063001610,-253906,4239
1689063001612,-253906,4239
1689063001613,-253906,4239
1689063001614,-253906,4239
1689063001615,-253906,4239
1689063001617,-253906,4239
1689063001619,-253906,4239
1689063001621,-253906,4239
1689063001622,-253906,4239
1689063001624,-253906,4239
1689063001625,-253906,4239
1689063001626,-253906,4239
1689063001627,-253906,4239
1689063001629,-253906,4239
1689063001633,-253906,4239
1689063001635,-253906,4239
1689063001638,-253906,4239
1689063001641,-253906,4239
1689063001646,-253906,4239
1689063001649,-253906,4239
1689063001651,-253906,4239
1689063001655,-253906,4239
1689063001657,-253906,4239
1689063001659,-253906,4239
1689063001661,-253906,4239
1689063001662,-253906,4239
1689063001664,-253906,4239
1689063001665,-253906,4239
1689063001667,-253906,4239
1689063001670,-253906,4239
1689063001672,-253906,4239
1689063001674,-253906,4239
1689063001680,-253906,4239
1689063001681,-253906,4239
1689063001683,-253906,4239
1689063001686,-253906,4239
1689063001689,-253906,4239
1689063001690,-253906,4239
1689063001691,-253906,4239
1689063001692,-253906,4239
1689063001693,-253906,4239
1689063001694,-253906,4239
1689063001695,-253906,4239
1689063001696,-253906,4239
1689063001697,-253906,4239
1689063001699,-253906,4239
1689063001700,-253906,4239
1689063001702,-253906,4239
1689063001704,-253906,4239
1689063001705,-253906,4239
1689063001706,-253906,4239
1689063001707,-253906,4239
1689063001708,-253906,4239
1689063001710,-253906,4239
1689063001711,-253906,4239
1689063001713,-253906,4239
1689063001714,-253906,4239
1689063001715,-253906,4239
1689063001716,-253906,4239
1689063001718,-253906,4239
1689063001722,-253906,4239
1689063001724,-253906,4239
1689063001725,-253906,4239
1689063001726,-253906,4239
1689063001727,-253906,4239
1689063001729,-253906,4239
1689063001730,-253906,4239
1689063001731,-253906,4239
1689063001732,-253906,4239
1689063001733,-253906,4239
1689063001735,-253906,4239
1689063001737,-253906,4239
1689063001738,-253906,4239
1689063001740,-253906,4239
1689063001740,-253906,4239
1689063001741,-253906,4239
1689063001745,-253906,4239
1689063001749,-253906,4239
1689063001755,-253906,4239
1689063001757,-267089,4239
1689063001759,-267089,4239
1689063001761,-267089,4239
1689063001762,-267089,4239
1689063001763,-267089,4239
1689063001764,-267089,4239
1689063001766,-267089,4239
1689063001767,-267089,4239
1689063001771,-267089,4239
1689063001774,-267089,4239
1689063001779,-267089,4239
1689063001781,-267089,4239
1689063001783,-267089,4239
1689063001785,-267089,4239
1689063001787,-267089,4239
1689063001790,-267089,4239
1689063001792,-267089,4239
1689063001793,-267089,4239
1689063001795,-267089,4239
1689063001796,-267089,4239
1689063001798,-267089,4239
1689063001800,-267089,4239
1689063001803,-267089,4239
1689063001806,-267089,4239
1689063001811,-267089,4239
1689063001814,-267089,4239
1689063001816,-267089,4239
1689063001818,-267089,4239
1689063001822,-267089,4239
1689063001825,-267089,4239
1689063001828,-267089,4239
1689063001829,-267089,4239
1689063001831,-267089,4239
1689063001832,-267089,4239
1689063001833,-267089,4239
1689063001836,-267089,4239
1689063001838,-267089,4239
1689063001840,-267089,4239
1689063001841,-267089,4239
1689063001842,-267089,4239
1689063001843,-267089,4239
1689063001844,-267089,4239
1689063001846,-267089,4239
1689063001847,-267089,4239
1689063001849,-267089,4239
1689063001851,-267089,4239
1689063001852,-267089,4239
1689063001853,-267089,4239
1689063001855,-267089,4239
1689063001856,-267089,4239
1689063001858,-267089,4239
1689063001859,-267089,4239
1689063001860,-267089,4239
1689063001861,-267089,4239
1689063001862,-267089,4239
1689063001863,-267089,4239
1689063001864,-267089,4239
1689063001865,-267089,4239
1689063001867,-267089,4239
1689063001869,-267089,4239
1689063001873,-267089,4239
1689063001878,-267089,4239
1689063001880,-267089,4239
1689063001881,-267089,4239
1689063001883,-267089,4239
1689063001884,-267089,4239
1689063001889,-267089,4239
1689063001890,-267089,4239
1689063001892,-267089,4239
1689063001893,-267089,4239
1689063001894,-267089,4239
1689063001896,-267089,4239
1689063001897,-267089,4239
1689063001899,-267089,4239
1689063001901,-267089,4239
1689063001903,-267089,4239
1689063001904,-267089,4239
1689063001906,-267089,4239
1689063001908,-267089,4239
1689063001912,-267089,4239
1689063001914,-267089,4239
1689063001916,-267089,4239
1689063001918,-267089,4239
1689063001921,-267089,4239
1689063001924,-267089,4239
1689063001926,-267089,4239
1689063001928,-267089,4239
1689063001930,-267089,4239
1689063001931,-267089,4239
1689063001935,-267089,4239
1689063001938,-267089,4239
1689063001940,-267089,4239
1689063001942,-267089,4239
1689063001945,-267089,4239
1689063001948,-267089,4239
1689063001950,-267089,4239
1689063001952,-267089,4239
1689063001953,-267089,4239
1689063001956,-267089,4239
1689063001958,-267089,4239
1689063001960,-267089,4239
1689063001961,-267089,4239
1689063001962,-267089,4239
1689063001963,-267089,4239
1689063001964,-267089,4239
1689063001965,-267089,4239
1689063001966,-267089,4239
1689063001968,-267089,4239
1689063001970,-267089,4239
1689063001972,-267089,4239
1689063001973,-267089,4239
1689063001974,-267089,4239
1689063001975,-267089,4239
1689063001979,-267089,4239
1689063001980,-267089,4239
1689063001982,-267089,4239
1689063001983,-267089,4239
1689063001984,-267089,4239
1689063001985,-267089,4239
1689063001990,-267089,4239
1689063001991,-267089,4239
1689063001993,-267089,4239
1689063001994,-267089,4239
1689063001995,-267089,4239
1689063001996,-267089,4239
1689063001997,-267089,4239
1689063001998,-267089,4239
1689063002000,-267089,4239
1689063002001,-267089,4239
1689063002003,-267089,4239
1689063002005,-267089,4239
1689063002008,-267089,4239
1689063002011,-267089,4239
1689063002012,-267089,4239
1689063002013,-267089,4239
1689063002014,-267089,4239
1689063002015,-267089,4239
1689063002016,-267089,4239
1689063002018,-267089,4239
1689063002021,-267089,4239
1689063002022,-267089,4239
1689063002024,-267089,4239
1689063002025,-267089,4239
1689063002026,-267089,4239
1689063002028,-267089,4239
1689063002029,-267089,4239
1689063002030,-267089,4239
1689063002031,-267089,4239
1689063002032,-267089,4239
1689063002033,-267089,4239
1689063002035,-267089,4239
1689063002037,-267089,4239
1689063002038,-267089,4239
1689063002039,-267089,4239
1689063002040,-267089,4239
1689063002041,-267089,4239
1689063002042,-267089,4239
1689063002043,-267089,4239
1689063002044,-267089,4239
1689063002046,-267089,4239
1689063002047,-267089,4239
1689063002050,-267089,4239
1689063002052,-267089,4239
1689063002053,-267089,4239
1689063002056,-267089,4239
1689063002058,-267089,4239
1689063002060,-267089,4239
1689063002062,-267089,4239
1689063002063,-267089,4239
1689063002064,-267089,4239
1689063002066,-267089,4239
1689063002067,-267089,4239
1689063002070,-267089,4239
1689063002072,-267089,4239
1689063002073,-267089,4239
1689063002075,-267089,4239
1689063002077,-267089,4239
1689063002079,-267089,4239
1689063002081,-267089,4239
1689063002082,-267089,4239
1689063002084,-267089,4239
1689063002086,-267089,4239
1689063002092,-267089,4239
1689063002094,-267089,4239
1689063002096,-267089,4239
1689063002098,-267089,4239
1689063002100,-267089,4239
1689063002102,-267089,4239
1689063002105,-267089,4239
1689063002107,-267089,4239
1689063002112,-267089,4239
1689063002114,-267089,4239
1689063002116,-267089,4239
1689063002118,-267089,4239
1689063002123,-267089,4239
1689063002125,-267089,4239
1689063002127,-267089,4239
1689063002130,-267089,4239
1689063002132,-267089,4239
1689063002134,-267089,4239
1689063002137,-267089,4239
1689063002139,-267089,4239
1689063002141,-267089,4239
1689063002146,-267089,4239
1689063002149,-267089,4239
1689063002152,-267089,4239
1689063002154,-267089,4239
1689063002159,-267089,4239
1689063002161,-267089,4239
1689063002162,-267089,4239
1689063002164,-267089,4239
1689063002166,-267089,4239
1689063002169,-267089,4239
1689063002172,-267089,4239
1689063002174,-267089,4239
1689063002178,-267089,4239
1689063002183,-267089,4239
1689063002185,-267089,4239
1689063002191,-267089,4239
1689063002195,-267089,4239
1689063002200,-267089,4239
1689063002203,-267089,4239
1689063002206,-267089,4239
1689063002210,-267089,4239
1689063002212,-267089,4239
1689063002214,-267089,4239
1689063002215,-267089,4239
1689063002217,-267089,4239
1689063002218,-267089,4239
1689063002220,-267089,4239
1689063002221,-267089,4239
1689063002223,-267089,4239
1689063002224,-267089,4239
1689063002225,-267089,4239
1689063002226,-267089,4239
1689063002228,-267089,4239
1689063002229,-267089,4239
1689063002230,-267089,4239
1689063002232,-267089,4239
1689063002234,-267089,4239
1689063002236,-267089,4239
1689063002238,-267089,4239
1689063002239,-267089,4239
1689063002240,-267089,4239
1689063002241,-267089,4239
1689063002242,-267089,4239
1689063002244,-267089,4239
1689063002245,-267089,4239
1689063002247,-267089,4239
1689063002248,-267089,4239
1689063002251,-267089,4239
1689063002252,-267089,4239
1689063002254,-267089,4239
1689063002257,-267089,4239
1689063002259,-267089,4239
1689063002261,-267089,4239
1689063002263,-267089,4239
1689063002264,-267089,4239
1689063002266,-267089,4239
1689063002268,-267089,4239
1689063002271,-267089,4239
1689063002273,-267089,4239
1689063002275,-267089,4239
1689063002279,-267089,4239
1689063002282,-267089,4239
1689063002284,-267089,4239
1689063002285,-267089,4239
1689063002287,-267089,4239
1689063002289,-267089,4239
1689063002291,-267089,4239
1689063002292,-267089,4239
1689063002294,-267089,4239
1689063002296,-267089,4239
1689063002299,-267089,4239
1689063002303,-267089,4239
1689063002306,-267089,4239
1689063002308,-267089,4239
1689063002310,-267089,4239
1689063002312,-267089,4239
1689063002314,-267089,4239
1689063002316,-267089,4239
1689063002319,-267089,4239
1689063002322,-267089,4239
1689063002325,-267089,4239
1689063002327,-267089,4239
1689063002329,-267089,4239
1689063002330,-267089,4239
1689063002332,-267089,4239
1689063002334,-267089,4239
1689063002337,-267089,4239
1689063002343,-267089,4239
1689063002345,-267089,4239
1689063002347,-267089,4239
1689063002349,-267089,4239
1689063002350,-267089,4239
1689063002351,-267089,4239
1689063002354,-267089,4239
1689063002357,-267089,4239
1689063002360,-267089,4239
1689063002361,-267089,4239
1689063002362,-267089,4239
1689063002363,-267089,4239
1689063002364,-267089,4239
1689063002365,-267089,4239
1689063002366,-267089,4239
1689063002369,-267089,4239
1689063002371,-267089,4239
1689063002372,-267089,4239
1689063002373,-267089,4239
1689063002374,-267089,4239
1689063002375,-267089,4239
1689063002376,-267089,4239
1689063002379,-267089,4239
1689063002380,-267089,4239
1689063002381,-267089,4239
1689063002382,-267089,4239
1689063002383,-267089,4239
1689063002384,-267089,4239
1689063002385,-267089,4239
1689063002388,-267089,4239
1689063002390,-267089,4239
1689063002391,-267089,4239
1689063002392,-267089,4239
1689063002393,-267089,4239
1689063002394,-267089,4239
1689063002396,-267089,4239
1689063002397,-267089,4239
1689063002399,-267089,4239
1689063002400,-267089,4239
1689063002402,-267089,4239
1689063002404,-267089,4239
1689063002405,-267089,4239
1689063002407,-267089,4239
1689063002409,-267089,4239
1689063002414,-267089,4239
1689063002417,-267089,4239
1689063002419,-267089,4239
1689063002424,-267089,4239
1689063002428,-267089,4239
1689063002430,-267089,4239
1689063002432,-267089,4239
1689063002436,-267089,4239
1689063002439,-267089,4239
1689063002442,-267089,4239
1689063002446,-267089,4239
1689063002449,-267089,4239
1689063002451,-267089,4239
1689063002458,-267089,4239
1689063002460,-267089,4239
1689063002462,-267089,4239
1689063002464,-267089,4239
1689063002465,-267089,4239
1689063002468,-267089,4239
1689063002471,-267089,4239
1689063002473,-267089,4239
1689063002475,-267089,4239
1689063002476,-267089,4239
1689063002477,-267089,4239
1689063002479,-267089,4239
1689063002481,-267089,4239
1689063002482,-267089,4239
1689063002483,-267089,4239
1689063002485,-267089,4239
1689063002486,-267089,4239
1689063002488,-267089,4239
1689063002489,-267089,4239
1689063002491,-267089,4239
1689063002492,-267089,4239
1689063002493,-267089,4239
1689063002494,-267089,4239
1689063002495,-267089,4239
1689063002496,-267089,4239
1689063002498,-267089,4239
1689063002499,-267089,4239
1689063002501,-267089,4239
1689063002503,-267089,4239
1689063002505,-267089,4239
1689063002506,-267089,4239
1689063002509,-267089,4239
1689063002511,-267089,4239
1689063002512,-267089,4239
1689063002513,-267089,4239
1689063002515,-267089,4239
1689063002516,-267089,4239
1689063002521,-267089,4239
1689063002523,-267089,4239
1689063002525,-267089,4239
1689063002526,-267089,4239
1689063002528,-267089,4239
1689063002529,-267089,4239
1689063002530,-267089,4239
1689063002532,-267089,4239
1689063002534,-267089,4239
1689063002536,-267089,4239
1689063002538,-267089,4239
1689063002540,-267089,4239
1689063002541,-267089,4239
1689063002545,-267089,4239
1689063002547,-267089,4239
1689063002550,-267089,4239
1689063002553,-267089,4239
1689063002557,-267089,4239
1689063002560,-267089,4239
1689063002562,-267089,4239
1689063002564,-267089,4239
1689063002567,-267089,4239
1689063002571,-267089,4239
1689063002575,-267089,4239
1689063002582,-267089,4239
1689063002585,-267089,4239
1689063002586,-267089,4239
1689063002590,-267089,4239
1689063002593,-267089,4239
1689063002595,-267089,4239
1689063002598,-267089,4239
1689063002601,-267089,4239
1689063002605,-267089,4239
1689063002608,-267089,4239
1689063002610,-267089,4239
1689063002612,-267089,4239
1689063002614,-267089,4239
1689063002616,-267089,4239
1689063002617,-267089,4239
1689063002619,-267089,4239
1689063002624,-267089,4239
1689063002626,-267089,4239
1689063002628,-267089,4239
1689063002629,-267089,4239
1689063002630,-267089,4239
1689063002631,-267089,4239
1689063002633,-267089,4239
1689063002634,-267089,4239
1689063002636,-267089,4239
1689063002639,-267089,4239
1689063002640,-267089,4239
1689063002642,-267089,4239
1689063002644,-267089,4239
1689063002646,-267089,4239
1689063002647,-267089,4239
1689063002648,-267089,4239
1689063002650,-267089,4239
1689063002651,-267089,4239
1689063002652,-267089,4239
1689063002653,-267089,4239
1689063002655,-267089,4239
1689063002657,-267089,4239
1689063002658,-267089,4239
1689063002660,-267089,4239
1689063002661,-267089,4239
1689063002662,-267089,4239
1689063002663,-267089,4239
1689063002664,-267089,4239
1689063002666,-267089,4239
1689063002668,-267089,4239
1689063002669,-267089,4239
1689063002671,-267089,4239
1689063002672,-267089,4239
1689063002673,-267089,4239
1689063002674,-267089,4239
1689063002675,-267089,4239
1689063002675,-267089,4239
1689063002678,-267089,4239
1689063002680,-267089,4239
1689063002681,-267089,4239
1689063002682,-267089,4239
1689063002683,-267089,4239
1689063002684,-267089,4239
1689063002685,-267089,4239
1689063002688,-267089,4239
1689063002690,-267089,4239
1689063002691,-267089,4239
1689063002692,-267089,4239
1689063002693,-267089,4239
1689063002695,-267089,4239
1689063002696,-267089,4239
1689063002697,-267089,4239
1689063002698,-267089,4239
1689063002699,-267089,4239
1689063002701,-267089,4239
1689063002702,-267089,4239
1689063002704,-267089,4239
1689063002706,-267089,4239
1689063002708,-267089,4239
1689063002712,-267089,4239
1689063002713,-267089,4239
1689063002714,-267089,4239
1689063002716,-267089,4239
1689063002717,-267089,4239
1689063002723,-267089,4239
1689063002725,-267089,4239
1689063002726,-267089,4239
1689063002728,-267089,4239
1689063002729,-267089,4239
1689063002730,-267089,4239
1689063002732,-267089,4239
1689063002733,-267089,4239
1689063002735,-267089,4239
1689063002737,-267089,4239
1689063002739,-267089,4239
1689063002740,-267089,4239
1689063002741,-267089,4239
1689063002744,-267089,4239
1689063002748,-267089,4239
1689063002750,-267089,4239
1689063002752,-267089,4239
1689063002756,-267089,4239
1689063002759,-267089,4239
1689063002760,-267089,4239
1689063002762,-267089,4239
1689063002763,-267089,4239
1689063002765,-267089,4239
1689063002769,-267089,4239
1689063002771,-267089,4239
1689063002773,-267089,4239
1689063002774,-267089,4239
1689063002776,-267089,4239
1689063002779,-267089,4239
1689063002781,-267089,4239
1689063002783,-267089,4239
1689063002785,-267089,4239
1689063002789,-267089,4239
1689063002792,-267089,4239
1689063002794,-267089,4239
1689063002795,-267089,4239
1689063002796,-267089,4239
1689063002798,-267089,4239
1689063002801,-267089,4239
1689063002803,-267089,4239
1689063002808,-267089,4239
1689063002812,-267089,4239
1689063002815,-267089,4239
1689063002816,-267089,4239
1689063002818,-267089,4239
1689063002823,-267089,4239
1689063002825,-267089,4239
1689063002826,-267089,4239
1689063002827,-267089,4239
1689063002829,-267089,4239
1689063002830,-267089,4239
1689063002831,-267089,4239
1689063002832,-267089,4239
1689063002834,-267089,4239
1689063002836,-267089,4239
1689063002838,-267089,4239
1689063002840,-267089,4239
1689063002841,-267089,4239
1689063002842,-267089,4239
1689063002843,-267089,4239
1689063002845,-267089,4239
1689063002846,-267089,4239
1689063002849,-267089,4239
1689063002851,-267089,4239
1689063002855,-267089,4239
1689063002858,-267089,4239
1689063002860,-267089,4239
1689063002861,-267089,4239
1689063002863,-267089,4239
1689063002864,-267089,4239
1689063002865,-267089,4239
1689063002868,-267089,4239
1689063002871,-267089,4239
1689063002874,-267089,4239
1689063002875,-267089,4239
1689063002876,-267089,4239
1689063002879,-267089,4239
1689063002881,-267089,4239
1689063002883,-267089,4239
1689063002885,-267089,4239
1689063002886,-267089,4239
1689063002888,-267089,4239
1689063002892,-267089,4239
1689063002895,-267089,4239
1689063002896,-267089,4239
1689063002898,-267089,4239
1689063002899,-267089,4239
1689063002901,-267089,4239
1689063002904,-267089,4239
1689063002906,-267089,4239
1689063002910,-267089,4239
1689063002914,-267089,4239
1689063002917,-267089,4239
1689063002919,-267089,4239
1689063002925,-267089,4239
1689063002928,-267089,4239
1689063002929,-267089,4239
1689063002930,-267089,4239
1689063002931,-267089,4239
1689063002933,-267089,4239
1689063002936,-267089,4239
1689063002939,-267089,4239
1689063002940,-267089,4239
1689063002941,-267089,4239
1689063002942,-267089,4239
1689063002944,-267089,4239
1689063002945,-267089,4239
1689063002947,-267089,4239
1689063002949,-267089,4239
1689063002951,-267089,4239
1689063002952,-267089,4239
1689063002955,-267089,4239
1689063002957,-267089,4239
1689063002959,-267089,4239
1689063002960,-267089,4239
1689063002961,-267089,4239
1689063002962,-267089,4239
1689063002963,-267089,4239
1689063002964,-267089,4239
1689063002965,-267089,4239
1689063002967,-267089,4239
1689063002969,-267089,4239
1689063002971,-267089,4239
1689063002972,-267089,4239
1689063002973,-267089,4239
1689063002974,-267089,4239
1689063002975,-267089,4239
1689063002977,-267089,4239
1689063002978,-267089,4239
1689063002980,-267089,4239
1689063002981,-267089,4239
1689063002982,-267089,4239
1689063002984,-267089,4239
1689063002985,-267089,4239
1689063002986,-267089,4239
1689063002988,-267089,4239
1689063002990,-267089,4239
1689063002992,-267089,4239
1689063002993,-267089,4239
1689063002994,-267089,4239
1689063002995,-267089,4239
1689063002996,-267089,4239
1689063002998,-267089,4239
1689063002999,-267089,4239
1689063003002,-267089,4239
1689063003004,-267089,4239
1689063003006,-267089,4239
1689063003007,-267089,4239
1689063003009,-267089,4239
1689063003013,-267089,4239
1689063003015,-267089,4239
1689063003016,-267089,4239
1689063003018,-267089,4239
1689063003023,-267089,4239
1689063003025,-267089,4239
1689063003027,-267089,4239
1689063003029,-267089,4239
1689063003030,-267089,4239
1689063003032,-267089,4239
1689063003033,-267089,4239
1689063003035,-267089,4239
1689063003038,-267089,4239
1689063003040,-267089,4239
1689063003042,-267089,4239
1689063003045,-267089,4239
1689063003046,-267089,4239
1689063003048,-267089,4239
1689063003050,-267089,4239
1689063003051,-267089,4239
1689063003052,-267089,4239
1689063003054,-267089,4239
1689063003056,-267089,4239
1689063003058,-267089,4239
1689063003060,-267089,4239
1689063003061,-267089,4239
1689063003062,-267089,4239
1689063003063,-267089,4239
1689063003064,-267089,4239
1689063003066,-267089,4239
1689063003069,-267089,4239
1689063003071,-267089,4239
1689063003073,-267089,4239
1689063003074,-267089,4239
1689063003076,-267089,4239
1689063003078,-267089,4239
1689063003080,-267089,4239
1689063003081,-267089,4239
1689063003083,-267089,4239
1689063003084,-267089,4239
1689063003086,-267089,4239
1689063003090,-267089,4239
1689063003096,-267089,4239
1689063003098,-267089,4239
1689063003100,-267089,4239
1689063003103,-267089,4239
1689063003105,-267089,4239
1689063003111,-267089,4239
1689063003113,-267089,4239
1689063003114,-267089,4239
1689063003117,-267089,4239
1689063003124,-267089,4239
1689063003136,-267089,4239
1689063003140,-267089,4239
1689063003144,-267089,4239
1689063003148,-267089,4239
1689063003156,-267089,4239
1689063003159,-267089,4239
1689063003166,-267089,4239
1689063003171,-267089,4239
1689063003173,-267089,4239
1689063003175,-267089,4239
1689063003179,-267089,4239
1689063003184,-267089,4239
1689063003188,-267089,4239
1689063003192,-267089,4239
1689063003195,-267089,4239
1689063003197,-267089,4239
1689063003199,-267089,4239
1689063003201,-267089,4239
1689063003203,-267089,4239
1689063003205,-267089,4239
1689063003207,-267089,4239
1689063003209,-267089,4239
1689063003212,-267089,4239
1689063003213,-267089,4239
1689063003215,-267089,4239
1689063003219,-267089,4239
1689063003223,-267089,4239
1689063003225,-267089,4239
1689063003227,-267089,4239
1689063003228,-267089,4239
1689063003229,-267089,4239
1689063003231,-342284,4239
1689063003232,-342284,4239
1689063003233,-342284,4239
1689063003235,-342284,4239
1689063003238,-342284,4239
1689063003240,-342284,4239
1689063003241,-342284,4239
1689063003242,-342284,4239
1689063003243,-342284,4239
1689063003245,-342284,4239
1689063003246,-342284,4239
1689063003248,-342284,4239
1689063003249,-342284,4239
1689063003251,-342284,4239
1689063003257,-342284,4239
1689063003259,-342284,4239
1689063003260,-342284,4239
1689063003261,-342284,4239
1689063003262,-342284,4239
1689063003263,-342284,4239
1689063003264,-342284,4239
1689063003265,-342284,4239
1689063003267,-342284,4239
1689063003269,-342284,4239
1689063003271,-342284,4239
1689063003272,-342284,4239
1689063003273,-342284,4239
1689063003273,-342284,4239
1689063003274,-342284,4239
1689063003275,-342284,4239
1689063003276,-342284,4239
1689063003277,-342284,4239
1689063003280,-342284,4239
1689063003282,-342284,4239
1689063003283,-342284,4239
1689063003284,-342284,4239
1689063003285,-342284,4239
1689063003286,-342284,4239
1689063003288,-342284,4239
1689063003290,-342284,4239
1689063003291,-342284,4239
1689063003292,-342284,4239
1689063003293,-342284,4239
1689063003294,-342284,4239
1689063003295,-342284,4239
1689063003296,-342284,4239
1689063003297,-342284,4239
1689063003298,-342284,4239
1689063003299,-342284,4239
1689063003301,-342284,4239
1689063003302,-342284,4239
1689063003303,-342284,4239
1689063003305,-342284,4239
1689063003305,-342284,4239
1689063003306,-342284,4239
1689063003307,-342284,4239
1689063003309,-342284,4239
1689063003309,-342284,4239
1689063003312,-342284,4239
1689063003313,-342284,4239
1689063003314,-342284,4239
1689063003315,-342284,4239
1689063003317,-342284,4239
1689063003319,-342284,4239
1689063003321,-342284,4239
1689063003323,-342284,4239
1689063003324,-342284,4239
1689063003325,-342284,4239
1689063003326,-342284,4239
1689063003327,-342284,4239
1689063003329,-342284,4239
1689063003330,-342284,4239
1689063003331,-342284,4239
1689063003332,-342284,4239
1689063003333,-342284,4239
1689063003334,-342284,4239
1689063003336,-342284,4239
1689063003338,-342284,4239
1689063003339,-342284,4239
1689063003340,-342284,4239
1689063003341,-342284,4239
1689063003342,-342284,4239
1689063003345,-342284,4239
1689063003347,-342284,4239
1689063003349,-342284,4239
1689063003350,-342284,4239
1689063003352,-342284,4239
1689063003356,-342284,4239
1689063003359,-342284,4239
1689063003361,-342284,4239
1689063003362,-342284,4239
1689063003363,-342284,4239
1689063003365,-342284,4239
1689063003367,-342284,4239
1689063003371,-342284,4239
1689063003374,-342284,4239
1689063003377,-342284,4239
1689063003380,-342284,4239
1689063003382,-342284,4239
1689063003384,-342284,4239
1689063003385,-342284,4239
1689063003386,-342284,4239
1689063003391,-342284,4239
1689063003393,-342284,4239
1689063003394,-342284,4239
1689063003395,-342284,4239
1689063003396,-342284,4239
1689063003398,-342284,4239
1689063003399,-342284,4239
1689063003401,-342284,4239
1689063003404,-342284,4239
1689063003405,-342284,4239
1689063003408,-342284,4239
1689063003412,-342284,4239
1689063003415,-342284,4239
1689063003424,-342284,4239
1689063003428,-342284,4239
1689063003430,-342284,4239
1689063003434,-342284,4239
1689063003438,-342284,4239
1689063003440,-342284,4239
1689063003441,-342284,4239
1689063003443,-342284,4239
1689063003449,-342284,4239
1689063003452,-342284,4239
1689063003454,-342284,4239
1689063003456,-342284,4239
1689063003459,-342284,4239
1689063003462,-342284,4239
1689063003465,-342284,4239
1689063003467,-342284,4239
1689063003469,-342284,4239
1689063003471,-342284,4239
1689063003473,-342284,4239
1689063003475,-342284,4239
1689063003480,-342284,4239
1689063003482,-342284,4239
1689063003484,-342284,4239
1689063003486,-342284,4239
1689063003488,-342284,4239
1689063003490,-342284,4239
1689063003492,-342284,4239
1689063003494,-342284,4239
1689063003495,-342284,4239
1689063003497,-342284,4239
1689063003498,-342284,4239
1689063003500,-342284,4239
1689063003503,-342284,4239
1689063003505,-342284,4239
1689063003506,-342284,4239
1689063003508,-342284,4239
1689063003510,-342284,4239
1689063003514,-342284,4239
1689063003516,-342284,4239
1689063003519,-342284,4239
1689063003522,-342284,4239
1689063003525,-342284,4239
1689063003528,-342284,4239
1689063003530,-342284,4239
1689063003531,-342284,4239
1689063003533,-342284,4239
1689063003537,-342284,4239
1689063003540,-342284,4239
1689063003542,-342284,4239
1689063003543,-342284,4239
1689063003545,-342284,4239
1689063003548,-342284,4239
1689063003551,-342284,4239
1689063003553,-342284,4239
1689063003556,-342284,4239
1689063003559,-342284,4239
1689063003562,-342284,4239
1689063003564,-342284,4239
1689063003567,-342284,4239
1689063003569,-342284,4239
1689063003572,-342284,4239
1689063003575,-342284,4239
1689063003579,-342284,4239
1689063003582,-342284,4239
1689063003584,-342284,4239
1689063003586,-342284,4239
1689063003591,-342284,4239
1689063003594,-342284,4239
1689063003596,-342284,4239
1689063003598,-342284,4239
1689063003600,-342284,4239
1689063003603,-342284,4239
1689063003605,-342284,4239
1689063003608,-342284,4239
1689063003609,-342284,4239
1689063003611,-342284,4239
1689063003615,-342284,4239
1689063003616,-342284,4239
1689063003618,-342284,4239
1689063003620,-342284,4239
1689063003622,-342284,4239
1689063003625,-342284,4239
1689063003627,-342284,4239
1689063003629,-342284,4239
1689063003631,-342284,4239
1689063003633,-342284,4239
1689063003635,-342284,4239
1689063003638,-342284,4239
1689063003640,-342284,4239
1689063003642,-342284,4239
1689063003643,-342284,4239
1689063003657,-342284,4239
1689063003661,-342284,4239
1689063003663,-342284,4239
1689063003666,-342284,4239
1689063003670,-342284,4239
1689063003672,-342284,4239
1689063003674,-342284,4239
1689063003676,-342284,4239
1689063003680,-342284,4239
1689063003682,-342284,4239
1689063003684,-342284,4239
1689063003686,-342284,4239
1689063003688,-342284,4239
1689063003692,-342284,4239
1689063003693,-342284,4239
1689063003694,-342284,4239
1689063003696,-342284,4239
1689063003697,-342284,4239
1689063003698,-342284,4239
1689063003700,-342284,4239
1689063003701,-342284,4239
1689063003703,-342284,4239
1689063003708,-342284,4239
1689063003714,-342284,4239
1689063003716,-342284,4239
1689063003719,-342284,4239
1689063003723,-342284,4239
1689063003726,-342284,4239
1689063003729,-342284,4239
1689063003731,-342284,4239
1689063003732,-342284,4239
1689063003734,-342284,4239
1689063003736,-342284,4239
1689063003738,-342284,4239
1689063003739,-342284,4239
1689063003740,-342284,4239
1689063003741,-342284,4239
1689063003742,-342284,4239
1689063003743,-342284,4239
1689063003744,-342284,4239
1689063003745,-342284,4239
1689063003746,-342284,4239
1689063003748,-342284,4239
1689063003749,-342284,4239
1689063003750,-342284,4239
1689063003751,-342284,4239
1689063003752,-342284,4239
1689063003756,-342284,4239
1689063003758,-342284,4239
1689063003759,-342284,4239
1689063003760,-342284,4239
1689063003761,-342284,4239
1689063003762,-342284,4239
1689063003763,-342284,4239
1689063003764,-342284,4239
1689063003765,-342284,4239
1689063003768,-342284,4239
1689063003770,-342284,4239
1689063003771,-342284,4239
1689063003772,-342284,4239
1689063003773,-342284,4239
1689063003775,-342284,4239
1689063003776,-342284,4239
1689063003780,-342284,4239
1689063003782,-342284,4239
1689063003783,-342284,4239
1689063003784,-342284,4239
1689063003786,-342284,4239
1689063003792,-342284,4239
1689063003794,-342284,4239
1689063003796,-342284,4239
1689063003797,-342284,4239
1689063003798,-342284,4239
1689063003800,-342284,4239
1689063003803,-342284,4239
1689063003805,-342284,4239
1689063003807,-342284,4239
1689063003809,-342284,4239
1689063003813,-342284,4239
1689063003815,-342284,4239
1689063003817,-342284,4239
1689063003819,-342284,4239
1689063003820,-342284,4239
1689063003824,-342284,4239
1689063003826,-342284,4239
1689063003828,-342284,4239
1689063003830,-342284,4239
1689063003831,-342284,4239
1689063003833,-342284,4239
1689063003835,-342284,4239
1689063003838,-342284,4239
1689063003840,-342284,4239
1689063003843,-342284,4239
1689063003848,-342284,4239
1689063003851,-342284,4239
1689063003852,-342284,4239
1689063003853,-342284,4239
1689063003856,-342284,4239
1689063003858,-342284,4239
1689063003860,-342284,4239
1689063003861,-342284,4239
1689063003863,-342284,4239
1689063003864,-342284,4239
1689063003865,-342284,4239
1689063003867,-342284,4239
1689063003869,-342284,4239
1689063003871,-342284,4239
1689063003873,-342284,4239
1689063003874,-342284,4239
1689063003876,-342284,4239
1689063003880,-342284,4239
1689063003882,-342284,4239
1689063003884,-342284,4239
1689063003885,-342284,4239
1689063003889,-342284,4239
1689063003892,-342284,4239
1689063003893,-342284,4239
1689063003894,-342284,4239
1689063003895,-342284,4239
1689063003896,-342284,4239
1689063003898,-342284,4239
1689063003900,-342284,4239
1689063003902,-342284,4239
1689063003904,-342284,4239
1689063003906,-342284,4239
1689063003908,-342284,4239
1689063003910,-342284,4239
1689063003912,-342284,4239
1689063003914,-342284,4239
1689063003916,-342284,4239
1689063003921,-342284,4239
1689063003924,-342284,4239
1689063003926,-342284,4239
1689063003929,-342284,4239
1689063003931,-342284,4239
1689063003933,-342284,4239
1689063003937,-342284,4239
1689063003944,-342284,4239
1689063003948,-342284,4239
1689063003951,-342284,4239
1689063003953,-342284,4239
1689063003958,-342284,4239
1689063003962,-342284,4239
1689063003964,-342284,4239
1689063003966,-342284,4239
1689063003969,-342284,4239
1689063003971,-342284,4239
1689063003973,-342284,4239
1689063003974,-342284,4239
1689063003975,-342284,4239
1689063003977,-342284,4239
1689063003983,-342284,4239
1689063003984,-342284,4239
1689063003986,-342284,4239
1689063003990,-342284,4239
1689063003992,-342284,4239
1689063003993,-342284,4239
1689063003994,-342284,4239
1689063003995,-342284,4239
1689063003996,-342284,4239
1689063003998,-342284,4239
1689063003999,-342284,4239
1689063004001,-342284,4239
1689063004003,-342284,4239
1689063004005,-342284,4239
1689063004007,-342284,4239
1689063004009,-342284,4239
1689063004010,-342284,4239
1689063004011,-342284,4239
1689063004014,-342284,4239
1689063004015,-342284,4239
1689063004017,-342284,4239
1689063004018,-342284,4239
1689063004020,-342284,4239
1689063004024,-342284,4239
1689063004026,-342284,4239
1689063004028,-342284,4239
1689063004029,-342284,4239
1689063004030,-342284,4239
1689063004031,-342284,4239
1689063004032,-342284,4239
1689063004033,-342284,4239
1689063004035,-342284,4239
1689063004036,-342284,4239
1689063004038,-342284,4239
1689063004039,-342284,4239
1689063004040,-342284,4239
1689063004041,-342284,4239
1689063004042,-342284,4239
1689063004043,-342284,4239
1689063004046,-342284,4239
1689063004049,-342284,4239
1689063004050,-342284,4239
1689063004051,-342284,4239
1689063004053,-342284,4239
1689063004054,-342284,4239
1689063004057,-342284,4239
1689063004059,-342284,4239
1689063004060,-342284,4239
1689063004061,-342284,4239
1689063004062,-342284,4239
1689063004064,-342284,4239
1689063004065,-342284,4239
1689063004066,-342284,4239
1689063004068,-342284,4239
1689063004070,-342284,4239
1689063004073,-342284,4239
1689063004075,-342284,4239
1689063004078,-342284,4239
1689063004080,-342284,4239
1689063004082,-342284,4239
1689063004083,-342284,4239
1689063004085,-342284,4239
1689063004086,-342284,4239
1689063004089,-342284,4239
1689063004091,-342284,4239
1689063004092,-342284,4239
1689063004093,-342284,4239
1689063004094,-342284,4239
1689063004095,-342284,4239
1689063004096,-342284,4239
1689063004097,-342284,4239
1689063004099,-342284,4239
1689063004102,-342284,4239
1689063004104,-342284,4239
1689063004105,-342284,4239
1689063004106,-342284,4239
1689063004108,-342284,4239
1689063004110,-342284,4239
1689063004111,-342284,4239
1689063004114,-342284,4239
1689063004117,-342284,4239
1689063004119,-342284,4239
1689063004120,-342284,4239
1689063004125,-342284,4239
1689063004127,-342284,4239
1689063004129,-342284,4239
1689063004130,-342284,4239
1689063004132,-342284,4239
1689063004133,-342284,4239
1689063004135,-342284,4239
1689063004138,-342284,4239
1689063004140,-342284,4239
1689063004142,-342284,4239
1689063004143,-342284,4239
1689063004145,-342284,4239
1689063004149,-342284,4239
1689063004151,-342284,4239
1689063004153,-342284,4239
1689063004159,-342284,4239
1689063004161,-342284,4239
1689063004163,-342284,4239
1689063004164,-342284,4239
1689063004166,-342284,4239
1689063004169,-342284,4239
1689063004172,-342284,4239
1689063004175,-342284,4239
1689063004177,-342284,4239
1689063004179,-342284,4239
1689063004181,-342284,4239
1689063004183,-342284,4239
1689063004184,-342284,4239
1689063004186,-342284,4239
1689063004189,-342284,4239
1689063004191,-342284,4239
1689063004192,-342284,4239
1689063004194,-342284,4239
1689063004195,-342284,4239
1689063004196,-342284,4239
1689063004198,-342284,4239
1689063004200,-342284,4239
1689063004202,-342284,4239
1689063004204,-342284,4239
1689063004206,-342284,4239
1689063004208,-342284,4239
1689063004209,-342284,4239
1689063004210,-342284,4239
1689063004211,-342284,4239
1689063004213,-342284,4239
1689063004214,-342284,4239
1689063004215,-342284,4239
1689063004217,-342284,4239
1689063004219,-342284,4239
1689063004220,-342284,4239
1689063004221,-342284,4239
1689063004226,-342284,4239
1689063004228,-342284,4239
1689063004230,-342284,4239
1689063004231,-342284,4239
1689063004232,-342284,4239
1689063004234,-342284,4239
1689063004236,-342284,4239
1689063004238,-342284,4239
1689063004240,-342284,4239
1689063004241,-342284,4239
1689063004242,-342284,4239
1689063004244,-342284,4239
1689063004247,-342284,4239
1689063004251,-342284,4239
1689063004253,-342284,4239
1689063004254,-342284,4239
1689063004260,-342284,4239
1689063004261,-342284,4239
1689063004263,-342284,4239
1689063004265,-342284,4239
1689063004266,-342284,4239
1689063004269,-342284,4239
1689063004271,-342284,4239
1689063004274,-342284,4239
1689063004276,-342284,4239
1689063004279,-342284,4239
1689063004281,-342284,4239
1689063004283,-342284,4239
1689063004285,-342284,4239
1689063004287,-342284,4239
1689063004288,-342284,4239
1689063004290,-342284,4239
1689063004292,-342284,4239
1689063004293,-342284,4239
1689063004294,-342284,4239
1689063004295,-342284,4239
1689063004297,-342284,4239
1689063004298,-342284,4239
1689063004299,-342284,4239
1689063004301,-342284,4239
1689063004303,-342284,4239
1689063004305,-342284,4239
1689063004306,-342284,4239
1689063004308,-342284,4239
1689063004309,-342284,4239
1689063004310,-342284,4239
1689063004311,-342284,4239
1689063004312,-342284,4239
1689063004314,-342284,4239
1689063004316,-342284,4239
1689063004318,-342284,4239
1689063004320,-342284,4239
1689063004321,-342284,4239
1689063004323,-342284,4239
1689063004324,-342284,4239
1689063004326,-342284,4239
1689063004328,-342284,4239
1689063004329,-342284,4239
1689063004330,-342284,4239
1689063004331,-342284,4239
1689063004333,-342284,4239
1689063004334,-342284,4239
1689063004336,-342284,4239
1689063004339,-342284,4239
1689063004340,-342284,4239
1689063004341,-342284,4239
1689063004342,-342284,4239
1689063004344,-342284,4239
1689063004350,-342284,4239
1689063004352,-342284,4239
1689063004354,-342284,4239
1689063004356,-342284,4239
1689063004361,-342284,4239
1689063004363,-342284,4239
1689063004365,-342284,4239
1689063004366,-342284,4239
1689063004370,-342284,4239
1689063004373,-342284,4239
1689063004375,-342284,4239
1689063004377,-342284,4239
1689063004381,-342284,4239
1689063004384,-342284,4239
1689063004386,-342284,4239
1689063004388,-342284,4239
1689063004389,-342284,4239
1689063004391,-342284,4239
1689063004395,-342284,4239
1689063004398,-342284,4239
1689063004401,-342284,4239
1689063004404,-342284,4239
1689063004408,-342284,4239
1689063004410,-342284,4239
1689063004412,-342284,4239
1689063004413,-342284,4239
1689063004415,-342284,4239
1689063004416,-342284,4239
1689063004418,-342284,4239
1689063004419,-342284,4239
1689063004421,-342284,4239
1689063004425,-342284,4239
1689063004427,-342284,4239
1689063004429,-342284,4239
1689063004430,-342284,4239
1689063004432,-342284,4239
1689063004434,-342284,4239
1689063004437,-342284,4239
1689063004441,-342284,4239
1689063004443,-342284,4239
1689063004447,-342284,4239
1689063004451,-342284,4239
1689063004464,-342284,4239
1689063004467,-342284,4239
1689063004471,-342284,4239
1689063004473,-342284,4239
1689063004475,-342284,4239
1689063004476,-342284,4239
1689063004477,-342284,4239
1689063004479,-342284,4239
1689063004481,-342284,4239
1689063004483,-342284,4239
1689063004484,-342284,4239
1689063004486,-342284,4239
1689063004487,-342284,4239
1689063004493,-342284,4239
1689063004496,-342284,4239
1689063004498,-342284,4239
1689063004501,-342284,4239
1689063004503,-342284,4239
1689063004505,-342284,4239
1689063004506,-342284,4239
1689063004509,-342284,4239
1689063004511,-342284,4239
1689063004516,-342284,4239
1689063004518,-342284,4239
1689063004521,-342284,4239
1689063004525,-342284,4239
1689063004528,-342284,4239
1689063004530,-342284,4239
1689063004531,-342284,4239
1689063004533,-342284,4239
1689063004536,-342284,4239
1689063004539,-342284,4239
1689063004543,-342284,4239
1689063004549,-342284,4239
1689063004552,-342284,4239
1689063004553,-342284,4239
1689063004555,-342284,4239
1689063004560,-342284,4239
1689063004562,-342284,4239
1689063004564,-342284,4239
1689063004565,-342284,4239
1689063004568,-342284,4239
1689063004570,-342284,4239
1689063004572,-342284,4239
1689063004574,-342284,4239
1689063004575,-342284,4239
1689063004576,-342284,4239
1689063004578,-342284,4239
1689063004583,-342284,4239
1689063004585,-342284,4239
1689063004586,-342284,4239
1689063004588,-342284,4239
1689063004593,-342284,4239
1689063004595,-342284,4239
1689063004596,-342284,4239
1689063004597,-342284,4239
1689063004598,-342284,4239
1689063004600,-342284,4239
1689063004601,-342284,4239
1689063004604,-342284,4239
1689063004605,-342284,4239
1689063004608,-342284,4239
1689063004609,-342284,4239
1689063004610,-342284,4239
1689063004614,-342284,4239
1689063004616,-342284,4239
1689063004618,-342284,4239
1689063004619,-342284,4239
1689063004620,-342284,4239
1689063004623,-342284,4239
1689063004624,-342284,4239
1689063004625,-342284,4239
1689063004626,-342284,4239
1689063004628,-342284,4239
1689063004629,-342284,4239
1689063004631,-342284,4239
1689063004632,-342284,4239
1689063004634,-342284,4239
1689063004635,-342284,4239
1689063004638,-342284,4239
1689063004640,-342284,4239
1689063004641,-342284,4239
1689063004642,-342284,4239
1689063004644,-342284,4239
1689063004645,-342284,4239
1689063004648,-342284,4239
1689063004652,-342284,4239
1689063004654,-342284,4239
1689063004658,-342284,4239
1689063004661,-342284,4239
1689063004663,-342284,4239
1689063004665,-342284,4239
1689063004667,-342284,4239
1689063004670,-342284,4239
1689063004672,-342284,4239
1689063004675,-342284,4239
1689063004678,-342284,4239
1689063004681,-342284,4239
1689063004684,-342284,4239
1689063004687,-342284,4239
1689063004689,-342284,4239
1689063004693,-342284,4239
1689063004695,-342284,4239
1689063004696,-342284,4239
1689063004697,-342284,4239
1689063004699,-342284,4239
1689063004700,-342284,4239
1689063004702,-342284,4239
1689063004704,-342284,4239
1689063004706,-342284,4239
1689063004708,-242675,4239
1689063004709,-242675,4239
1689063004711,-242675,4239
1689063004712,-242675,4239
1689063004713,-242675,4239
1689063004715,-242675,4239
1689063004717,-242675,4239
1689063004720,-242675,4239
1689063004721,-242675,4239
1689063004725,-242675,4239
1689063004727,-242675,4239
1689063004729,-242675,4239
1689063004731,-242675,4239
1689063004732,-242675,4239
1689063004736,-242675,4239
1689063004739,-242675,4239
1689063004741,-242675,4239
1689063004742,-242675,4239
1689063004744,-242675,4239
1689063004745,-242675,4239
1689063004747,-242675,4239
1689063004750,-242675,4239
1689063004752,-242675,4239
1689063004754,-242675,4239
1689063004756,-242675,4239
1689063004759,-242675,4239
1689063004762,-242675,4239
1689063004764,-242675,4239
1689063004768,-242675,4239
1689063004771,-242675,4239
1689063004774,-242675,4239
1689063004776,-242675,4239
1689063004777,-242675,4239
1689063004782,-242675,4239
1689063004785,-242675,4239
1689063004787,-242675,4239
1689063004791,-242675,4239
1689063004794,-242675,4239
1689063004796,-242675,4239
1689063004799,-242675,4239
1689063004801,-242675,4239
1689063004804,-242675,4239
1689063004807,-242675,4239
1689063004810,-242675,4239
1689063004815,-242675,4239
1689063004817,-242675,4239
1689063004819,-242675,4239
1689063004820,-242675,4239
1689063004821,-242675,4239
1689063004822,-242675,4239
1689063004825,-242675,4239
1689063004828,-242675,4239
1689063004830,-242675,4239
1689063004831,-242675,4239
1689063004833,-242675,4239
1689063004835,-242675,4239
1689063004838,-242675,4239
1689063004841,-242675,4239
1689063004842,-242675,4239
1689063004844,-242675,4239
1689063004845,-242675,4239
1689063004848,-242675,4239
1689063004851,-242675,4239
1689063004853,-242675,4239
1689063004855,-242675,4239
1689063004860,-242675,4239
1689063004863,-242675,4239
1689063004865,-242675,4239
1689063004867,-242675,4239
1689063004871,-242675,4239
1689063004873,-242675,4239
1689063004875,-242675,4239
1689063004877,-242675,4239
1689063004881,-242675,4239
1689063004884,-242675,4239
1689063004886,-242675,4239
1689063004890,-242675,4239
1689063004893,-242675,4239
1689063004894,-242675,4239
1689063004895,-242675,4239
1689063004897,-242675,4239
1689063004899,-242675,4239
1689063004900,-242675,4239
1689063004902,-242675,4239
1689063004904,-242675,4239
1689063004906,-242675,4239
1689063004908,-242675,4239
1689063004909,-242675,4239
1689063004910,-242675,4239
1689063004911,-242675,4239
1689063004913,-242675,4239
1689063004916,-242675,4239
1689063004919,-242675,4239
1689063004920,-242675,4239
1689063004926,-242675,4239
1689063004929,-242675,4239
1689063004930,-242675,4239
1689063004931,-242675,4239
1689063004932,-242675,4239
1689063004933,-242675,4239
1689063004935,-242675,4239
1689063004937,-242675,4239
1689063004939,-242675,4239
1689063004941,-242675,4239
1689063004943,-242675,4239
1689063004944,-242675,4239
1689063004944,-242675,4239
1689063004947,-242675,4239
1689063004950,-242675,4239
1689063004951,-242675,4239
1689063004953,-242675,4239
1689063004954,-242675,4239
1689063004955,-242675,4239
1689063004958,-242675,4239
1689063004960,-242675,4239
1689063004961,-242675,4239
1689063004962,-242675,4239
1689063004963,-242675,4239
1689063004964,-242675,4239
1689063004965,-242675,4239
1689063004967,-242675,4239
1689063004970,-242675,4239
1689063004972,-242675,4239
1689063004973,-242675,4239
1689063004975,-242675,4239
1689063004976,-242675,4239
1689063004978,-242675,4239
1689063004981,-242675,4239
1689063004982,-242675,4239
1689063004983,-242675,4239
1689063004985,-242675,4239
1689063004986,-242675,4239
1689063004988,-242675,4239
1689063004992,-242675,4239
1689063004994,-242675,4239
1689063004996,-242675,4239
1689063004998,-242675,4239
1689063004999,-242675,4239
1689063005001,-242675,4239
1689063005003,-242675,4239
1689063005004,-242675,4239
1689063005006,-242675,4239
1689063005008,-242675,4239
1689063005009,-242675,4239
1689063005011,-242675,4239
1689063005015,-242675,4239
1689063005017,-242675,4239
1689063005019,-242675,4239
1689063005020,-242675,4239
1689063005022,-242675,4239
1689063005025,-242675,4239
1689063005026,-242675,4239
1689063005028,-242675,4239
1689063005029,-242675,4239
1689063005030,-242675,4239
1689063005031,-242675,4239
1689063005032,-242675,4239
1689063005034,-242675,4239
1689063005036,-242675,4239
1689063005040,-242675,4239
1689063005042,-242675,4239
1689063005044,-242675,4239
1689063005045,-242675,4239
1689063005046,-242675,4239
1689063005048,-242675,4239
1689063005050,-242675,4239
1689063005052,-242675,4239
1689063005053,-242675,4239
1689063005054,-242675,4239
1689063005055,-242675,4239
1689063005057,-242675,4239
1689063005060,-242675,4239
1689063005065,-242675,4239
1689063005070,-242675,4239
1689063005074,-242675,4239
1689063005077,-242675,4239
1689063005093,-242675,4239
1689063005096,-242675,4239
1689063005097,-242675,4239
1689063005100,-242675,4239
1689063005102,-242675,4239
1689063005104,-242675,4239
1689063005106,-242675,4239
1689063005107,-242675,4239
1689063005109,-242675,4239
1689063005110,-242675,4239
1689063005111,-242675,4239
1689063005115,-242675,4239
1689063005118,-242675,4239
1689063005121,-242675,4239
1689063005122,-242675,4239
1689063005123,-242675,4239
1689063005125,-242675,4239
1689063005128,-242675,4239
1689063005130,-242675,4239
1689063005132,-242675,4239
1689063005135,-242675,4239
1689063005138,-242675,4239
1689063005142,-242675,4239
1689063005146,-242675,4239
1689063005148,-242675,4239
1689063005150,-242675,4239
1689063005152,-242675,4239
1689063005153,-242675,4239
1689063005153,-242675,4239
1689063005154,-242675,4239
1689063005155,-242675,4239
1689063005156,-242675,4239
1689063005160,-242675,4239
1689063005162,-242675,4239
1689063005164,-242675,4239
1689063005165,-242675,4239
1689063005166,-242675,4239
1689063005168,-242675,4239
1689063005170,-242675,4239
1689063005172,-242675,4239
1689063005173,-242675,4239
1689063005175,-242675,4239
1689063005176,-242675,4239
1689063005179,-242675,4239
1689063005185,-242675,4239
1689063005188,-242675,4239
1689063005190,-242675,4239
1689063005191,-242675,4239
1689063005193,-242675,4239
1689063005194,-242675,4239
1689063005195,-242675,4239
1689063005197,-242675,4239
1689063005199,-242675,4239
1689063005201,-242675,4239
1689063005203,-242675,4239
1689063005204,-242675,4239
1689063005206,-242675,4239
1689063005207,-242675,4239
1689063005209,-242675,4239
1689063005210,-242675,4239
1689063005211,-242675,4239
1689063005215,-242675,4239
1689063005217,-242675,4239
1689063005219,-242675,4239
1689063005220,-242675,4239
1689063005224,-242675,4239
1689063005226,-242675,4239
1689063005229,-242675,4239
1689063005231,-242675,4239
1689063005232,-242675,4239
1689063005234,-242675,4239
1689063005235,-242675,4239
1689063005238,-242675,4239
1689063005240,-242675,4239
1689063005241,-242675,4239
1689063005242,-242675,4239
1689063005243,-242675,4239
1689063005244,-242675,4239
1689063005245,-242675,4239
1689063005250,-242675,4239
1689063005251,-242675,4239
1689063005252,-242675,4239
1689063005253,-242675,4239
1689063005254,-242675,4239
1689063005256,-242675,4239
1689063005259,-242675,4239
1689063005260,-242675,4239
1689063005262,-242675,4239
1689063005263,-242675,4239
1689063005264,-242675,4239
1689063005265,-242675,4239
1689063005266,-242675,4239
1689063005268,-242675,4239
1689063005270,-242675,4239
1689063005271,-242675,4239
1689063005273,-242675,4239
1689063005275,-242675,4239
1689063005277,-242675,4239
1689063005282,-242675,4239
1689063005284,-242675,4239
1689063005285,-242675,4239
1689063005286,-242675,4239
1689063005287,-242675,4239
1689063005290,-242675,4239
1689063005293,-242675,4239
1689063005295,-242675,4239
1689063005296,-242675,4239
1689063005297,-242675,4239
1689063005299,-242675,4239
1689063005300,-242675,4239
1689063005301,-242675,4239
1689063005304,-242675,4239
1689063005306,-242675,4239
1689063005308,-242675,4239
1689063005310,-242675,4239
1689063005311,-242675,4239
1689063005315,-242675,4239
1689063005318,-242675,4239
1689063005320,-242675,4239
1689063005321,-242675,4239
1689063005325,-242675,4239
1689063005327,-242675,4239
1689063005329,-242675,4239
1689063005330,-242675,4239
1689063005332,-242675,4239
1689063005334,-242675,4239
1689063005336,-242675,4239
1689063005338,-242675,4239
1689063005340,-242675,4239
1689063005341,-242675,4239
1689063005342,-242675,4239
1689063005344,-242675,4239
1689063005345,-242675,4239
1689063005348,-242675,4239
1689063005351,-242675,4239
1689063005354,-242675,4239
1689063005355,-242675,4239
1689063005358,-242675,4239
1689063005362,-242675,4239
1689063005364,-242675,4239
1689063005366,-242675,4239
1689063005371,-242675,4239
1689063005373,-242675,4239
1689063005376,-242675,4239
1689063005380,-242675,4239
1689063005384,-242675,4239
1689063005386,-242675,4239
1689063005388,-242675,4239
1689063005393,-242675,4239
1689063005395,-242675,4239
1689063005396,-242675,4239
1689063005398,-242675,4239
1689063005400,-242675,4239
1689063005402,-242675,4239
1689063005405,-242675,4239
1689063005407,-242675,4239
1689063005409,-242675,4239
1689063005410,-242675,4239
1689063005411,-242675,4239
1689063005412,-242675,4239
1689063005415,-242675,4239
1689063005418,-242675,4239
1689063005419,-242675,4239
1689063005420,-242675,4239
1689063005421,-242675,4239
1689063005422,-242675,4239
1689063005427,-242675,4239
1689063005429,-242675,4239
1689063005431,-242675,4239
1689063005438,-242675,4239
1689063005440,-242675,4239
1689063005442,-242675,4239
1689063005443,-242675,4239
1689063005444,-242675,4239
1689063005447,-242675,4239
1689063005450,-242675,4239
1689063005452,-242675,4239
1689063005454,-242675,4239
1689063005461,-242675,4239
1689063005465,-242675,4239
1689063005468,-242675,4239
1689063005471,-242675,4239
1689063005472,-242675,4239
1689063005474,-242675,4239
1689063005475,-242675,4239
1689063005476,-242675,4239
1689063005478,-242675,4239
1689063005479,-242675,4239
1689063005483,-242675,4239
1689063005485,-242675,4239
1689063005486,-242675,4239
1689063005488,-242675,4239
1689063005490,-242675,4239
1689063005492,-242675,4239
1689063005494,-242675,4239
1689063005495,-242675,4239
1689063005496,-242675,4239
1689063005498,-242675,4239
1689063005499,-242675,4239
1689063005500,-242675,4239
1689063005503,-242675,4239
1689063005505,-242675,4239
1689063005507,-242675,4239
1689063005509,-242675,4239
1689063005511,-242675,4239
1689063005514,-242675,4239
1689063005517,-242675,4239
1689063005519,-242675,4239
1689063005520,-242675,4239
1689063005522,-242675,4239
1689063005527,-242675,4239
1689063005529,-242675,4239
1689063005530,-242675,4239
1689063005531,-242675,4239
1689063005532,-242675,4239
1689063005534,-242675,4239
1689063005538,-242675,4239
1689063005540,-242675,4239
1689063005541,-242675,4239
1689063005542,-242675,4239
1689063005543,-242675,4239
1689063005544,-242675,4239
1689063005545,-242675,4239
1689063005547,-242675,4239
1689063005549,-242675,4239
1689063005551,-242675,4239
1689063005553,-242675,4239
1689063005554,-242675,4239
1689063005556,-242675,4239
1689063005562,-242675,4239
1689063005564,-242675,4239
1689063005566,-242675,4239
1689063005570,-242675,4239
1689063005572,-242675,4239
1689063005574,-242675,4239
1689063005575,-242675,4239
1689063005576,-242675,4239
1689063005577,-242675,4239
1689063005578,-242675,4239
1689063005584,-242675,4239
1689063005585,-242675,4239
1689063005586,-242675,4239
1689063005592,-242675,4239
1689063005594,-242675,4239
1689063005595,-242675,4239
1689063005596,-242675,4239
1689063005598,-242675,4239
1689063005599,-242675,4239
1689063005601,-242675,4239
1689063005603,-242675,4239
1689063005605,-242675,4239
1689063005607,-242675,4239
1689063005609,-242675,4239
1689063005611,-242675,4239
1689063005612,-242675,4239
1689063005614,-242675,4239
1689063005617,-242675,4239
1689063005619,-242675,4239
1689063005621,-242675,4239
1689063005623,-242675,4239
1689063005624,-242675,4239
1689063005626,-242675,4239
1689063005629,-242675,4239
1689063005631,-242675,4239
1689063005632,-242675,4239
1689063005634,-242675,4239
1689063005636,-242675,4239
1689063005638,-242675,4239
1689063005641,-242675,4239
1689063005643,-242675,4239
1689063005644,-242675,4239
1689063005646,-242675,4239
1689063005650,-242675,4239
1689063005652,-242675,4239
1689063005653,-242675,4239
1689063005655,-242675,4239
1689063005656,-242675,4239
1689063005660,-242675,4239
1689063005663,-242675,4239
1689063005664,-242675,4239
1689063005666,-242675,4239
1689063005669,-242675,4239
1689063005675,-242675,4239
1689063005678,-242675,4239
1689063005680,-242675,4239
1689063005683,-242675,4239
1689063005685,-242675,4239
1689063005686,-242675,4239
1689063005689,-242675,4239
1689063005693,-242675,4239
1689063005695,-242675,4239
1689063005697,-242675,4239
1689063005700,-242675,4239
1689063005703,-242675,4239
1689063005705,-242675,4239
1689063005708,-242675,4239
1689063005711,-242675,4239
1689063005717,-242675,4239
1689063005721,-242675,4239
1689063005727,-242675,4239
1689063005730,-242675,4239
1689063005731,-242675,4239
1689063005733,-242675,4239
1689063005735,-242675,4239
1689063005737,-242675,4239
1689063005739,-242675,4239
1689063005741,-242675,4239
1689063005742,-242675,4239
1689063005743,-242675,4239
1689063005744,-242675,4239
1689063005745,-242675,4239
1689063005749,-242675,4239
1689063005752,-242675,4239
1689063005753,-242675,4239
1689063005754,-242675,4239
1689063005755,-242675,4239
1689063005756,-242675,4239
1689063005761,-242675,4239
1689063005763,-242675,4239
1689063005765,-242675,4239
1689063005766,-242675,4239
1689063005769,-242675,4239
1689063005773,-242675,4239
1689063005776,-242675,4239
1689063005778,-242675,4239
1689063005779,-242675,4239
1689063005780,-242675,4239
1689063005781,-242675,4239
1689063005782,-242675,4239
1689063005783,-242675,4239
1689063005784,-242675,4239
1689063005785,-242675,4239
1689063005787,-242675,4239
1689063005788,-242675,4239
1689063005790,-242675,4239
1689063005792,-242675,4239
1689063005793,-242675,4239
1689063005794,-242675,4239
1689063005795,-242675,4239
1689063005796,-242675,4239
1689063005796,-242675,4239
1689063005798,-242675,4239
1689063005799,-242675,4239
1689063005800,-242675,4239
1689063005802,-242675,4239
1689063005804,-242675,4239
1689063005805,-242675,4239
1689063005806,-242675,4239
1689063005807,-242675,4239
1689063005808,-242675,4239
1689063005809,-242675,4239
1689063005810,-242675,4239
1689063005811,-242675,4239
1689063005812,-242675,4239
1689063005813,-242675,4239
1689063005814,-242675,4239
1689063005817,-242675,4239
1689063005818,-242675,4239
1689063005819,-242675,4239
1689063005820,-242675,4239
1689063005821,-242675,4239
1689063005822,-242675,4239
1689063005823,-242675,4239
1689063005824,-242675,4239
1689063005825,-242675,4239
1689063005827,-242675,4239
1689063005828,-242675,4239
1689063005830,-242675,4239
1689063005831,-242675,4239
1689063005832,-242675,4239
1689063005833,-242675,4239
1689063005835,-242675,4239
1689063005836,-242675,4239
1689063005838,-242675,4239
1689063005840,-242675,4239
1689063005841,-242675,4239
1689063005842,-242675,4239
1689063005843,-242675,4239
1689063005845,-242675,4239
1689063005849,-242675,4239
1689063005851,-242675,4239
1689063005853,-242675,4239
1689063005854,-242675,4239
1689063005855,-242675,4239
1689063005859,-242675,4239
1689063005861,-242675,4239
1689063005862,-242675,4239
1689063005864,-242675,4239
1689063005865,-242675,4239
1689063005866,-242675,4239
1689063005868,-242675,4239
1689063005872,-242675,4239
1689063005873,-242675,4239
1689063005875,-242675,4239
1689063005876,-242675,4239
1689063005878,-242675,4239
1689063005883,-242675,4239
1689063005885,-242675,4239
1689063005886,-242675,4239
1689063005888,-242675,4239
1689063005889,-242675,4239
1689063005894,-242675,4239
1689063005896,-242675,4239
1689063005898,-242675,4239
1689063005901,-242675,4239
1689063005904,-242675,4239
1689063005911,-242675,4239
1689063005914,-242675,4239
1689063005916,-242675,4239
1689063005919,-242675,4239
1689063005921,-242675,4239
1689063005923,-242675,4239
1689063005925,-242675,4239
1689063005927,-242675,4239
1689063005928,-242675,4239
1689063005930,-242675,4239
1689063005932,-242675,4239
1689063005934,-242675,4239
1689063005937,-242675,4239
1689063005939,-242675,4239
1689063005942,-242675,4239
1689063005943,-242675,4239
1689063005945,-242675,4239
1689063005946,-242675,4239
1689063005948,-242675,4239
1689063005950,-242675,4239
1689063005952,-242675,4239
1689063005953,-242675,4239
1689063005954,-242675,4239
1689063005955,-242675,4239
1689063005956,-242675,4239
1689063005957,-242675,4239
1689063005959,-242675,4239
1689063005961,-242675,4239
1689063005962,-242675,4239
1689063005964,-242675,4239
1689063005965,-242675,4239
1689063005966,-242675,4239
1689063005969,-242675,4239
1689063005972,-242675,4239
1689063005973,-242675,4239
1689063005975,-242675,4239
1689063005976,-242675,4239
1689063005977,-242675,4239
1689063005979,-242675,4239
1689063005980,-242675,4239
1689063005982,-242675,4239
1689063005984,-242675,4239
1689063005985,-242675,4239
1689063005987,-242675,4239
1689063005988,-242675,4239
1689063005990,-242675,4239
1689063005993,-242675,4239
1689063005995,-242675,4239
1689063005998,-242675,4239
1689063006001,-242675,4239
1689063006004,-242675,4239
1689063006007,-242675,4239
1689063006009,-242675,4239
1689063006012,-242675,4239
1689063006016,-242675,4239
1689063006019,-242675,4239
1689063006021,-242675,4239
1689063006022,-242675,4239
1689063006027,-242675,4239
1689063006029,-242675,4239
1689063006032,-242675,4239
1689063006034,-242675,4239
1689063006037,-242675,4239
1689063006040,-242675,4239
1689063006042,-242675,4239
1689063006044,-242675,4239
1689063006046,-242675,4239
1689063006051,-242675,4239
1689063006053,-242675,4239
1689063006055,-242675,4239
1689063006056,-242675,4239
1689063006059,-242675,4239
1689063006061,-242675,4239
1689063006063,-242675,4239
1689063006065,-242675,4239
1689063006067,-242675,4239
1689063006070,-242675,4239
1689063006072,-242675,4239
1689063006074,-242675,4239
1689063006076,-242675,4239
1689063006077,-242675,4239
1689063006078,-242675,4239
1689063006080,-242675,4239
1689063006082,-242675,4239
1689063006084,-242675,4239
1689063006086,-242675,4239
1689063006088,-242675,4239
1689063006089,-242675,4239
1689063006090,-242675,4239
1689063006092,-242675,4239
1689063006094,-242675,4239
1689063006095,-242675,4239
1689063006097,-242675,4239
1689063006099,-242675,4239
1689063006101,-242675,4239
1689063006103,-242675,4239
1689063006105,-242675,4239
1689063006107,-242675,4239
1689063006109,-242675,4239
1689063006110,-242675,4239
1689063006111,-242675,4239
1689063006112,-242675,4239
1689063006113,-242675,4239
1689063006116,-242675,4239
1689063006118,-242675,4239
1689063006120,-242675,4239
1689063006122,-242675,4239
1689063006123,-242675,4239
1689063006124,-242675,4239
1689063006127,-242675,4239
1689063006129,-242675,4239
1689063006131,-242675,4239
1689063006136,-242675,4239
1689063006147,-242675,4239
1689063006150,-242675,4239
1689063006154,-242675,4239
1689063006169,-242675,4239
1689063006172,-242675,4239
1689063006174,-242675,4239
1689063006175,-242675,4239
1689063006177,-242675,4239
1689063006179,-242675,4239
1689063006183,-242675,4239
1689063006187,-245117,4239
1689063006198,-245117,4239
1689063006202,-245117,4239
1689063006205,-245117,4239
1689063006207,-245117,4239
1689063006209,-245117,4239
1689063006210,-245117,4239
1689063006212,-245117,4239
1689063006213,-245117,4239
1689063006219,-245117,4239
1689063006221,-245117,4239
1689063006223,-245117,4239
1689063006228,-245117,4239
1689063006230,-245117,4239
1689063006232,-245117,4239
1689063006234,-245117,4239
1689063006237,-245117,4239
1689063006239,-245117,4239
1689063006240,-245117,4239
1689063006242,-245117,4239
1689063006243,-245117,4239
1689063006245,-245117,4239
1689063006246,-245117,4239
1689063006249,-245117,4239
1689063006251,-245117,4239
1689063006253,-245117,4239
1689063006254,-245117,4239
1689063006255,-245117,4239
1689063006256,-245117,4239
1689063006258,-245117,4239
1689063006259,-245117,4239
1689063006261,-245117,4239
1689063006262,-245117,4239
1689063006263,-245117,4239
1689063006264,-245117,4239
1689063006265,-245117,4239
1689063006267,-245117,4239
1689063006270,-245117,4239
1689063006272,-245117,4239
1689063006274,-245117,4239
1689063006276,-245117,4239
1689063006277,-245117,4239
1689063006279,-245117,4239
1689063006280,-245117,4239
1689063006281,-245117,4239
1689063006282,-245117,4239
1689063006284,-245117,4239
1689063006285,-245117,4239
1689063006286,-245117,4239
1689063006288,-245117,4239
1689063006289,-245117,4239
1689063006290,-245117,4239
1689063006291,-245117,4239
1689063006293,-245117,4239
1689063006294,-245117,4239
1689063006295,-245117,4239
1689063006295,-245117,4239
1689063006296,-245117,4239
1689063006298,-245117,4239
1689063006299,-245117,4239
1689063006301,-245117,4239
1689063006303,-245117,4239
1689063006304,-245117,4239
1689063006305,-245117,4239
1689063006306,-245117,4239
1689063006307,-245117,4239
1689063006308,-245117,4239
1689063006309,-245117,4239
1689063006310,-245117,4239
1689063006311,-245117,4239
1689063006312,-245117,4239
1689063006313,-245117,4239
1689063006314,-245117,4239
1689063006316,-245117,4239
1689063006317,-245117,4239
1689063006320,-245117,4239
1689063006321,-245117,4239
1689063006322,-245117,4239
1689063006325,-245117,4239
1689063006327,-245117,4239
1689063006329,-245117,4239
1689063006331,-245117,4239
1689063006332,-245117,4239
1689063006335,-245117,4239
1689063006337,-245117,4239
1689063006339,-245117,4239
1689063006341,-245117,4239
1689063006342,-245117,4239
1689063006343,-245117,4239
1689063006344,-245117,4239
1689063006345,-245117,4239
1689063006349,-245117,4239
1689063006351,-245117,4239
1689063006353,-245117,4239
1689063006354,-245117,4239
1689063006355,-245117,4239
1689063006356,-245117,4239
1689063006359,-245117,4239
1689063006361,-245117,4239
1689063006363,-245117,4239
1689063006364,-245117,4239
1689063006365,-245117,4239
1689063006369,-245117,4239
1689063006375,-245117,4239
1689063006377,-245117,4239
1689063006379,-245117,4239
1689063006381,-245117,4239
1689063006383,-245117,4239
1689063006385,-245117,4239
1689063006387,-245117,4239
1689063006389,-245117,4239
1689063006394,-245117,4239
1689063006397,-245117,4239
1689063006400,-245117,4239
1689063006402,-245117,4239
1689063006405,-245117,4239
1689063006407,-245117,4239
1689063006409,-245117,4239
1689063006411,-245117,4239
1689063006412,-245117,4239
1689063006415,-245117,4239
1689063006418,-245117,4239
1689063006420,-245117,4239
1689063006421,-245117,4239
1689063006428,-245117,4239
1689063006431,-245117,4239
1689063006433,-245117,4239
1689063006435,-245117,4239
1689063006437,-245117,4239
1689063006440,-245117,4239
1689063006442,-245117,4239
1689063006444,-245117,4239
1689063006446,-245117,4239
1689063006451,-245117,4239
1689063006452,-245117,4239
1689063006453,-245117,4239
1689063006454,-245117,4239
1689063006455,-245117,4239
1689063006456,-245117,4239
1689063006461,-245117,4239
1689063006463,-245117,4239
1689063006464,-245117,4239
1689063006466,-245117,4239
1689063006467,-245117,4239
1689063006471,-245117,4239
1689063006473,-245117,4239
1689063006475,-245117,4239
1689063006476,-245117,4239
1689063006479,-245117,4239
1689063006483,-245117,4239
1689063006485,-245117,4239
1689063006487,-245117,4239
1689063006489,-245117,4239
1689063006493,-245117,4239
1689063006496,-245117,4239
1689063006499,-245117,4239
1689063006501,-245117,4239
1689063006505,-245117,4239
1689063006508,-245117,4239
1689063006511,-245117,4239
1689063006516,-245117,4239
1689063006519,-245117,4239
1689063006522,-245117,4239
1689063006524,-245117,4239
1689063006529,-245117,4239
1689063006532,-245117,4239
1689063006537,-245117,4239
1689063006541,-245117,4239
1689063006543,-245117,4239
1689063006545,-245117,4239
1689063006549,-245117,4239
1689063006553,-245117,4239
1689063006555,-245117,4239
1689063006558,-245117,4239
1689063006564,-245117,4239
1689063006568,-245117,4239
1689063006571,-245117,4239
1689063006572,-245117,4239
1689063006574,-245117,4239
1689063006575,-245117,4239
1689063006576,-245117,4239
1689063006578,-245117,4239
1689063006579,-245117,4239
1689063006583,-245117,4239
1689063006585,-245117,4239
1689063006587,-245117,4239
1689063006590,-245117,4239
1689063006594,-245117,4239
1689063006596,-245117,4239
1689063006597,-245117,4239
1689063006598,-245117,4239
1689063006600,-245117,4239
1689063006601,-245117,4239
1689063006604,-245117,4239
1689063006606,-245117,4239
1689063006608,-245117,4239
1689063006610,-245117,4239
1689063006611,-245117,4239
1689063006613,-245117,4239
1689063006617,-245117,4239
1689063006619,-245117,4239
1689063006621,-245117,4239
1689063006622,-245117,4239
1689063006624,-245117,4239
1689063006630,-245117,4239
1689063006634,-245117,4239
1689063006637,-245117,4239
1689063006640,-245117,4239
1689063006643,-245117,4239
1689063006645,-245117,4239
1689063006651,-245117,4239
1689063006653,-245117,4239
1689063006655,-245117,4239
1689063006664,-245117,4239
1689063006669,-245117,4239
1689063006672,-245117,4239
1689063006675,-245117,4239
1689063006676,-245117,4239
1689063006678,-245117,4239
1689063006680,-245117,4239
1689063006682,-245117,4239
1689063006684,-245117,4239
1689063006687,-245117,4239
1689063006689,-245117,4239
1689063006690,-245117,4239
1689063006692,-245117,4239
1689063006694,-245117,4239
1689063006696,-245117,4239
1689063006698,-245117,4239
1689063006699,-245117,4239
1689063006702,-245117,4239
1689063006705,-245117,4239
1689063006707,-245117,4239
1689063006708,-245117,4239
1689063006710,-245117,4239
1689063006711,-245117,4239
1689063006712,-245117,4239
1689063006714,-245117,4239
1689063006716,-245117,4239
1689063006719,-245117,4239
1689063006722,-245117,4239
1689063006724,-245117,4239
1689063006727,-245117,4239
1689063006729,-245117,4239
1689063006731,-245117,4239
1689063006733,-245117,4239
1689063006735,-245117,4239
1689063006737,-245117,4239
1689063006739,-245117,4239
1689063006741,-245117,4239
1689063006742,-245117,4239
1689063006743,-245117,4239
1689063006745,-245117,4239
1689063006746,-245117,4239
1689063006749,-245117,4239
1689063006752,-245117,4239
1689063006753,-245117,4239
1689063006755,-245117,4239
1689063006756,-245117,4239
1689063006763,-245117,4239
1689063006764,-245117,4239
1689063006768,-245117,4239
1689063006771,-245117,4239
1689063006773,-245117,4239
1689063006776,-245117,4239
1689063006779,-245117,4239
1689063006781,-245117,4239
1689063006783,-245117,4239
1689063006785,-245117,4239
1689063006787,-245117,4239
1689063006789,-245117,4239
1689063006790,-245117,4239
1689063006793,-245117,4239
1689063006795,-245117,4239
1689063006797,-245117,4239
1689063006798,-245117,4239
1689063006801,-245117,4239
1689063006803,-245117,4239
1689063006805,-245117,4239
1689063006807,-245117,4239
1689063006809,-245117,4239
1689063006810,-245117,4239
1689063006812,-245117,4239
1689063006813,-245117,4239
1689063006816,-245117,4239
1689063006818,-245117,4239
1689063006820,-245117,4239
1689063006821,-245117,4239
1689063006822,-245117,4239
1689063006823,-245117,4239
1689063006828,-245117,4239
1689063006831,-245117,4239
1689063006833,-245117,4239
1689063006836,-245117,4239
1689063006839,-245117,4239
1689063006842,-245117,4239
1689063006844,-245117,4239
1689063006846,-245117,4239
1689063006849,-245117,4239
1689063006852,-245117,4239
1689063006855,-245117,4239
1689063006857,-245117,4239
1689063006860,-245117,4239
1689063006863,-245117,4239
1689063006865,-245117,4239
1689063006871,-245117,4239
1689063006875,-245117,4239
1689063006880,-245117,4239
1689063006885,-245117,4239
1689063006887,-245117,4239
1689063006889,-245117,4239
1689063006890,-245117,4239
1689063006891,-245117,4239
1689063006897,-245117,4239
1689063006899,-245117,4239
1689063006901,-245117,4239
1689063006903,-245117,4239
1689063006905,-245117,4239
1689063006907,-245117,4239
1689063006909,-245117,4239
1689063006910,-245117,4239
1689063006911,-245117,4239
1689063006912,-245117,4239
1689063006913,-245117,4239
1689063006914,-245117,4239
1689063006915,-245117,4239
1689063006918,-245117,4239
1689063006921,-245117,4239
1689063006922,-245117,4239
1689063006923,-245117,4239
1689063006924,-245117,4239
1689063006929,-245117,4239
1689063006931,-245117,4239
1689063006932,-245117,4239
1689063006934,-245117,4239
1689063006935,-245117,4239
1689063006938,-245117,4239
1689063006940,-245117,4239
1689063006941,-245117,4239
1689063006942,-245117,4239
1689063006943,-245117,4239
1689063006944,-245117,4239
1689063006945,-245117,4239
1689063006946,-245117,4239
1689063006947,-245117,4239
1689063006950,-245117,4239
1689063006952,-245117,4239
1689063006953,-245117,4239
1689063006955,-245117,4239
1689063006961,-245117,4239
1689063006964,-245117,4239
1689063006966,-245117,4239
1689063006971,-245117,4239
1689063006973,-245117,4239
1689063006975,-245117,4239
1689063006976,-245117,4239
1689063006977,-245117,4239
1689063006979,-245117,4239
1689063006984,-245117,4239
1689063006986,-245117,4239
1689063006988,-245117,4239
1689063006990,-245117,4239
1689063006995,-245117,4239
1689063006998,-245117,4239
1689063007000,-245117,4239
1689063007002,-245117,4239
1689063007005,-245117,4239
1689063007008,-245117,4239
1689063007010,-245117,4239
1689063007012,-245117,4239
1689063007013,-245117,4239
1689063007015,-245117,4239
1689063007018,-245117,4239
1689063007019,-245117,4239
1689063007021,-245117,4239
1689063007022,-245117,4239
1689063007023,-245117,4239
1689063007024,-245117,4239
1689063007029,-245117,4239
1689063007031,-245117,4239
1689063007033,-245117,4239
1689063007036,-245117,4239
1689063007039,-245117,4239
1689063007041,-245117,4239
1689063007042,-245117,4239
1689063007044,-245117,4239
1689063007045,-245117,4239
1689063007046,-245117,4239
1689063007051,-245117,4239
1689063007053,-245117,4239
1689063007055,-245117,4239
1689063007057,-245117,4239
1689063007062,-245117,4239
1689063007064,-245117,4239
1689063007066,-245117,4239
1689063007069,-245117,4239
1689063007072,-245117,4239
1689063007074,-245117,4239
1689063007077,-245117,4239
1689063007079,-245117,4239
1689063007081,-245117,4239
1689063007084,-245117,4239
1689063007088,-245117,4239
1689063007090,-245117,4239
1689063007097,-245117,4239
1689063007101,-245117,4239
1689063007104,-245117,4239
1689063007107,-245117,4239
1689063007110,-245117,4239
1689063007112,-245117,4239
1689063007114,-245117,4239
1689063007118,-245117,4239
1689063007121,-245117,4239
1689063007123,-245117,4239
1689063007125,-245117,4239
1689063007127,-245117,4239
1689063007130,-245117,4239
1689063007133,-245117,4239
1689063007137,-245117,4239
1689063007140,-245117,4239
1689063007143,-245117,4239
1689063007146,-245117,4239
1689063007150,-245117,4239
1689063007153,-245117,4239
1689063007155,-245117,4239
1689063007157,-245117,4239
1689063007159,-245117,4239
1689063007162,-245117,4239
1689063007165,-245117,4239
1689063007168,-245117,4239
1689063007171,-245117,4239
1689063007172,-245117,4239
1689063007174,-245117,4239
1689063007175,-245117,4239
1689063007176,-245117,4239
1689063007177,-245117,4239
1689063007179,-245117,4239
1689063007180,-245117,4239
1689063007183,-245117,4239
1689063007185,-245117,4239
1689063007187,-245117,4239
1689063007189,-245117,4239
1689063007191,-245117,4239
1689063007195,-245117,4239
1689063007197,-245117,4239
1689063007199,-245117,4239
1689063007200,-245117,4239
1689063007203,-245117,4239
1689063007205,-245117,4239
1689063007206,-245117,4239
1689063007208,-245117,4239
1689063007209,-245117,4239
1689063007210,-245117,4239
1689063007212,-245117,4239
1689063007213,-245117,4239
1689063007215,-245117,4239
1689063007218,-245117,4239
1689063007219,-245117,4239
1689063007220,-245117,4239
1689063007221,-245117,4239
1689063007222,-245117,4239
1689063007223,-245117,4239
1689063007224,-245117,4239
1689063007228,-245117,4239
1689063007230,-245117,4239
1689063007231,-245117,4239
1689063007232,-245117,4239
1689063007234,-245117,4239
1689063007236,-245117,4239
1689063007237,-245117,4239
1689063007239,-245117,4239
1689063007241,-245117,4239
1689063007243,-245117,4239
1689063007244,-245117,4239
1689063007245,-245117,4239
1689063007247,-245117,4239
1689063007249,-245117,4239
1689063007252,-245117,4239
1689063007254,-245117,4239
1689063007256,-245117,4239
1689063007258,-245117,4239
1689063007262,-245117,4239
1689063007265,-245117,4239
1689063007266,-245117,4239
1689063007269,-245117,4239
1689063007272,-245117,4239
1689063007274,-245117,4239
1689063007276,-245117,4239
1689063007278,-245117,4239
1689063007280,-245117,4239
1689063007282,-245117,4239
1689063007284,-245117,4239
1689063007286,-245117,4239
1689063007289,-245117,4239
1689063007290,-245117,4239
1689063007291,-245117,4239
1689063007295,-245117,4239
1689063007297,-245117,4239
1689063007299,-245117,4239
1689063007300,-245117,4239
1689063007302,-245117,4239
1689063007304,-245117,4239
1689063007306,-245117,4239
1689063007308,-245117,4239
1689063007309,-245117,4239
1689063007310,-245117,4239
1689063007311,-245117,4239
1689063007312,-245117,4239
1689063007313,-245117,4239
1689063007315,-245117,4239
1689063007319,-245117,4239
1689063007321,-245117,4239
1689063007322,-245117,4239
1689063007323,-245117,4239
1689063007324,-245117,4239
1689063007325,-245117,4239
1689063007329,-245117,4239
1689063007331,-245117,4239
1689063007333,-245117,4239
1689063007334,-245117,4239
1689063007336,-245117,4239
1689063007339,-245117,4239
1689063007341,-245117,4239
1689063007343,-245117,4239
1689063007345,-245117,4239
1689063007346,-245117,4239
1689063007350,-245117,4239
1689063007352,-245117,4239
1689063007354,-245117,4239
1689063007355,-245117,4239
1689063007356,-245117,4239
1689063007358,-245117,4239
1689063007359,-245117,4239
1689063007361,-245117,4239
1689063007362,-245117,4239
1689063007363,-245117,4239
1689063007364,-245117,4239
1689063007365,-245117,4239
1689063007366,-245117,4239
1689063007369,-245117,4239
1689063007371,-245117,4239
1689063007373,-245117,4239
1689063007374,-245117,4239
1689063007375,-245117,4239
1689063007376,-245117,4239
1689063007378,-245117,4239
1689063007379,-245117,4239
1689063007381,-245117,4239
1689063007382,-245117,4239
1689063007384,-245117,4239
1689063007385,-245117,4239
1689063007386,-245117,4239
1689063007388,-245117,4239
1689063007390,-245117,4239
1689063007391,-245117,4239
1689063007393,-245117,4239
1689063007395,-245117,4239
1689063007398,-245117,4239
1689063007400,-245117,4239
1689063007402,-245117,4239
1689063007404,-245117,4239
1689063007406,-245117,4239
1689063007409,-245117,4239
1689063007411,-245117,4239
1689063007412,-245117,4239
1689063007413,-245117,4239
1689063007415,-245117,4239
1689063007417,-245117,4239
1689063007418,-245117,4239
1689063007420,-245117,4239
1689063007421,-245117,4239
1689063007422,-245117,4239
1689063007423,-245117,4239
1689063007428,-245117,4239
1689063007430,-245117,4239
1689063007431,-245117,4239
1689063007432,-245117,4239
1689063007434,-245117,4239
1689063007435,-245117,4239
1689063007438,-245117,4239
1689063007439,-245117,4239
1689063007440,-245117,4239
1689063007442,-245117,4239
1689063007443,-245117,4239
1689063007444,-245117,4239
1689063007446,-245117,4239
1689063007447,-245117,4239
1689063007449,-245117,4239
1689063007451,-245117,4239
1689063007453,-245117,4239
1689063007455,-245117,4239
1689063007456,-245117,4239
1689063007462,-245117,4239
1689063007465,-245117,4239
1689063007467,-245117,4239
1689063007470,-245117,4239
1689063007474,-245117,4239
1689063007478,-245117,4239
1689063007480,-245117,4239
1689063007486,-245117,4239
1689063007488,-245117,4239
1689063007490,-245117,4239
1689063007495,-245117,4239
1689063007498,-245117,4239
1689063007501,-245117,4239
1689063007504,-245117,4239
1689063007506,-245117,4239
1689063007509,-245117,4239
1689063007511,-245117,4239
1689063007513,-245117,4239
1689063007519,-245117,4239
1689063007522,-245117,4239
1689063007524,-245117,4239
1689063007530,-245117,4239
1689063007532,-245117,4239
1689063007533,-245117,4239
1689063007535,-245117,4239
1689063007537,-245117,4239
1689063007539,-245117,4239
1689063007540,-245117,4239
1689063007541,-245117,4239
1689063007542,-245117,4239
1689063007543,-245117,4239
1689063007544,-245117,4239
1689063007545,-245117,4239
1689063007546,-245117,4239
1689063007547,-245117,4239
1689063007551,-245117,4239
1689063007552,-245117,4239
1689063007553,-245117,4239
1689063007554,-245117,4239
1689063007555,-245117,4239
1689063007557,-245117,4239
1689063007558,-245117,4239
1689063007561,-245117,4239
1689063007563,-245117,4239
1689063007564,-245117,4239
1689063007565,-245117,4239
1689063007567,-245117,4239
1689063007569,-245117,4239
1689063007570,-245117,4239
1689063007571,-245117,4239
1689063007572,-245117,4239
1689063007573,-245117,4239
1689063007574,-245117,4239
1689063007575,-245117,4239
1689063007576,-245117,4239
1689063007578,-245117,4239
1689063007579,-245117,4239
1689063007580,-245117,4239
1689063007581,-245117,4239
1689063007582,-245117,4239
1689063007583,-245117,4239
1689063007585,-245117,4239
1689063007586,-245117,4239
1689063007587,-245117,4239
1689063007588,-245117,4239
1689063007589,-245117,4239
1689063007590,-245117,4239
1689063007594,-245117,4239
1689063007595,-245117,4239
1689063007597,-245117,4239
1689063007598,-245117,4239
1689063007600,-245117,4239
1689063007602,-245117,4239
1689063007606,-245117,4239
1689063007610,-245117,4239
1689063007612,-245117,4239
1689063007614,-245117,4239
1689063007620,-245117,4239
1689063007622,-245117,4239
1689063007624,-245117,4239
1689063007626,-245117,4239
1689063007628,-245117,4239
1689063007629,-245117,4239
1689063007632,-245117,4239
1689063007637,-245117,4239
1689063007640,-245117,4239
1689063007642,-245117,4239
1689063007644,-245117,4239
1689063007645,-245117,4239
1689063007646,-245117,4239
1689063007653,-245117,4239
1689063007655,-245117,4239
1689063007656,-245117,4239
1689063007661,-245117,4239
1689063007664,-266601,4239
1689063007666,-266601,4239
1689063007669,-266601,4239
1689063007672,-266601,4239
1689063007673,-266601,4239
1689063007674,-266601,4239
1689063007675,-266601,4239
1689063007676,-266601,4239
1689063007678,-266601,4239
1689063007679,-266601,4239
1689063007683,-266601,4239
1689063007686,-266601,4239
1689063007688,-266601,4239
1689063007690,-266601,4239
1689063007695,-266601,4239
1689063007701,-266601,4239
1689063007703,-266601,4239
1689063007707,-266601,4239
1689063007709,-266601,4239
1689063007711,-266601,4239
1689063007712,-266601,4239
1689063007713,-266601,4239
1689063007717,-266601,4239
1689063007719,-266601,4239
1689063007721,-266601,4239
1689063007722,-266601,4239
1689063007723,-266601,4239
1689063007726,-266601,4239
1689063007728,-266601,4239
1689063007730,-266601,4239
1689063007731,-266601,4239
1689063007733,-266601,4239
1689063007737,-266601,4239
1689063007740,-266601,4239
1689063007741,-266601,4239
1689063007742,-266601,4239
1689063007743,-266601,4239
1689063007745,-266601,4239
1689063007746,-266601,4239
1689063007748,-266601,4239
1689063007753,-266601,4239
1689063007755,-266601,4239
1689063007757,-266601,4239
1689063007762,-266601,4239
1689063007765,-266601,4239
1689063007768,-266601,4239
1689063007771,-266601,4239
1689063007773,-266601,4239
1689063007775,-266601,4239
1689063007776,-266601,4239
1689063007778,-266601,4239
1689063007780,-266601,4239
1689063007782,-266601,4239
1689063007784,-266601,4239
1689063007786,-266601,4239
1689063007788,-266601,4239
1689063007790,-266601,4239
1689063007791,-266601,4239
1689063007796,-266601,4239
1689063007799,-266601,4239
1689063007801,-266601,4239
1689063007803,-266601,4239
1689063007805,-266601,4239
1689063007807,-266601,4239
1689063007810,-266601,4239
1689063007812,-266601,4239
1689063007814,-266601,4239
1689063007819,-266601,4239
1689063007821,-266601,4239
1689063007823,-266601,4239
1689063007824,-266601,4239
1689063007828,-266601,4239
1689063007830,-266601,4239
1689063007832,-266601,4239
1689063007834,-266601,4239
1689063007837,-266601,4239
1689063007839,-266601,4239
1689063007841,-266601,4239
1689063007843,-266601,4239
1689063007844,-266601,4239
1689063007846,-266601,4239
1689063007853,-266601,4239
1689063007855,-266601,4239
1689063007858,-266601,4239
1689063007866,-266601,4239
1689063007869,-266601,4239
1689063007871,-266601,4239
1689063007873,-266601,4239
1689063007874,-266601,4239
1689063007875,-266601,4239
1689063007876,-266601,4239
1689063007878,-266601,4239
1689063007879,-266601,4239
1689063007880,-266601,4239
1689063007882,-266601,4239
1689063007883,-266601,4239
1689063007885,-266601,4239
1689063007886,-266601,4239
1689063007888,-266601,4239
1689063007890,-266601,4239
1689063007891,-266601,4239
1689063007892,-266601,4239
1689063007894,-266601,4239
1689063007895,-266601,4239
1689063007897,-266601,4239
1689063007899,-266601,4239
1689063007900,-266601,4239
1689063007902,-266601,4239
1689063007904,-266601,4239
1689063007905,-266601,4239
1689063007907,-266601,4239
1689063007909,-266601,4239
1689063007910,-266601,4239
1689063007911,-266601,4239
1689063007913,-266601,4239
1689063007914,-266601,4239
1689063007918,-266601,4239
1689063007920,-266601,4239
1689063007921,-266601,4239
1689063007922,-266601,4239
1689063007923,-266601,4239
1689063007929,-266601,4239
1689063007930,-266601,4239
1689063007931,-266601,4239
1689063007932,-266601,4239
1689063007933,-266601,4239
1689063007935,-266601,4239
1689063007937,-266601,4239
1689063007939,-266601,4239
1689063007941,-266601,4239
1689063007942,-266601,4239
1689063007943,-266601,4239
1689063007944,-266601,4239
1689063007945,-266601,4239
1689063007946,-266601,4239
1689063007949,-266601,4239
1689063007951,-266601,4239
1689063007952,-266601,4239
1689063007953,-266601,4239
1689063007954,-266601,4239
1689063007955,-266601,4239
1689063007956,-266601,4239
1689063007957,-266601,4239
1689063007962,-266601,4239
1689063007963,-266601,4239
1689063007964,-266601,4239
1689063007965,-266601,4239
1689063007966,-266601,4239
1689063007967,-266601,4239
1689063007969,-266601,4239
1689063007971,-266601,4239
1689063007972,-266601,4239
1689063007973,-266601,4239
1689063007974,-266601,4239
1689063007974,-266601,4239
1689063007975,-266601,4239
1689063007976,-266601,4239
1689063007978,-266601,4239
1689063007979,-266601,4239
1689063007980,-266601,4239
1689063007980,-266601,4239
1689063007984,-266601,4239
1689063007985,-266601,4239
1689063007986,-266601,4239
1689063007987,-266601,4239
1689063007988,-266601,4239
1689063007989,-266601,4239
1689063007993,-266601,4239
1689063007995,-266601,4239
1689063007996,-266601,4239
1689063007997,-266601,4239
1689063007998,-266601,4239
1689063007999,-266601,4239
1689063008001,-266601,4239
1689063008002,-266601,4239
1689063008004,-266601,4239
1689063008005,-266601,4239
1689063008007,-266601,4239
1689063008009,-266601,4239
1689063008010,-266601,4239
1689063008012,-266601,4239
1689063008013,-266601,4239
1689063008016,-266601,4239
1689063008018,-266601,4239
1689063008020,-266601,4239
1689063008021,-266601,4239
1689063008022,-266601,4239
1689063008024,-266601,4239
1689063008027,-266601,4239
1689063008030,-266601,4239
1689063008032,-266601,4239
1689063008033,-266601,4239
1689063008034,-266601,4239
1689063008037,-266601,4239
1689063008040,-266601,4239
1689063008042,-266601,4239
1689063008044,-266601,4239
1689063008046,-266601,4239
1689063008047,-266601,4239
1689063008052,-266601,4239
1689063008054,-266601,4239
1689063008055,-266601,4239
1689063008057,-266601,4239
1689063008062,-266601,4239
1689063008065,-266601,4239
1689063008069,-266601,4239
1689063008071,-266601,4239
1689063008073,-266601,4239
1689063008075,-266601,4239
1689063008076,-266601,4239
1689063008078,-266601,4239
1689063008080,-266601,4239
1689063008084,-266601,4239
1689063008087,-266601,4239
1689063008089,-266601,4239
1689063008090,-266601,4239
1689063008091,-266601,4239
1689063008095,-266601,4239
1689063008099,-266601,4239
1689063008103,-266601,4239
1689063008105,-266601,4239
1689063008106,-266601,4239
1689063008108,-266601,4239
1689063008109,-266601,4239
1689063008110,-266601,4239
1689063008111,-266601,4239
1689063008112,-266601,4239
1689063008113,-266601,4239
1689063008115,-266601,4239
1689063008119,-266601,4239
1689063008121,-266601,4239
1689063008122,-266601,4239
1689063008123,-266601,4239
1689063008124,-266601,4239
1689063008129,-266601,4239
1689063008131,-266601,4239
1689063008133,-266601,4239
1689063008135,-266601,4239
1689063008137,-266601,4239
1689063008141,-266601,4239
1689063008143,-266601,4239
1689063008145,-266601,4239
1689063008146,-266601,4239
1689063008149,-266601,4239
1689063008153,-266601,4239
1689063008155,-266601,4239
1689063008156,-266601,4239
1689063008162,-266601,4239
1689063008164,-266601,4239
1689063008165,-266601,4239
1689063008169,-266601,4239
1689063008171,-266601,4239
1689063008172,-266601,4239
1689063008173,-266601,4239
1689063008174,-266601,4239
1689063008175,-266601,4239
1689063008176,-266601,4239
1689063008177,-266601,4239
1689063008179,-266601,4239
1689063008181,-266601,4239
1689063008185,-266601,4239
1689063008187,-266601,4239
1689063008189,-266601,4239
1689063008191,-266601,4239
1689063008196,-266601,4239
1689063008198,-266601,4239
1689063008200,-266601,4239
1689063008203,-266601,4239
1689063008205,-266601,4239
1689063008207,-266601,4239
1689063008209,-266601,4239
1689063008210,-266601,4239
1689063008211,-266601,4239
1689063008212,-266601,4239
1689063008213,-266601,4239
1689063008214,-266601,4239
1689063008219,-266601,4239
1689063008221,-266601,4239
1689063008222,-266601,4239
1689063008223,-266601,4239
1689063008224,-266601,4239
1689063008230,-266601,4239
1689063008232,-266601,4239
1689063008233,-266601,4239
1689063008235,-266601,4239
1689063008238,-266601,4239
1689063008240,-266601,4239
1689063008242,-266601,4239
1689063008245,-266601,4239
1689063008246,-266601,4239
1689063008249,-266601,4239
1689063008253,-266601,4239
1689063008254,-266601,4239
1689063008256,-266601,4239
1689063008258,-266601,4239
1689063008263,-266601,4239
1689063008265,-266601,4239
1689063008267,-266601,4239
1689063008269,-266601,4239
1689063008272,-266601,4239
1689063008273,-266601,4239
1689063008274,-266601,4239
1689063008276,-266601,4239
1689063008277,-266601,4239
1689063008278,-266601,4239
1689063008279,-266601,4239
1689063008280,-266601,4239
1689063008284,-266601,4239
1689063008287,-266601,4239
1689063008288,-266601,4239
1689063008290,-266601,4239
1689063008293,-266601,4239
1689063008295,-266601,4239
1689063008297,-266601,4239
1689063008299,-266601,4239
1689063008301,-266601,4239
1689063008303,-266601,4239
1689063008305,-266601,4239
1689063008306,-266601,4239
1689063008309,-266601,4239
1689063008310,-266601,4239
1689063008311,-266601,4239
1689063008312,-266601,4239
1689063008313,-266601,4239
1689063008315,-266601,4239
1689063008320,-266601,4239
1689063008322,-266601,4239
1689063008323,-266601,4239
1689063008324,-266601,4239
1689063008328,-266601,4239
1689063008331,-266601,4239
1689063008332,-266601,4239
1689063008334,-266601,4239
1689063008336,-266601,4239
1689063008339,-266601,4239
1689063008341,-266601,4239
1689063008343,-266601,4239
1689063008345,-266601,4239
1689063008346,-266601,4239
1689063008348,-266601,4239
1689063008349,-266601,4239
1689063008351,-266601,4239
1689063008353,-266601,4239
1689063008354,-266601,4239
1689063008356,-266601,4239
1689063008357,-266601,4239
1689063008359,-266601,4239
1689063008361,-266601,4239
1689063008363,-266601,4239
1689063008364,-266601,4239
1689063008366,-266601,4239
1689063008370,-266601,4239
1689063008373,-266601,4239
1689063008374,-266601,4239
1689063008376,-266601,4239
1689063008378,-266601,4239
1689063008380,-266601,4239
1689063008382,-266601,4239
1689063008384,-266601,4239
1689063008386,-266601,4239
1689063008388,-266601,4239
1689063008390,-266601,4239
1689063008391,-266601,4239
1689063008392,-266601,4239
1689063008395,-266601,4239
1689063008399,-266601,4239
1689063008408,-266601,4239
1689063008411,-266601,4239
1689063008413,-266601,4239
1689063008415,-266601,4239
1689063008417,-266601,4239
1689063008421,-266601,4239
1689063008422,-266601,4239
1689063008424,-266601,4239
1689063008425,-266601,4239
1689063008429,-266601,4239
1689063008431,-266601,4239
1689063008433,-266601,4239
1689063008435,-266601,4239
1689063008438,-266601,4239
1689063008445,-266601,4239
1689063008448,-266601,4239
1689063008450,-266601,4239
1689063008452,-266601,4239
1689063008454,-266601,4239
1689063008456,-266601,4239
1689063008457,-266601,4239
1689063008459,-266601,4239
1689063008461,-266601,4239
1689063008464,-266601,4239
1689063008466,-266601,4239
1689063008468,-266601,4239
1689063008471,-266601,4239
1689063008473,-266601,4239
1689063008475,-266601,4239
1689063008476,-266601,4239
1689063008478,-266601,4239
1689063008480,-266601,4239
1689063008484,-266601,4239
1689063008487,-266601,4239
1689063008489,-266601,4239
1689063008491,-266601,4239
1689063008496,-266601,4239
1689063008499,-266601,4239
1689063008501,-266601,4239
1689063008503,-266601,4239
1689063008506,-266601,4239
1689063008508,-266601,4239
1689063008509,-266601,4239
1689063008511,-266601,4239
1689063008512,-266601,4239
1689063008513,-266601,4239
1689063008515,-266601,4239
1689063008517,-266601,4239
1689063008520,-266601,4239
1689063008521,-266601,4239
1689063008523,-266601,4239
1689063008524,-266601,4239
1689063008529,-266601,4239
1689063008530,-266601,4239
1689063008532,-266601,4239
1689063008533,-266601,4239
1689063008534,-266601,4239
1689063008537,-266601,4239
1689063008539,-266601,4239
1689063008540,-266601,4239
1689063008541,-266601,4239
1689063008542,-266601,4239
1689063008543,-266601,4239
1689063008544,-266601,4239
1689063008545,-266601,4239
1689063008546,-266601,4239
1689063008551,-266601,4239
1689063008553,-266601,4239
1689063008554,-266601,4239
1689063008556,-266601,4239
1689063008557,-266601,4239
1689063008562,-266601,4239
1689063008564,-266601,4239
1689063008566,-266601,4239
1689063008567,-266601,4239
1689063008570,-266601,4239
1689063008572,-266601,4239
1689063008574,-266601,4239
1689063008576,-266601,4239
1689063008578,-266601,4239
1689063008580,-266601,4239
1689063008581,-266601,4239
1689063008585,-266601,4239
1689063008587,-266601,4239
1689063008588,-266601,4239
1689063008589,-266601,4239
1689063008590,-266601,4239
1689063008591,-266601,4239
1689063008592,-266601,4239
1689063008596,-266601,4239
1689063008598,-266601,4239
1689063008601,-266601,4239
1689063008603,-266601,4239
1689063008604,-266601,4239
1689063008606,-266601,4239
1689063008608,-266601,4239
1689063008609,-266601,4239
1689063008610,-266601,4239
1689063008611,-266601,4239
1689063008612,-266601,4239
1689063008613,-266601,4239
1689063008614,-266601,4239
1689063008617,-266601,4239
1689063008619,-266601,4239
1689063008620,-266601,4239
1689063008621,-266601,4239
1689063008623,-266601,4239
1689063008624,-266601,4239
1689063008625,-266601,4239
1689063008626,-266601,4239
1689063008630,-266601,4239
1689063008632,-266601,4239
1689063008635,-266601,4239
1689063008637,-266601,4239
1689063008640,-266601,4239
1689063008642,-266601,4239
1689063008644,-266601,4239
1689063008645,-266601,4239
1689063008648,-266601,4239
1689063008652,-266601,4239
1689063008654,-266601,4239
1689063008656,-266601,4239
1689063008658,-266601,4239
1689063008663,-266601,4239
1689063008665,-266601,4239
1689063008669,-266601,4239
1689063008673,-266601,4239
1689063008677,-266601,4239
1689063008680,-266601,4239
1689063008687,-266601,4239
1689063008690,-266601,4239
1689063008692,-266601,4239
1689063008698,-266601,4239
1689063008701,-266601,4239
1689063008705,-266601,4239
1689063008708,-266601,4239
1689063008709,-266601,4239
1689063008710,-266601,4239
1689063008711,-266601,4239
1689063008712,-266601,4239
1689063008713,-266601,4239
1689063008714,-266601,4239
1689063008716,-266601,4239
1689063008723,-266601,4239
1689063008730,-266601,4239
1689063008731,-266601,4239
1689063008733,-266601,4239
1689063008735,-266601,4239
1689063008737,-266601,4239
1689063008739,-266601,4239
1689063008741,-266601,4239
1689063008742,-266601,4239
1689063008743,-266601,4239
1689063008744,-266601,4239
1689063008745,-266601,4239
1689063008746,-266601,4239
1689063008747,-266601,4239
1689063008749,-266601,4239
1689063008753,-266601,4239
1689063008755,-266601,4239
1689063008756,-266601,4239
1689063008761,-266601,4239
1689063008764,-266601,4239
1689063008768,-266601,4239
1689063008771,-266601,4239
1689063008773,-266601,4239
1689063008775,-266601,4239
1689063008777,-266601,4239
1689063008779,-266601,4239
1689063008782,-266601,4239
1689063008785,-266601,4239
1689063008787,-266601,4239
1689063008789,-266601,4239
1689063008790,-266601,4239
1689063008792,-266601,4239
1689063008795,-266601,4239
1689063008798,-266601,4239
1689063008800,-266601,4239
1689063008803,-266601,4239
1689063008808,-266601,4239
1689063008812,-266601,4239
1689063008815,-266601,4239
1689063008819,-266601,4239
1689063008821,-266601,4239
1689063008823,-266601,4239
1689063008824,-266601,4239
1689063008826,-266601,4239
1689063008830,-266601,4239
1689063008833,-266601,4239
1689063008835,-266601,4239
1689063008838,-266601,4239
1689063008840,-266601,4239
1689063008842,-266601,4239
1689063008844,-266601,4239
1689063008845,-266601,4239
1689063008847,-266601,4239
1689063008849,-266601,4239
1689063008853,-266601,4239
1689063008855,-266601,4239
1689063008857,-266601,4239
1689063008859,-266601,4239
1689063008861,-266601,4239
1689063008864,-266601,4239
1689063008866,-266601,4239
1689063008869,-266601,4239
1689063008873,-266601,4239
1689063008876,-266601,4239
1689063008879,-266601,4239
1689063008882,-266601,4239
1689063008887,-266601,4239
1689063008890,-266601,4239
1689063008892,-266601,4239
1689063008894,-266601,4239
1689063008898,-266601,4239
1689063008901,-266601,4239
1689063008905,-266601,4239
1689063008910,-266601,4239
1689063008915,-266601,4239
1689063008922,-266601,4239
1689063008925,-266601,4239
1689063008927,-266601,4239
1689063008933,-266601,4239
1689063008936,-266601,4239
1689063008940,-266601,4239
1689063008943,-266601,4239
1689063008945,-266601,4239
1689063008947,-266601,4239
1689063008949,-266601,4239
1689063008952,-266601,4239
1689063008955,-266601,4239
1689063008957,-266601,4239
1689063008960,-266601,4239
1689063008963,-266601,4239
1689063008966,-266601,4239
1689063008968,-266601,4239
1689063008971,-266601,4239
1689063008972,-266601,4239
1689063008974,-266601,4239
1689063008975,-266601,4239
1689063008976,-266601,4239
1689063008977,-266601,4239
1689063008979,-266601,4239
1689063008980,-266601,4239
1689063008981,-266601,4239
1689063008982,-266601,4239
1689063008985,-266601,4239
1689063008989,-266601,4239
1689063008991,-266601,4239
1689063008992,-266601,4239
1689063008996,-266601,4239
1689063008999,-266601,4239
1689063009000,-266601,4239
1689063009002,-266601,4239
1689063009005,-266601,4239
1689063009007,-266601,4239
1689063009008,-266601,4239
1689063009010,-266601,4239
1689063009011,-266601,4239
1689063009012,-266601,4239
1689063009013,-266601,4239
1689063009014,-266601,4239
1689063009016,-266601,4239
1689063009018,-266601,4239
1689063009020,-266601,4239
1689063009021,-266601,4239
1689063009022,-266601,4239
1689063009023,-266601,4239
1689063009024,-266601,4239
1689063009025,-266601,4239
1689063009029,-266601,4239
1689063009032,-266601,4239
1689063009034,-266601,4239
1689063009036,-266601,4239
1689063009038,-266601,4239
1689063009040,-266601,4239
1689063009043,-266601,4239
1689063009045,-266601,4239
1689063009047,-266601,4239
1689063009048,-266601,4239
1689063009052,-266601,4239
1689063009054,-266601,4239
1689063009055,-266601,4239
1689063009057,-266601,4239
1689063009058,-266601,4239
1689063009063,-266601,4239
1689063009065,-266601,4239
1689063009068,-266601,4239
1689063009071,-266601,4239
1689063009072,-266601,4239
1689063009074,-266601,4239
1689063009075,-266601,4239
1689063009077,-266601,4239
1689063009078,-266601,4239
1689063009080,-266601,4239
1689063009081,-266601,4239
1689063009085,-266601,4239
1689063009091,-266601,4239
1689063009096,-266601,4239
1689063009098,-266601,4239
1689063009100,-266601,4239
1689063009101,-266601,4239
1689063009103,-266601,4239
1689063009104,-266601,4239
1689063009106,-266601,4239
1689063009107,-266601,4239
1689063009108,-266601,4239
1689063009109,-266601,4239
1689063009110,-266601,4239
1689063009111,-266601,4239
1689063009112,-266601,4239
1689063009113,-266601,4239
1689063009114,-266601,4239
1689063009115,-266601,4239
1689063009120,-266601,4239
1689063009122,-266601,4239
1689063009123,-266601,4239
1689063009125,-266601,4239
1689063009128,-266601,4239
1689063009130,-266601,4239
1689063009131,-266601,4239
1689063009132,-266601,4239
1689063009133,-266601,4239
1689063009135,-266601,4239
1689063009137,-266601,4239
1689063009138,-266601,4239
1689063009139,-276855,4239
1689063009140,-276855,4239
1689063009141,-276855,4239
1689063009142,-276855,4239
1689063009143,-276855,4239
1689063009144,-276855,4239
1689063009145,-276855,4239
1689063009146,-276855,4239
1689063009147,-276855,4239
1689063009149,-276855,4239
1689063009150,-276855,4239
1689063009152,-276855,4239
1689063009153,-276855,4239
1689063009154,-276855,4239
1689063009156,-276855,4239
1689063009157,-276855,4239
1689063009161,-276855,4239
1689063009164,-276855,4239
1689063009166,-276855,4239
1689063009167,-276855,4239
1689063009170,-276855,4239
1689063009173,-276855,4239
1689063009176,-276855,4239
1689063009178,-276855,4239
1689063009179,-276855,4239
1689063009180,-276855,4239
1689063009181,-276855,4239
1689063009183,-276855,4239
1689063009186,-276855,4239
1689063009188,-276855,4239
1689063009189,-276855,4239
1689063009190,-276855,4239
1689063009191,-276855,4239
1689063009194,-276855,4239
1689063009198,-276855,4239
1689063009199,-276855,4239
1689063009201,-276855,4239
1689063009203,-276855,4239
1689063009204,-276855,4239
1689063009206,-276855,4239
1689063009207,-276855,4239
1689063009208,-276855,4239
1689063009210,-276855,4239
1689063009211,-276855,4239
1689063009212,-276855,4239
1689063009214,-276855,4239
1689063009215,-276855,4239
1689063009218,-276855,4239
1689063009220,-276855,4239
1689063009221,-276855,4239
1689063009222,-276855,4239
1689063009224,-276855,4239
1689063009225,-276855,4239
1689063009226,-276855,4239
1689063009228,-276855,4239
1689063009229,-276855,4239
1689063009231,-276855,4239
1689063009232,-276855,4239
1689063009233,-276855,4239
1689063009236,-276855,4239
1689063009238,-276855,4239
1689063009239,-276855,4239
1689063009240,-276855,4239
1689063009241,-276855,4239
1689063009242,-276855,4239
1689063009243,-276855,4239
1689063009244,-276855,4239
1689063009245,-276855,4239
1689063009247,-276855,4239
1689063009253,-276855,4239
1689063009255,-276855,4239
1689063009257,-276855,4239
1689063009262,-276855,4239
1689063009265,-276855,4239
1689063009266,-276855,4239
1689063009269,-276855,4239
1689063009274,-276855,4239
1689063009277,-276855,4239
1689063009279,-276855,4239
1689063009280,-276855,4239
1689063009281,-276855,4239
1689063009282,-276855,4239
1689063009284,-276855,4239
1689063009286,-276855,4239
1689063009288,-276855,4239
1689063009289,-276855,4239
1689063009291,-276855,4239
1689063009292,-276855,4239
1689063009295,-276855,4239
1689063009298,-276855,4239
1689063009300,-276855,4239
1689063009302,-276855,4239
1689063009304,-276855,4239
1689063009306,-276855,4239
1689063009308,-276855,4239
1689063009309,-276855,4239
1689063009310,-276855,4239
1689063009312,-276855,4239
1689063009313,-276855,4239
1689063009314,-276855,4239
1689063009315,-276855,4239
1689063009318,-276855,4239
1689063009320,-276855,4239
1689063009321,-276855,4239
1689063009322,-276855,4239
1689063009323,-276855,4239
1689063009324,-276855,4239
1689063009325,-276855,4239
1689063009330,-276855,4239
1689063009331,-276855,4239
1689063009332,-276855,4239
1689063009334,-276855,4239
1689063009335,-276855,4239
1689063009338,-276855,4239
1689063009339,-276855,4239
1689063009340,-276855,4239
1689063009341,-276855,4239
1689063009342,-276855,4239
1689063009343,-276855,4239
1689063009344,-276855,4239
1689063009345,-276855,4239
1689063009346,-276855,4239
1689063009349,-276855,4239
1689063009351,-276855,4239
1689063009353,-276855,4239
1689063009354,-276855,4239
1689063009355,-276855,4239
1689063009356,-276855,4239
1689063009358,-276855,4239
1689063009359,-276855,4239
1689063009365,-276855,4239
1689063009368,-276855,4239
1689063009370,-276855,4239
1689063009375,-276855,4239
1689063009377,-276855,4239
1689063009379,-276855,4239
1689063009380,-276855,4239
1689063009381,-276855,4239
1689063009383,-276855,4239
1689063009384,-276855,4239
1689063009385,-276855,4239
1689063009387,-276855,4239
1689063009388,-276855,4239
1689063009390,-276855,4239
1689063009391,-276855,4239
1689063009391,-276855,4239
1689063009392,-276855,4239
1689063009398,-276855,4239
1689063009400,-276855,4239
1689063009401,-276855,4239
1689063009403,-276855,4239
1689063009405,-276855,4239
1689063009406,-276855,4239
1689063009408,-276855,4239
1689063009409,-276855,4239
1689063009410,-276855,4239
1689063009411,-276855,4239
1689063009412,-276855,4239
1689063009413,-276855,4239
1689063009414,-276855,4239
1689063009415,-276855,4239
1689063009416,-276855,4239
1689063009419,-276855,4239
1689063009420,-276855,4239
1689063009421,-276855,4239
1689063009422,-276855,4239
1689063009423,-276855,4239
1689063009424,-276855,4239
1689063009425,-276855,4239
1689063009426,-276855,4239
1689063009431,-276855,4239
1689063009433,-276855,4239
1689063009436,-276855,4239
1689063009439,-276855,4239
1689063009440,-276855,4239
1689063009442,-276855,4239
1689063009443,-276855,4239
1689063009445,-276855,4239
1689063009446,-276855,4239
1689063009453,-276855,4239
1689063009455,-276855,4239
1689063009458,-276855,4239
1689063009460,-276855,4239
1689063009466,-276855,4239
1689063009469,-276855,4239
1689063009475,-276855,4239
1689063009479,-276855,4239
1689063009481,-276855,4239
1689063009483,-276855,4239
1689063009485,-276855,4239
1689063009487,-276855,4239
1689063009489,-276855,4239
1689063009491,-276855,4239
1689063009492,-276855,4239
1689063009494,-276855,4239
1689063009496,-276855,4239
1689063009499,-276855,4239
1689063009501,-276855,4239
1689063009504,-276855,4239
1689063009506,-276855,4239
1689063009509,-276855,4239
1689063009511,-276855,4239
1689063009512,-276855,4239
1689063009514,-276855,4239
1689063009516,-276855,4239
1689063009521,-276855,4239
1689063009523,-276855,4239
1689063009525,-276855,4239
1689063009526,-276855,4239
1689063009530,-276855,4239
1689063009532,-276855,4239
1689063009534,-276855,4239
1689063009536,-276855,4239
1689063009540,-276855,4239
1689063009542,-276855,4239
1689063009543,-276855,4239
1689063009545,-276855,4239
1689063009546,-276855,4239
1689063009549,-276855,4239
1689063009550,-276855,4239
1689063009551,-276855,4239
1689063009553,-276855,4239
1689063009554,-276855,4239
1689063009555,-276855,4239
1689063009556,-276855,4239
1689063009560,-276855,4239
1689063009565,-276855,4239
1689063009568,-276855,4239
1689063009571,-276855,4239
1689063009573,-276855,4239
1689063009574,-276855,4239
1689063009576,-276855,4239
1689063009577,-276855,4239
1689063009578,-276855,4239
1689063009580,-276855,4239
1689063009581,-276855,4239
1689063009582,-276855,4239
1689063009586,-276855,4239
1689063009588,-276855,4239
1689063009590,-276855,4239
1689063009592,-276855,4239
1689063009593,-276855,4239
1689063009595,-276855,4239
1689063009597,-276855,4239
1689063009599,-276855,4239
1689063009601,-276855,4239
1689063009604,-276855,4239
1689063009606,-276855,4239
1689063009609,-276855,4239
1689063009610,-276855,4239
1689063009612,-276855,4239
1689063009613,-276855,4239
1689063009615,-276855,4239
1689063009616,-276855,4239
1689063009618,-276855,4239
1689063009620,-276855,4239
1689063009621,-276855,4239
1689063009622,-276855,4239
1689063009623,-276855,4239
1689063009624,-276855,4239
1689063009625,-276855,4239
1689063009629,-276855,4239
1689063009631,-276855,4239
1689063009634,-276855,4239
1689063009636,-276855,4239
1689063009638,-276855,4239
1689063009640,-276855,4239
1689063009641,-276855,4239
1689063009643,-276855,4239
1689063009644,-276855,4239
1689063009645,-276855,4239
1689063009647,-276855,4239
1689063009648,-276855,4239
1689063009650,-276855,4239
1689063009652,-276855,4239
1689063009653,-276855,4239
1689063009655,-276855,4239
1689063009656,-276855,4239
1689063009658,-276855,4239
1689063009659,-276855,4239
1689063009663,-276855,4239
1689063009665,-276855,4239
1689063009666,-276855,4239
1689063009669,-276855,4239
1689063009671,-276855,4239
1689063009672,-276855,4239
1689063009674,-276855,4239
1689063009675,-276855,4239
1689063009676,-276855,4239
1689063009677,-276855,4239
1689063009678,-276855,4239
1689063009679,-276855,4239
1689063009680,-276855,4239
1689063009681,-276855,4239
1689063009682,-276855,4239
1689063009684,-276855,4239
1689063009687,-276855,4239
1689063009689,-276855,4239
1689063009690,-276855,4239
1689063009691,-276855,4239
1689063009692,-276855,4239
1689063009696,-276855,4239
1689063009698,-276855,4239
1689063009699,-276855,4239
1689063009701,-276855,4239
1689063009704,-276855,4239
1689063009706,-276855,4239
1689063009707,-276855,4239
1689063009709,-276855,4239
1689063009710,-276855,4239
1689063009712,-276855,4239
1689063009713,-276855,4239
1689063009715,-276855,4239
1689063009716,-276855,4239
1689063009720,-276855,4239
1689063009722,-276855,4239
1689063009723,-276855,4239
1689063009724,-276855,4239
1689063009726,-276855,4239
1689063009730,-276855,4239
1689063009732,-276855,4239
1689063009733,-276855,4239
1689063009735,-276855,4239
1689063009737,-276855,4239
1689063009740,-276855,4239
1689063009742,-276855,4239
1689063009744,-276855,4239
1689063009745,-276855,4239
1689063009747,-276855,4239
1689063009749,-276855,4239
1689063009753,-276855,4239
1689063009755,-276855,4239
1689063009756,-276855,4239
1689063009758,-276855,4239
1689063009762,-276855,4239
1689063009764,-276855,4239
1689063009766,-276855,4239
1689063009769,-276855,4239
1689063009771,-276855,4239
1689063009772,-276855,4239
1689063009774,-276855,4239
1689063009775,-276855,4239
1689063009777,-276855,4239
1689063009779,-276855,4239
1689063009780,-276855,4239
1689063009781,-276855,4239
1689063009783,-276855,4239
1689063009785,-276855,4239
1689063009788,-276855,4239
1689063009790,-276855,4239
1689063009791,-276855,4239
1689063009798,-276855,4239
1689063009802,-276855,4239
1689063009805,-276855,4239
1689063009807,-276855,4239
1689063009809,-276855,4239
1689063009811,-276855,4239
1689063009812,-276855,4239
1689063009813,-276855,4239
1689063009815,-276855,4239
1689063009819,-276855,4239
1689063009821,-276855,4239
1689063009823,-276855,4239
1689063009824,-276855,4239
1689063009825,-276855,4239
1689063009826,-276855,4239
1689063009830,-276855,4239
1689063009832,-276855,4239
1689063009833,-276855,4239
1689063009835,-276855,4239
1689063009838,-276855,4239
1689063009841,-276855,4239
1689063009843,-276855,4239
1689063009845,-276855,4239
1689063009846,-276855,4239
1689063009848,-276855,4239
1689063009850,-276855,4239
1689063009851,-276855,4239
1689063009853,-276855,4239
1689063009855,-276855,4239
1689063009856,-276855,4239
1689063009857,-276855,4239
1689063009858,-276855,4239
1689063009859,-276855,4239
1689063009863,-276855,4239
1689063009865,-276855,4239
1689063009868,-276855,4239
1689063009871,-276855,4239
1689063009872,-276855,4239
1689063009873,-276855,4239
1689063009874,-276855,4239
1689063009875,-276855,4239
1689063009876,-276855,4239
1689063009878,-276855,4239
1689063009879,-276855,4239
1689063009879,-276855,4239
1689063009880,-276855,4239
1689063009881,-276855,4239
1689063009882,-276855,4239
1689063009884,-276855,4239
1689063009885,-276855,4239
1689063009887,-276855,4239
1689063009888,-276855,4239
1689063009889,-276855,4239
1689063009890,-276855,4239
1689063009891,-276855,4239
1689063009892,-276855,4239
1689063009893,-276855,4239
1689063009895,-276855,4239
1689063009896,-276855,4239
1689063009897,-276855,4239
1689063009898,-276855,4239
1689063009900,-276855,4239
1689063009901,-276855,4239
1689063009903,-276855,4239
1689063009904,-276855,4239
1689063009905,-276855,4239
1689063009906,-276855,4239
1689063009908,-276855,4239
1689063009909,-276855,4239
1689063009910,-276855,4239
1689063009911,-276855,4239
1689063009912,-276855,4239
1689063009914,-276855,4239
1689063009915,-276855,4239
1689063009916,-276855,4239
1689063009917,-276855,4239
1689063009920,-276855,4239
1689063009922,-276855,4239
1689063009923,-276855,4239
1689063009924,-276855,4239
1689063009926,-276855,4239
1689063009931,-276855,4239
1689063009932,-276855,4239
1689063009935,-276855,4239
1689063009937,-276855,4239
1689063009939,-276855,4239
1689063009940,-276855,4239
1689063009941,-276855,4239
1689063009942,-276855,4239
1689063009944,-276855,4239
1689063009944,-276855,4239
1689063009945,-276855,4239
1689063009946,-276855,4239
1689063009948,-276855,4239
1689063009949,-276855,4239
1689063009951,-276855,4239
1689063009953,-276855,4239
1689063009954,-276855,4239
1689063009955,-276855,4239
1689063009957,-276855,4239
1689063009958,-276855,4239
1689063009959,-276855,4239
1689063009961,-276855,4239
1689063009964,-276855,4239
1689063009966,-276855,4239
1689063009967,-276855,4239
1689063009969,-276855,4239
1689063009972,-276855,4239
1689063009974,-276855,4239
1689063009976,-276855,4239
1689063009977,-276855,4239
1689063009978,-276855,4239
1689063009979,-276855,4239
1689063009980,-276855,4239
1689063009982,-276855,4239
1689063009983,-276855,4239
1689063009984,-276855,4239
1689063009986,-276855,4239
1689063009988,-276855,4239
1689063009989,-276855,4239
1689063009990,-276855,4239
1689063009991,-276855,4239
1689063009992,-276855,4239
1689063009995,-276855,4239
1689063009997,-276855,4239
1689063009998,-276855,4239
1689063009999,-276855,4239
1689063010001,-276855,4239
1689063010003,-276855,4239
1689063010005,-276855,4239
1689063010006,-276855,4239
1689063010008,-276855,4239
1689063010009,-276855,4239
1689063010010,-276855,4239
1689063010011,-276855,4239
1689063010012,-276855,4239
1689063010013,-276855,4239
1689063010014,-276855,4239
1689063010015,-276855,4239
1689063010016,-276855,4239
1689063010018,-276855,4239
1689063010021,-276855,4239
1689063010022,-276855,4239
1689063010023,-276855,4239
1689063010024,-276855,4239
1689063010025,-276855,4239
1689063010026,-276855,4239
1689063010027,-276855,4239
1689063010029,-276855,4239
1689063010031,-276855,4239
1689063010032,-276855,4239
1689063010033,-276855,4239
1689063010034,-276855,4239
1689063010036,-276855,4239
1689063010038,-276855,4239
1689063010039,-276855,4239
1689063010040,-276855,4239
1689063010041,-276855,4239
1689063010042,-276855,4239
1689063010042,-276855,4239
1689063010043,-276855,4239
1689063010044,-276855,4239
1689063010045,-276855,4239
1689063010046,-276855,4239
1689063010049,-276855,4239
1689063010052,-276855,4239
1689063010054,-276855,4239
1689063010055,-276855,4239
1689063010056,-276855,4239
1689063010057,-276855,4239
1689063010059,-276855,4239
1689063010063,-276855,4239
1689063010064,-276855,4239
1689063010066,-276855,4239
1689063010068,-276855,4239
1689063010070,-276855,4239
1689063010073,-276855,4239
1689063010075,-276855,4239
1689063010077,-276855,4239
1689063010079,-276855,4239
1689063010081,-276855,4239
1689063010082,-276855,4239
1689063010086,-276855,4239
1689063010089,-276855,4239
1689063010090,-276855,4239
1689063010091,-276855,4239
1689063010092,-276855,4239
1689063010093,-276855,4239
1689063010094,-276855,4239
1689063010099,-276855,4239
1689063010103,-276855,4239
1689063010105,-276855,4239
1689063010107,-276855,4239
1689063010109,-276855,4239
1689063010110,-276855,4239
1689063010111,-276855,4239
1689063010112,-276855,4239
1689063010113,-276855,4239
1689063010114,-276855,4239
1689063010115,-276855,4239
1689063010117,-276855,4239
1689063010119,-276855,4239
1689063010121,-276855,4239
1689063010123,-276855,4239
1689063010124,-276855,4239
1689063010125,-276855,4239
1689063010126,-276855,4239
1689063010130,-276855,4239
1689063010133,-276855,4239
1689063010135,-276855,4239
1689063010137,-276855,4239
1689063010139,-276855,4239
1689063010140,-276855,4239
1689063010141,-276855,4239
1689063010142,-276855,4239
1689063010143,-276855,4239
1689063010144,-276855,4239
1689063010145,-276855,4239
1689063010147,-276855,4239
1689063010150,-276855,4239
1689063010151,-276855,4239
1689063010153,-276855,4239
1689063010154,-276855,4239
1689063010156,-276855,4239
1689063010157,-276855,4239
1689063010158,-276855,4239
1689063010160,-276855,4239
1689063010164,-276855,4239
1689063010165,-276855,4239
1689063010167,-276855,4239
1689063010169,-276855,4239
1689063010171,-276855,4239
1689063010172,-276855,4239
1689063010174,-276855,4239
1689063010175,-276855,4239
1689063010176,-276855,4239
1689063010178,-276855,4239
1689063010179,-276855,4239
1689063010180,-276855,4239
1689063010182,-276855,4239
1689063010184,-276855,4239
1689063010188,-276855,4239
1689063010190,-276855,4239
1689063010192,-276855,4239
1689063010193,-276855,4239
1689063010197,-276855,4239
1689063010199,-276855,4239
1689063010201,-276855,4239
1689063010204,-276855,4239
1689063010206,-276855,4239
1689063010209,-276855,4239
1689063010211,-276855,4239
1689063010213,-276855,4239
1689063010214,-276855,4239
1689063010216,-276855,4239
1689063010220,-276855,4239
1689063010222,-276855,4239
1689063010224,-276855,4239
1689063010225,-276855,4239
1689063010226,-276855,4239
1689063010231,-276855,4239
1689063010234,-276855,4239
1689063010237,-276855,4239
1689063010239,-276855,4239
1689063010240,-276855,4239
1689063010241,-276855,4239
1689063010242,-276855,4239
1689063010243,-276855,4239
1689063010244,-276855,4239
1689063010245,-276855,4239
1689063010246,-276855,4239
1689063010248,-276855,4239
1689063010250,-276855,4239
1689063010253,-276855,4239
1689063010255,-276855,4239
1689063010256,-276855,4239
1689063010257,-276855,4239
1689063010259,-276855,4239
1689063010260,-276855,4239
1689063010261,-276855,4239
1689063010264,-276855,4239
1689063010265,-276855,4239
1689063010267,-276855,4239
1689063010270,-276855,4239
1689063010272,-276855,4239
1689063010274,-276855,4239
1689063010275,-276855,4239
1689063010276,-276855,4239
1689063010277,-276855,4239
1689063010279,-276855,4239
1689063010280,-276855,4239
1689063010281,-276855,4239
1689063010282,-276855,4239
1689063010283,-276855,4239
1689063010288,-276855,4239
1689063010290,-276855,4239
1689063010291,-276855,4239
1689063010292,-276855,4239
1689063010294,-276855,4239
1689063010298,-276855,4239
1689063010300,-276855,4239
1689063010302,-276855,4239
1689063010304,-276855,4239
1689063010306,-276855,4239
1689063010308,-276855,4239
1689063010309,-276855,4239
1689063010310,-276855,4239
1689063010311,-276855,4239
1689063010312,-276855,4239
1689063010313,-276855,4239
1689063010314,-276855,4239
1689063010315,-276855,4239
1689063010319,-276855,4239
1689063010321,-276855,4239
1689063010322,-276855,4239
1689063010323,-276855,4239
1689063010324,-276855,4239
1689063010325,-276855,4239
1689063010326,-276855,4239
1689063010329,-276855,4239
1689063010331,-276855,4239
1689063010332,-276855,4239
1689063010333,-276855,4239
1689063010334,-276855,4239
1689063010336,-276855,4239
1689063010338,-276855,4239
1689063010340,-276855,4239
1689063010342,-276855,4239
1689063010343,-276855,4239
1689063010344,-276855,4239
1689063010345,-276855,4239
1689063010346,-276855,4239
1689063010348,-276855,4239
1689063010350,-276855,4239
1689063010355,-276855,4239
1689063010357,-276855,4239
1689063010358,-276855,4239
1689063010360,-276855,4239
1689063010369,-276855,4239
1689063010371,-276855,4239
1689063010373,-276855,4239
1689063010375,-276855,4239
1689063010376,-276855,4239
1689063010377,-276855,4239
1689063010379,-276855,4239
1689063010381,-276855,4239
1689063010382,-276855,4239
1689063010387,-276855,4239
1689063010390,-276855,4239
1689063010391,-276855,4239
1689063010393,-276855,4239
1689063010394,-276855,4239
1689063010398,-276855,4239
1689063010402,-276855,4239
1689063010404,-276855,4239
1689063010407,-276855,4239
1689063010409,-276855,4239
1689063010410,-276855,4239
1689063010411,-276855,4239
1689063010412,-276855,4239
1689063010413,-276855,4239
1689063010415,-276855,4239
1689063010416,-276855,4239
1689063010419,-276855,4239
1689063010421,-276855,4239
1689063010422,-276855,4239
1689063010423,-276855,4239
1689063010424,-276855,4239
1689063010425,-276855,4239
1689063010426,-276855,4239
1689063010428,-276855,4239
1689063010430,-276855,4239
1689063010432,-276855,4239
1689063010434,-276855,4239
1689063010437,-276855,4239
1689063010441,-276855,4239
1689063010444,-276855,4239
1689063010446,-276855,4239
1689063010447,-276855,4239
1689063010449,-276855,4239
1689063010453,-276855,4239
1689063010455,-276855,4239
1689063010458,-276855,4239
1689063010459,-276855,4239
1689063010461,-276855,4239
1689063010466,-276855,4239
1689063010469,-276855,4239
1689063010471,-276855,4239
1689063010473,-276855,4239
1689063010475,-276855,4239
1689063010476,-276855,4239
1689063010478,-276855,4239
1689063010479,-276855,4239
1689063010481,-276855,4239
1689063010482,-276855,4239
1689063010487,-276855,4239
1689063010489,-276855,4239
1689063010490,-276855,4239
1689063010491,-276855,4239
1689063010492,-276855,4239
1689063010493,-276855,4239
1689063010498,-276855,4239
1689063010500,-276855,4239
1689063010503,-276855,4239
1689063010505,-276855,4239
1689063010507,-276855,4239
1689063010508,-276855,4239
1689063010510,-276855,4239
1689063010511,-276855,4239
1689063010512,-276855,4239
1689063010513,-276855,4239
1689063010514,-276855,4239
1689063010515,-276855,4239
1689063010516,-276855,4239
1689063010520,-276855,4239
1689063010522,-276855,4239
1689063010523,-276855,4239
1689063010524,-276855,4239
1689063010525,-276855,4239
1689063010526,-276855,4239
1689063010530,-276855,4239
1689063010532,-276855,4239
1689063010534,-276855,4239
1689063010537,-276855,4239
1689063010539,-276855,4239
1689063010541,-276855,4239
1689063010543,-276855,4239
1689063010545,-276855,4239
1689063010546,-276855,4239
1689063010549,-276855,4239
1689063010550,-276855,4239
1689063010555,-276855,4239
1689063010557,-276855,4239
1689063010559,-276855,4239
1689063010565,-276855,4239
1689063010569,-276855,4239
1689063010572,-276855,4239
1689063010574,-276855,4239
1689063010576,-276855,4239
1689063010578,-276855,4239
1689063010580,-276855,4239
1689063010582,-276855,4239
1689063010584,-276855,4239
1689063010585,-276855,4239
1689063010588,-276855,4239
1689063010590,-276855,4239
1689063010591,-276855,4239
1689063010593,-276855,4239
1689063010594,-276855,4239
1689063010599,-276855,4239
1689063010601,-276855,4239
1689063010604,-276855,4239
1689063010606,-276855,4239
1689063010608,-276855,4239
1689063010610,-276855,4239
1689063010612,-276855,4239
1689063010614,-276855,4239
1689063010616,-276855,4239
1689063010621,-242675,4239
1689063010624,-242675,4239
1689063010626,-242675,4239
1689063010629,-242675,4239
1689063010631,-242675,4239
1689063010633,-242675,4239
1689063010637,-242675,4239
1689063010646,-242675,4239
1689063010649,-242675,4239
1689063010654,-242675,4239
1689063010656,-242675,4239
1689063010658,-242675,4239
1689063010660,-242675,4239
1689063010665,-242675,4239
1689063010668,-242675,4239
1689063010671,-242675,4239
1689063010673,-242675,4239
1689063010675,-242675,4239
1689063010676,-242675,4239
1689063010678,-242675,4239
1689063010679,-242675,4239
1689063010680,-242675,4239
1689063010681,-242675,4239
1689063010682,-242675,4239
1689063010684,-242675,4239
1689063010685,-242675,4239
1689063010687,-242675,4239
1689063010689,-242675,4239
1689063010690,-242675,4239
1689063010691,-242675,4239
1689063010692,-242675,4239
1689063010693,-242675,4239
1689063010694,-242675,4239
1689063010695,-242675,4239
1689063010697,-242675,4239
1689063010699,-242675,4239
1689063010701,-242675,4239
1689063010703,-242675,4239
1689063010705,-242675,4239
1689063010706,-242675,4239
1689063010709,-242675,4239
1689063010710,-242675,4239
1689063010712,-242675,4239
1689063010713,-242675,4239
1689063010714,-242675,4239
1689063010716,-242675,4239
1689063010720,-242675,4239
1689063010722,-242675,4239
1689063010724,-242675,4239
1689063010725,-242675,4239
1689063010726,-242675,4239
1689063010733,-242675,4239
1689063010736,-242675,4239
1689063010740,-242675,4239
1689063010745,-242675,4239
1689063010748,-242675,4239
1689063010753,-242675,4239
1689063010756,-242675,4239
1689063010758,-242675,4239
1689063010759,-242675,4239
1689063010764,-242675,4239
1689063010768,-242675,4239
1689063010770,-242675,4239
1689063010773,-242675,4239
1689063010775,-242675,4239
1689063010777,-242675,4239
1689063010778,-242675,4239
1689063010779,-242675,4239
1689063010781,-242675,4239
1689063010782,-242675,4239
1689063010783,-242675,4239
1689063010785,-242675,4239
1689063010788,-242675,4239
1689063010789,-242675,4239
1689063010790,-242675,4239
1689063010791,-242675,4239
1689063010792,-242675,4239
1689063010793,-242675,4239
1689063010798,-242675,4239
1689063010800,-242675,4239
1689063010801,-242675,4239
1689063010803,-242675,4239
1689063010805,-242675,4239
1689063010806,-242675,4239
1689063010808,-242675,4239
1689063010809,-242675,4239
1689063010810,-242675,4239
1689063010811,-242675,4239
1689063010812,-242675,4239
1689063010813,-242675,4239
1689063010814,-242675,4239
1689063010815,-242675,4239
1689063010816,-242675,4239
1689063010817,-242675,4239
1689063010820,-242675,4239
1689063010821,-242675,4239
1689063010823,-242675,4239
1689063010824,-242675,4239
1689063010824,-242675,4239
1689063010825,-242675,4239
1689063010826,-242675,4239
1689063010830,-242675,4239
1689063010832,-242675,4239
1689063010834,-242675,4239
1689063010836,-242675,4239
1689063010838,-242675,4239
1689063010839,-242675,4239
1689063010841,-242675,4239
1689063010842,-242675,4239
1689063010843,-242675,4239
1689063010844,-242675,4239
1689063010846,-242675,4239
1689063010847,-242675,4239
1689063010850,-242675,4239
1689063010855,-242675,4239
1689063010858,-242675,4239
1689063010860,-242675,4239
1689063010865,-242675,4239
1689063010867,-242675,4239
1689063010870,-242675,4239
1689063010872,-242675,4239
1689063010874,-242675,4239
1689063010875,-242675,4239
1689063010877,-242675,4239
1689063010879,-242675,4239
1689063010880,-242675,4239
1689063010882,-242675,4239
1689063010884,-242675,4239
1689063010888,-242675,4239
1689063010890,-242675,4239
1689063010891,-242675,4239
1689063010892,-242675,4239
1689063010893,-242675,4239
1689063010894,-242675,4239
1689063010895,-242675,4239
1689063010897,-242675,4239
1689063010900,-242675,4239
1689063010902,-242675,4239
1689063010904,-242675,4239
1689063010907,-242675,4239
1689063010909,-242675,4239
1689063010910,-242675,4239
1689063010912,-242675,4239
1689063010913,-242675,4239
1689063010914,-242675,4239
1689063010915,-242675,4239
1689063010916,-242675,4239
1689063010918,-242675,4239
1689063010920,-242675,4239
1689063010922,-242675,4239
1689063010923,-242675,4239
1689063010924,-242675,4239
1689063010925,-242675,4239
1689063010927,-242675,4239
1689063010931,-242675,4239
1689063010933,-242675,4239
1689063010934,-242675,4239
1689063010936,-242675,4239
1689063010938,-242675,4239
1689063010940,-242675,4239
1689063010941,-242675,4239
1689063010942,-242675,4239
1689063010944,-242675,4239
1689063010945,-242675,4239
1689063010946,-242675,4239
1689063010948,-242675,4239
1689063010949,-242675,4239
1689063010950,-242675,4239
1689063010952,-242675,4239
1689063010954,-242675,4239
1689063010955,-242675,4239
1689063010956,-242675,4239
1689063010958,-242675,4239
1689063010959,-242675,4239
1689063010960,-242675,4239
1689063010961,-242675,4239
1689063010964,-242675,4239
1689063010966,-242675,4239
1689063010968,-242675,4239
1689063010970,-242675,4239
1689063010972,-242675,4239
1689063010973,-242675,4239
1689063010974,-242675,4239
1689063010975,-242675,4239
1689063010977,-242675,4239
1689063010978,-242675,4239
1689063010980,-242675,4239
1689063010981,-242675,4239
1689063010983,-242675,4239
1689063010984,-242675,4239
1689063010988,-242675,4239
1689063010990,-242675,4239
1689063010991,-242675,4239
1689063010992,-242675,4239
1689063010993,-242675,4239
1689063010996,-242675,4239
1689063010998,-242675,4239
1689063011002,-242675,4239
1689063011004,-242675,4239
1689063011005,-242675,4239
1689063011006,-242675,4239
1689063011008,-242675,4239
1689063011009,-242675,4239
1689063011011,-242675,4239
1689063011013,-242675,4239
1689063011015,-242675,4239
1689063011017,-242675,4239
1689063011023,-242675,4239
1689063011025,-242675,4239
1689063011026,-242675,4239
1689063011030,-242675,4239
1689063011033,-242675,4239
1689063011036,-242675,4239
1689063011038,-242675,4239
1689063011041,-242675,4239
1689063011043,-242675,4239
1689063011045,-242675,4239
1689063011046,-242675,4239
1689063011049,-242675,4239
1689063011055,-242675,4239
1689063011058,-242675,4239
1689063011061,-242675,4239
1689063011068,-242675,4239
1689063011071,-242675,4239
1689063011074,-242675,4239
1689063011075,-242675,4239
1689063011077,-242675,4239
1689063011079,-242675,4239
1689063011081,-242675,4239
1689063011083,-242675,4239
1689063011087,-242675,4239
1689063011089,-242675,4239
1689063011091,-242675,4239
1689063011092,-242675,4239
1689063011093,-242675,4239
1689063011094,-242675,4239
1689063011095,-242675,4239
1689063011099,-242675,4239
1689063011101,-242675,4239
1689063011104,-242675,4239
1689063011108,-242675,4239
1689063011109,-242675,4239
1689063011110,-242675,4239
1689063011111,-242675,4239
1689063011112,-242675,4239
1689063011116,-242675,4239
1689063011118,-242675,4239
1689063011121,-242675,4239
1689063011122,-242675,4239
1689063011123,-242675,4239
1689063011124,-242675,4239
1689063011125,-242675,4239
1689063011126,-242675,4239
1689063011129,-242675,4239
1689063011134,-242675,4239
1689063011136,-242675,4239
1689063011138,-242675,4239
1689063011139,-242675,4239
1689063011140,-242675,4239
1689063011142,-242675,4239
1689063011143,-242675,4239
1689063011144,-242675,4239
1689063011145,-242675,4239
1689063011146,-242675,4239
1689063011147,-242675,4239
1689063011149,-242675,4239
1689063011150,-242675,4239
1689063011152,-242675,4239
1689063011155,-242675,4239
1689063011156,-242675,4239
1689063011157,-242675,4239
1689063011158,-242675,4239
1689063011160,-242675,4239
1689063011161,-242675,4239
1689063011164,-242675,4239
1689063011165,-242675,4239
1689063011167,-242675,4239
1689063011172,-242675,4239
1689063011174,-242675,4239
1689063011176,-242675,4239
1689063011178,-242675,4239
1689063011179,-242675,4239
1689063011180,-242675,4239
1689063011181,-242675,4239
1689063011182,-242675,4239
1689063011183,-242675,4239
1689063011188,-242675,4239
1689063011189,-242675,4239
1689063011191,-242675,4239
1689063011192,-242675,4239
1689063011193,-242675,4239
1689063011196,-242675,4239
1689063011198,-242675,4239
1689063011200,-242675,4239
1689063011202,-242675,4239
1689063011203,-242675,4239
1689063011205,-242675,4239
1689063011206,-242675,4239
1689063011208,-242675,4239
1689063011209,-242675,4239
1689063011210,-242675,4239
1689063011212,-242675,4239
1689063011213,-242675,4239
1689063011214,-242675,4239
1689063011216,-242675,4239
1689063011217,-242675,4239
1689063011220,-242675,4239
1689063011222,-242675,4239
1689063011223,-242675,4239
1689063011224,-242675,4239
1689063011225,-242675,4239
1689063011226,-242675,4239
1689063011231,-242675,4239
1689063011232,-242675,4239
1689063011234,-242675,4239
1689063011236,-242675,4239
1689063011237,-242675,4239
1689063011239,-242675,4239
1689063011241,-242675,4239
1689063011242,-242675,4239
1689063011243,-242675,4239
1689063011244,-242675,4239
1689063011245,-242675,4239
1689063011246,-242675,4239
1689063011249,-242675,4239
1689063011251,-242675,4239
1689063011256,-242675,4239
1689063011258,-242675,4239
1689063011260,-242675,4239
1689063011264,-242675,4239
1689063011266,-242675,4239
1689063011270,-242675,4239
1689063011272,-242675,4239
1689063011275,-242675,4239
1689063011278,-242675,4239
1689063011280,-242675,4239
1689063011282,-242675,4239
1689063011283,-242675,4239
1689063011288,-242675,4239
1689063011291,-242675,4239
1689063011292,-242675,4239
1689063011294,-242675,4239
1689063011301,-242675,4239
1689063011304,-242675,4239
1689063011307,-242675,4239
1689063011309,-242675,4239
1689063011311,-242675,4239
1689063011312,-242675,4239
1689063011313,-242675,4239
1689063011315,-242675,4239
1689063011316,-242675,4239
1689063011320,-242675,4239
1689063011322,-242675,4239
1689063011324,-242675,4239
1689063011325,-242675,4239
1689063011327,-242675,4239
1689063011331,-242675,4239
1689063011336,-242675,4239
1689063011338,-242675,4239
1689063011340,-242675,4239
1689063011341,-242675,4239
1689063011342,-242675,4239
1689063011343,-242675,4239
1689063011344,-242675,4239
1689063011345,-242675,4239
1689063011346,-242675,4239
1689063011349,-242675,4239
1689063011350,-242675,4239
1689063011351,-242675,4239
1689063011355,-242675,4239
1689063011357,-242675,4239
1689063011358,-242675,4239
1689063011359,-242675,4239
1689063011360,-242675,4239
1689063011361,-242675,4239
1689063011366,-242675,4239
1689063011369,-242675,4239
1689063011375,-242675,4239
1689063011378,-242675,4239
1689063011379,-242675,4239
1689063011380,-242675,4239
1689063011381,-242675,4239
1689063011383,-242675,4239
1689063011384,-242675,4239
1689063011385,-242675,4239
1689063011389,-242675,4239
1689063011390,-242675,4239
1689063011392,-242675,4239
1689063011393,-242675,4239
1689063011398,-242675,4239
1689063011401,-242675,4239
1689063011403,-242675,4239
1689063011406,-242675,4239
1689063011408,-242675,4239
1689063011409,-242675,4239
1689063011410,-242675,4239
1689063011411,-242675,4239
1689063011412,-242675,4239
1689063011414,-242675,4239
1689063011415,-242675,4239
1689063011417,-242675,4239
1689063011421,-242675,4239
1689063011423,-242675,4239
1689063011425,-242675,4239
1689063011426,-242675,4239
1689063011431,-242675,4239
1689063011436,-242675,4239
1689063011439,-242675,4239
1689063011442,-242675,4239
1689063011444,-242675,4239
1689063011445,-242675,4239
1689063011447,-242675,4239
1689063011450,-242675,4239
1689063011452,-242675,4239
1689063011455,-242675,4239
1689063011458,-242675,4239
1689063011460,-242675,4239
1689063011462,-242675,4239
1689063011470,-242675,4239
1689063011476,-242675,4239
1689063011480,-242675,4239
1689063011482,-242675,4239
1689063011484,-242675,4239
1689063011489,-242675,4239
1689063011491,-242675,4239
1689063011493,-242675,4239
1689063011494,-242675,4239
1689063011496,-242675,4239
1689063011500,-242675,4239
1689063011502,-242675,4239
1689063011506,-242675,4239
1689063011508,-242675,4239
1689063011510,-242675,4239
1689063011512,-242675,4239
1689063011513,-242675,4239
1689063011515,-242675,4239
1689063011517,-242675,4239
1689063011520,-242675,4239
1689063011523,-242675,4239
1689063011525,-242675,4239
1689063011527,-242675,4239
1689063011529,-242675,4239
1689063011534,-242675,4239
1689063011537,-242675,4239
1689063011540,-242675,4239
1689063011542,-242675,4239
1689063011543,-242675,4239
1689063011545,-242675,4239
1689063011546,-242675,4239
1689063011549,-242675,4239
1689063011551,-242675,4239
1689063011553,-242675,4239
1689063011556,-242675,4239
1689063011559,-242675,4239
1689063011561,-242675,4239
1689063011563,-242675,4239
1689063011566,-242675,4239
1689063011569,-242675,4239
1689063011572,-242675,4239
1689063011574,-242675,4239
1689063011576,-242675,4239
1689063011578,-242675,4239
1689063011580,-242675,4239
1689063011582,-242675,4239
1689063011583,-242675,4239
1689063011586,-242675,4239
1689063011590,-242675,4239
1689063011591,-242675,4239
1689063011592,-242675,4239
1689063011593,-242675,4239
1689063011594,-242675,4239
1689063011595,-242675,4239
1689063011597,-242675,4239
1689063011600,-242675,4239
1689063011603,-242675,4239
1689063011606,-242675,4239
1689063011609,-242675,4239
1689063011611,-242675,4239
1689063011613,-242675,4239
1689063011614,-242675,4239
1689063011615,-242675,4239
1689063011616,-242675,4239
1689063011617,-242675,4239
1689063011620,-242675,4239
1689063011622,-242675,4239
1689063011623,-242675,4239
1689063011624,-242675,4239
1689063011625,-242675,4239
1689063011627,-242675,4239
1689063011632,-242675,4239
1689063011634,-242675,4239
1689063011636,-242675,4239
1689063011638,-242675,4239
1689063011639,-242675,4239
1689063011640,-242675,4239
1689063011641,-242675,4239
1689063011643,-242675,4239
1689063011644,-242675,4239
1689063011645,-242675,4239
1689063011647,-242675,4239
1689063011649,-242675,4239
1689063011650,-242675,4239
1689063011651,-242675,4239
1689063011655,-242675,4239
1689063011657,-242675,4239
1689063011658,-242675,4239
1689063011659,-242675,4239
1689063011661,-242675,4239
1689063011664,-242675,4239
1689063011668,-242675,4239
1689063011671,-242675,4239
1689063011673,-242675,4239
1689063011675,-242675,4239
1689063011677,-242675,4239
1689063011679,-242675,4239
1689063011680,-242675,4239
1689063011682,-242675,4239
1689063011683,-242675,4239
1689063011685,-242675,4239
1689063011687,-242675,4239
1689063011689,-242675,4239
1689063011691,-242675,4239
1689063011692,-242675,4239
1689063011694,-242675,4239
1689063011695,-242675,4239
1689063011697,-242675,4239
1689063011700,-242675,4239
1689063011703,-242675,4239
1689063011706,-242675,4239
1689063011709,-242675,4239
1689063011711,-242675,4239
1689063011713,-242675,4239
1689063011714,-242675,4239
1689063011716,-242675,4239
1689063011718,-242675,4239
1689063011719,-242675,4239
1689063011723,-242675,4239
1689063011726,-242675,4239
1689063011729,-242675,4239
1689063011733,-242675,4239
1689063011738,-242675,4239
1689063011741,-242675,4239
1689063011743,-242675,4239
1689063011745,-242675,4239
1689063011747,-242675,4239
1689063011749,-242675,4239
1689063011750,-242675,4239
1689063011752,-242675,4239
1689063011755,-242675,4239
1689063011758,-242675,4239
1689063011759,-242675,4239
1689063011761,-242675,4239
1689063011762,-242675,4239
1689063011765,-242675,4239
1689063011768,-242675,4239
1689063011771,-242675,4239
1689063011773,-242675,4239
1689063011774,-242675,4239
1689063011775,-242675,4239
1689063011776,-242675,4239
1689063011778,-242675,4239
1689063011779,-242675,4239
1689063011780,-242675,4239
1689063011781,-242675,4239
1689063011782,-242675,4239
1689063011784,-242675,4239
1689063011785,-242675,4239
1689063011786,-242675,4239
1689063011788,-242675,4239
1689063011790,-242675,4239
1689063011791,-242675,4239
1689063011792,-242675,4239
1689063011794,-242675,4239
1689063011795,-242675,4239
1689063011798,-242675,4239
1689063011802,-242675,4239
1689063011804,-242675,4239
1689063011805,-242675,4239
1689063011806,-242675,4239
1689063011808,-242675,4239
1689063011809,-242675,4239
1689063011810,-242675,4239
1689063011811,-242675,4239
1689063011812,-242675,4239
1689063011814,-242675,4239
1689063011815,-242675,4239
1689063011816,-242675,4239
1689063011818,-242675,4239
1689063011822,-242675,4239
1689063011823,-242675,4239
1689063011825,-242675,4239
1689063011826,-242675,4239
1689063011827,-242675,4239
1689063011831,-242675,4239
1689063011833,-242675,4239
1689063011835,-242675,4239
1689063011838,-242675,4239
1689063011844,-242675,4239
1689063011846,-242675,4239
1689063011848,-242675,4239
1689063011850,-242675,4239
1689063011851,-242675,4239
1689063011853,-242675,4239
1689063011855,-242675,4239
1689063011858,-242675,4239
1689063011860,-242675,4239
1689063011861,-242675,4239
1689063011865,-242675,4239
1689063011867,-242675,4239
1689063011869,-242675,4239
1689063011872,-242675,4239
1689063011874,-242675,4239
1689063011875,-242675,4239
1689063011877,-242675,4239
1689063011879,-242675,4239
1689063011880,-242675,4239
1689063011882,-242675,4239
1689063011884,-242675,4239
1689063011889,-242675,4239
1689063011891,-242675,4239
1689063011892,-242675,4239
1689063011893,-242675,4239
1689063011894,-242675,4239
1689063011896,-242675,4239
1689063011898,-242675,4239
1689063011900,-242675,4239
1689063011902,-242675,4239
1689063011904,-242675,4239
1689063011906,-242675,4239
1689063011908,-242675,4239
1689063011910,-242675,4239
1689063011911,-242675,4239
1689063011913,-242675,4239
1689063011914,-242675,4239
1689063011916,-242675,4239
1689063011921,-242675,4239
1689063011923,-242675,4239
1689063011925,-242675,4239
1689063011927,-242675,4239
1689063011928,-242675,4239
1689063011934,-242675,4239
1689063011937,-242675,4239
1689063011939,-242675,4239
1689063011941,-242675,4239
1689063011943,-242675,4239
1689063011944,-242675,4239
1689063011946,-242675,4239
1689063011948,-242675,4239
1689063011949,-242675,4239
1689063011951,-242675,4239
1689063011952,-242675,4239
1689063011955,-242675,4239
1689063011956,-242675,4239
1689063011958,-242675,4239
1689063011959,-242675,4239
1689063011960,-242675,4239
1689063011961,-242675,4239
1689063011966,-242675,4239
1689063011969,-242675,4239
1689063011974,-242675,4239
1689063011976,-242675,4239
1689063011978,-242675,4239
1689063011980,-242675,4239
1689063011981,-242675,4239
1689063011982,-242675,4239
1689063011990,-242675,4239
1689063011992,-242675,4239
1689063011993,-242675,4239
1689063011995,-242675,4239
1689063012000,-242675,4239
1689063012003,-242675,4239
1689063012005,-242675,4239
1689063012007,-242675,4239
1689063012009,-242675,4239
1689063012010,-242675,4239
1689063012011,-242675,4239
1689063012011,-242675,4239
1689063012012,-242675,4239
1689063012013,-242675,4239
1689063012014,-242675,4239
1689063012016,-242675,4239
1689063012017,-242675,4239
1689063012019,-242675,4239
1689063012021,-242675,4239
1689063012023,-242675,4239
1689063012024,-242675,4239
1689063012025,-242675,4239
1689063012026,-242675,4239
1689063012027,-242675,4239
1689063012031,-242675,4239
1689063012033,-242675,4239
1689063012035,-242675,4239
1689063012037,-242675,4239
1689063012039,-242675,4239
1689063012040,-242675,4239
1689063012042,-242675,4239
1689063012043,-242675,4239
1689063012044,-242675,4239
1689063012046,-242675,4239
1689063012048,-242675,4239
1689063012051,-242675,4239
1689063012055,-242675,4239
1689063012057,-242675,4239
1689063012059,-242675,4239
1689063012060,-242675,4239
1689063012064,-242675,4239
1689063012067,-242675,4239
1689063012069,-242675,4239
1689063012071,-242675,4239
1689063012073,-242675,4239
1689063012075,-242675,4239
1689063012076,-242675,4239
1689063012078,-242675,4239
1689063012080,-242675,4239
1689063012082,-242675,4239
1689063012083,-242675,4239
1689063012085,-242675,4239
1689063012087,-242675,4239
1689063012089,-242675,4239
1689063012091,-242675,4239
1689063012092,-242675,4239
1689063012093,-242675,4239
1689063012094,-242675,4239
1689063012097,-367187,4239
1689063012100,-367187,4239
1689063012102,-367187,4239
1689063012105,-367187,4239
1689063012107,-367187,4239
1689063012110,-367187,4239
1689063012112,-367187,4239
1689063012113,-367187,4239
1689063012114,-367187,4239
1689063012116,-367187,4239
1689063012118,-367187,4239
1689063012119,-367187,4239
1689063012121,-367187,4239
1689063012123,-367187,4239
1689063012124,-367187,4239
1689063012125,-367187,4239
1689063012126,-367187,4239
1689063012128,-367187,4239
1689063012129,-367187,4239
1689063012132,-367187,4239
1689063012134,-367187,4239
1689063012136,-367187,4239
1689063012137,-367187,4239
1689063012139,-367187,4239
1689063012140,-367187,4239
1689063012141,-367187,4239
1689063012141,-367187,4239
1689063012142,-367187,4239
1689063012143,-367187,4239
1689063012144,-367187,4239
1689063012145,-367187,4239
1689063012146,-367187,4239
1689063012147,-367187,4239
1689063012148,-367187,4239
1689063012150,-367187,4239
1689063012151,-367187,4239
1689063012152,-367187,4239
1689063012154,-367187,4239
1689063012155,-367187,4239
1689063012156,-367187,4239
1689063012159,-367187,4239
1689063012160,-367187,4239
1689063012161,-367187,4239
1689063012162,-367187,4239
1689063012165,-367187,4239
1689063012167,-367187,4239
1689063012169,-367187,4239
1689063012171,-367187,4239
1689063012172,-367187,4239
1689063012173,-367187,4239
1689063012174,-367187,4239
1689063012175,-367187,4239
1689063012176,-367187,4239
1689063012178,-367187,4239
1689063012179,-367187,4239
1689063012180,-367187,4239
1689063012182,-367187,4239
1689063012183,-367187,4239
1689063012184,-367187,4239
1689063012185,-367187,4239
1689063012185,-367187,4239
1689063012189,-367187,4239
1689063012190,-367187,4239
1689063012191,-367187,4239
1689063012192,-367187,4239
1689063012193,-367187,4239
1689063012194,-367187,4239
1689063012196,-367187,4239
1689063012198,-367187,4239
1689063012200,-367187,4239
1689063012202,-367187,4239
1689063012204,-367187,4239
1689063012205,-367187,4239
1689063012206,-367187,4239
1689063012207,-367187,4239
1689063012208,-367187,4239
1689063012210,-367187,4239
1689063012210,-367187,4239
1689063012211,-367187,4239
1689063012212,-367187,4239
1689063012213,-367187,4239
1689063012214,-367187,4239
1689063012215,-367187,4239
1689063012217,-367187,4239
1689063012218,-367187,4239
1689063012222,-367187,4239
1689063012223,-367187,4239
1689063012224,-367187,4239
1689063012225,-367187,4239
1689063012226,-367187,4239
1689063012227,-367187,4239
1689063012231,-367187,4239
1689063012233,-367187,4239
1689063012234,-367187,4239
1689063012236,-367187,4239
1689063012238,-367187,4239
1689063012240,-367187,4239
1689063012242,-367187,4239
1689063012243,-367187,4239
1689063012244,-367187,4239
1689063012245,-367187,4239
1689063012246,-367187,4239
1689063012247,-367187,4239
1689063012249,-367187,4239
1689063012250,-367187,4239
1689063012251,-367187,4239
1689063012254,-367187,4239
1689063012256,-367187,4239
1689063012258,-367187,4239
1689063012259,-367187,4239
1689063012260,-367187,4239
1689063012261,-367187,4239
1689063012265,-367187,4239
1689063012267,-367187,4239
1689063012270,-367187,4239
1689063012271,-367187,4239
1689063012273,-367187,4239
1689063012274,-367187,4239
1689063012275,-367187,4239
1689063012276,-367187,4239
1689063012278,-367187,4239
1689063012279,-367187,4239
1689063012280,-367187,4239
1689063012282,-367187,4239
1689063012283,-367187,4239
1689063012285,-367187,4239
1689063012286,-367187,4239
1689063012288,-367187,4239
1689063012290,-367187,4239
1689063012291,-367187,4239
1689063012293,-367187,4239
1689063012294,-367187,4239
1689063012297,-367187,4239
1689063012299,-367187,4239
1689063012300,-367187,4239
1689063012302,-367187,4239
1689063012304,-367187,4239
1689063012305,-367187,4239
1689063012307,-367187,4239
1689063012309,-367187,4239
1689063012311,-367187,4239
1689063012312,-367187,4239
1689063012314,-367187,4239
1689063012316,-367187,4239
1689063012320,-367187,4239
1689063012324,-367187,4239
1689063012326,-367187,4239
1689063012328,-367187,4239
1689063012333,-367187,4239
1689063012335,-367187,4239
1689063012341,-367187,4239
1689063012344,-367187,4239
1689063012346,-367187,4239
1689063012348,-367187,4239
1689063012350,-367187,4239
1689063012351,-367187,4239
1689063012356,-367187,4239
1689063012359,-367187,4239
1689063012360,-367187,4239
1689063012362,-367187,4239
1689063012366,-367187,4239
1689063012369,-367187,4239
1689063012372,-367187,4239
1689063012373,-367187,4239
1689063012375,-367187,4239
1689063012376,-367187,4239
1689063012377,-367187,4239
1689063012379,-367187,4239
1689063012380,-367187,4239
1689063012381,-367187,4239
1689063012382,-367187,4239
1689063012383,-367187,4239
1689063012385,-367187,4239
1689063012387,-367187,4239
1689063012389,-367187,4239
1689063012391,-367187,4239
1689063012393,-367187,4239
1689063012394,-367187,4239
1689063012395,-367187,4239
1689063012401,-367187,4239
1689063012404,-367187,4239
1689063012406,-367187,4239
1689063012407,-367187,4239
1689063012409,-367187,4239
1689063012410,-367187,4239
1689063012412,-367187,4239
1689063012413,-367187,4239
1689063012414,-367187,4239
1689063012415,-367187,4239
1689063012417,-367187,4239
1689063012418,-367187,4239
1689063012420,-367187,4239
1689063012422,-367187,4239
1689063012424,-367187,4239
1689063012425,-367187,4239
1689063012427,-367187,4239
1689063012433,-367187,4239
1689063012436,-367187,4239
1689063012438,-367187,4239
1689063012440,-367187,4239
1689063012441,-367187,4239
1689063012442,-367187,4239
1689063012443,-367187,4239
1689063012444,-367187,4239
1689063012445,-367187,4239
1689063012446,-367187,4239
1689063012448,-367187,4239
1689063012450,-367187,4239
1689063012451,-367187,4239
1689063012452,-367187,4239
1689063012454,-367187,4239
1689063012457,-367187,4239
1689063012458,-367187,4239
1689063012460,-367187,4239
1689063012461,-367187,4239
1689063012462,-367187,4239
1689063012463,-367187,4239
1689063012465,-367187,4239
1689063012467,-367187,4239
1689063012471,-367187,4239
1689063012473,-367187,4239
1689063012476,-367187,4239
1689063012480,-367187,4239
1689063012482,-367187,4239
1689063012484,-367187,4239
1689063012485,-367187,4239
1689063012487,-367187,4239
1689063012490,-367187,4239
1689063012492,-367187,4239
1689063012494,-367187,4239
1689063012495,-367187,4239
1689063012498,-367187,4239
1689063012502,-367187,4239
1689063012505,-367187,4239
1689063012508,-367187,4239
1689063012510,-367187,4239
1689063012511,-367187,4239
1689063012513,-367187,4239
1689063012515,-367187,4239
1689063012516,-367187,4239
1689063012519,-367187,4239
1689063012524,-367187,4239
1689063012526,-367187,4239
1689063012529,-367187,4239
1689063012533,-367187,4239
1689063012537,-367187,4239
1689063012540,-367187,4239
1689063012542,-367187,4239
1689063012543,-367187,4239
1689063012545,-367187,4239
1689063012546,-367187,4239
1689063012549,-367187,4239
1689063012550,-367187,4239
1689063012552,-367187,4239
1689063012556,-367187,4239
1689063012560,-367187,4239
1689063012562,-367187,4239
1689063012568,-367187,4239
1689063012571,-367187,4239
1689063012574,-367187,4239
1689063012575,-367187,4239
1689063012577,-367187,4239
1689063012579,-367187,4239
1689063012581,-367187,4239
1689063012583,-367187,4239
1689063012585,-367187,4239
1689063012586,-367187,4239
1689063012590,-367187,4239
1689063012592,-367187,4239
1689063012593,-367187,4239
1689063012594,-367187,4239
1689063012596,-367187,4239
1689063012598,-367187,4239
1689063012603,-367187,4239
1689063012608,-367187,4239
1689063012610,-367187,4239
1689063012612,-367187,4239
1689063012613,-367187,4239
1689063012614,-367187,4239
1689063012616,-367187,4239
1689063012617,-367187,4239
1689063012618,-367187,4239
1689063012620,-367187,4239
1689063012623,-367187,4239
1689063012624,-367187,4239
1689063012625,-367187,4239
1689063012626,-367187,4239
1689063012627,-367187,4239
1689063012629,-367187,4239
1689063012632,-367187,4239
1689063012636,-367187,4239
1689063012638,-367187,4239
1689063012640,-367187,4239
1689063012642,-367187,4239
1689063012644,-367187,4239
1689063012645,-367187,4239
1689063012647,-367187,4239
1689063012649,-367187,4239
1689063012651,-367187,4239
1689063012657,-367187,4239
1689063012660,-367187,4239
1689063012662,-367187,4239
1689063012668,-367187,4239
1689063012672,-367187,4239
1689063012674,-367187,4239
1689063012677,-367187,4239
1689063012679,-367187,4239
1689063012681,-367187,4239
1689063012684,-367187,4239
1689063012691,-367187,4239
1689063012694,-367187,4239
1689063012695,-367187,4239
1689063012697,-367187,4239
1689063012701,-367187,4239
1689063012705,-367187,4239
1689063012708,-367187,4239
1689063012711,-367187,4239
1689063012714,-367187,4239
1689063012716,-367187,4239
1689063012718,-367187,4239
1689063012720,-367187,4239
1689063012723,-367187,4239
1689063012725,-367187,4239
1689063012726,-367187,4239
1689063012729,-367187,4239
1689063012734,-367187,4239
1689063012737,-367187,4239
1689063012739,-367187,4239
1689063012740,-367187,4239
1689063012741,-367187,4239
1689063012742,-367187,4239
1689063012743,-367187,4239
1689063012744,-367187,4239
1689063012745,-367187,4239
1689063012746,-367187,4239
1689063012749,-367187,4239
1689063012750,-367187,4239
1689063012752,-367187,4239
1689063012753,-367187,4239
1689063012756,-367187,4239
1689063012758,-367187,4239
1689063012759,-367187,4239
1689063012760,-367187,4239
1689063012762,-367187,4239
1689063012763,-367187,4239
1689063012769,-367187,4239
1689063012777,-367187,4239
1689063012779,-367187,4239
1689063012780,-367187,4239
1689063012781,-367187,4239
1689063012782,-367187,4239
1689063012783,-367187,4239
1689063012783,-367187,4239
1689063012784,-367187,4239
1689063012785,-367187,4239
1689063012788,-367187,4239
1689063012790,-367187,4239
1689063012791,-367187,4239
1689063012792,-367187,4239
1689063012793,-367187,4239
1689063012794,-367187,4239
1689063012795,-367187,4239
1689063012797,-367187,4239
1689063012801,-367187,4239
1689063012803,-367187,4239
1689063012805,-367187,4239
1689063012806,-367187,4239
1689063012808,-367187,4239
1689063012810,-367187,4239
1689063012811,-367187,4239
1689063012813,-367187,4239
1689063012814,-367187,4239
1689063012816,-367187,4239
1689063012817,-367187,4239
1689063012819,-367187,4239
1689063012822,-367187,4239
1689063012825,-367187,4239
1689063012826,-367187,4239
1689063012828,-367187,4239
1689063012829,-367187,4239
1689063012835,-367187,4239
1689063012837,-367187,4239
1689063012839,-367187,4239
1689063012842,-367187,4239
1689063012844,-367187,4239
1689063012846,-367187,4239
1689063012847,-367187,4239
1689063012849,-367187,4239
1689063012850,-367187,4239
1689063012851,-367187,4239
1689063012852,-367187,4239
1689063012857,-367187,4239
1689063012859,-367187,4239
1689063012860,-367187,4239
1689063012861,-367187,4239
1689063012862,-367187,4239
1689063012865,-367187,4239
1689063012868,-367187,4239
1689063012871,-367187,4239
1689063012872,-367187,4239
1689063012873,-367187,4239
1689063012875,-367187,4239
1689063012876,-367187,4239
1689063012878,-367187,4239
1689063012879,-367187,4239
1689063012880,-367187,4239
1689063012881,-367187,4239
1689063012882,-367187,4239
1689063012884,-367187,4239
1689063012884,-367187,4239
1689063012885,-367187,4239
1689063012887,-367187,4239
1689063012891,-367187,4239
1689063012892,-367187,4239
1689063012894,-367187,4239
1689063012895,-367187,4239
1689063012901,-367187,4239
1689063012904,-367187,4239
1689063012906,-367187,4239
1689063012907,-367187,4239
1689063012909,-367187,4239
1689063012911,-367187,4239
1689063012912,-367187,4239
1689063012914,-367187,4239
1689063012915,-367187,4239
1689063012918,-367187,4239
1689063012921,-367187,4239
1689063012923,-367187,4239
1689063012924,-367187,4239
1689063012925,-367187,4239
1689063012928,-367187,4239
1689063012930,-367187,4239
1689063012936,-367187,4239
1689063012939,-367187,4239
1689063012941,-367187,4239
1689063012943,-367187,4239
1689063012945,-367187,4239
1689063012947,-367187,4239
1689063012949,-367187,4239
1689063012951,-367187,4239
1689063012956,-367187,4239
1689063012958,-367187,4239
1689063012960,-367187,4239
1689063012962,-367187,4239
1689063012968,-367187,4239
1689063012971,-367187,4239
1689063012973,-367187,4239
1689063012976,-367187,4239
1689063012979,-367187,4239
1689063012982,-367187,4239
1689063012984,-367187,4239
1689063012986,-367187,4239
1689063012991,-367187,4239
1689063012992,-367187,4239
1689063012994,-367187,4239
1689063012995,-367187,4239
1689063012997,-367187,4239
1689063013002,-367187,4239
1689063013005,-367187,4239
1689063013007,-367187,4239
1689063013008,-367187,4239
1689063013009,-367187,4239
1689063013010,-367187,4239
1689063013012,-367187,4239
1689063013013,-367187,4239
1689063013014,-367187,4239
1689063013015,-367187,4239
1689063013016,-367187,4239
1689063013017,-367187,4239
1689063013019,-367187,4239
1689063013020,-367187,4239
1689063013023,-367187,4239
1689063013025,-367187,4239
1689063013026,-367187,4239
1689063013027,-367187,4239
1689063013028,-367187,4239
1689063013029,-367187,4239
1689063013034,-367187,4239
1689063013037,-367187,4239
1689063013039,-367187,4239
1689063013040,-367187,4239
1689063013041,-367187,4239
1689063013042,-367187,4239
1689063013043,-367187,4239
1689063013044,-367187,4239
1689063013045,-367187,4239
1689063013046,-367187,4239
1689063013048,-367187,4239
1689063013049,-367187,4239
1689063013051,-367187,4239
1689063013052,-367187,4239
1689063013054,-367187,4239
1689063013055,-367187,4239
1689063013058,-367187,4239
1689063013060,-367187,4239
1689063013061,-367187,4239
1689063013063,-367187,4239
1689063013064,-367187,4239
1689063013066,-367187,4239
1689063013068,-367187,4239
1689063013070,-367187,4239
1689063013072,-367187,4239
1689063013073,-367187,4239
1689063013074,-367187,4239
1689063013075,-367187,4239
1689063013077,-367187,4239
1689063013079,-367187,4239
1689063013080,-367187,4239
1689063013082,-367187,4239
1689063013083,-367187,4239
1689063013084,-367187,4239
1689063013085,-367187,4239
1689063013086,-367187,4239
1689063013089,-367187,4239
1689063013092,-367187,4239
1689063013094,-367187,4239
1689063013095,-367187,4239
1689063013098,-367187,4239
1689063013102,-367187,4239
1689063013104,-367187,4239
1689063013107,-367187,4239
1689063013110,-367187,4239
1689063013112,-367187,4239
1689063013113,-367187,4239
1689063013114,-367187,4239
1689063013116,-367187,4239
1689063013117,-367187,4239
1689063013118,-367187,4239
1689063013121,-367187,4239
1689063013123,-367187,4239
1689063013125,-367187,4239
1689063013126,-367187,4239
1689063013127,-367187,4239
1689063013129,-367187,4239
1689063013130,-367187,4239
1689063013134,-367187,4239
1689063013136,-367187,4239
1689063013138,-367187,4239
1689063013140,-367187,4239
1689063013141,-367187,4239
1689063013142,-367187,4239
1689063013143,-367187,4239
1689063013144,-367187,4239
1689063013145,-367187,4239
1689063013146,-367187,4239
1689063013147,-367187,4239
1689063013149,-367187,4239
1689063013150,-367187,4239
1689063013151,-367187,4239
1689063013152,-367187,4239
1689063013153,-367187,4239
1689063013156,-367187,4239
1689063013158,-367187,4239
1689063013159,-367187,4239
1689063013160,-367187,4239
1689063013161,-367187,4239
1689063013162,-367187,4239
1689063013167,-367187,4239
1689063013170,-367187,4239
1689063013172,-367187,4239
1689063013174,-367187,4239
1689063013175,-367187,4239
1689063013178,-367187,4239
1689063013179,-367187,4239
1689063013181,-367187,4239
1689063013183,-367187,4239
1689063013185,-367187,4239
1689063013187,-367187,4239
1689063013190,-367187,4239
1689063013192,-367187,4239
1689063013194,-367187,4239
1689063013196,-367187,4239
1689063013201,-367187,4239
1689063013204,-367187,4239
1689063013207,-367187,4239
1689063013210,-367187,4239
1689063013212,-367187,4239
1689063013214,-367187,4239
1689063013216,-367187,4239
1689063013218,-367187,4239
1689063013221,-367187,4239
1689063013225,-367187,4239
1689063013227,-367187,4239
1689063013229,-367187,4239
1689063013235,-367187,4239
1689063013238,-367187,4239
1689063013241,-367187,4239
1689063013243,-367187,4239
1689063013244,-367187,4239
1689063013245,-367187,4239
1689063013247,-367187,4239
1689063013249,-367187,4239
1689063013250,-367187,4239
1689063013251,-367187,4239
1689063013252,-367187,4239
1689063013253,-367187,4239
1689063013258,-367187,4239
1689063013259,-367187,4239
1689063013261,-367187,4239
1689063013262,-367187,4239
1689063013263,-367187,4239
1689063013269,-367187,4239
1689063013271,-367187,4239
1689063013273,-367187,4239
1689063013275,-367187,4239
1689063013276,-367187,4239
1689063013278,-367187,4239
1689063013279,-367187,4239
1689063013281,-367187,4239
1689063013283,-367187,4239
1689063013285,-367187,4239
1689063013286,-367187,4239
1689063013290,-367187,4239
1689063013292,-367187,4239
1689063013293,-367187,4239
1689063013295,-367187,4239
1689063013296,-367187,4239
1689063013298,-367187,4239
1689063013304,-367187,4239
1689063013305,-367187,4239
1689063013307,-367187,4239
1689063013309,-367187,4239
1689063013311,-367187,4239
1689063013313,-367187,4239
1689063013315,-367187,4239
1689063013317,-367187,4239
1689063013320,-367187,4239
1689063013323,-367187,4239
1689063013325,-367187,4239
1689063013327,-367187,4239
1689063013329,-367187,4239
1689063013330,-367187,4239
1689063013332,-367187,4239
1689063013335,-367187,4239
1689063013338,-367187,4239
1689063013342,-367187,4239
1689063013344,-367187,4239
1689063013346,-367187,4239
1689063013349,-367187,4239
1689063013351,-367187,4239
1689063013352,-367187,4239
1689063013354,-367187,4239
1689063013356,-367187,4239
1689063013359,-367187,4239
1689063013361,-367187,4239
1689063013363,-367187,4239
1689063013364,-367187,4239
1689063013366,-367187,4239
1689063013369,-367187,4239
1689063013372,-367187,4239
1689063013374,-367187,4239
1689063013375,-367187,4239
1689063013376,-367187,4239
1689063013377,-367187,4239
1689063013379,-367187,4239
1689063013380,-367187,4239
1689063013382,-367187,4239
1689063013383,-367187,4239
1689063013384,-367187,4239
1689063013385,-367187,4239
1689063013386,-367187,4239
1689063013390,-367187,4239
1689063013393,-367187,4239
1689063013394,-367187,4239
1689063013395,-367187,4239
1689063013397,-367187,4239
1689063013403,-367187,4239
1689063013405,-367187,4239
1689063013406,-367187,4239
1689063013409,-367187,4239
1689063013411,-367187,4239
1689063013412,-367187,4239
1689063013414,-367187,4239
1689063013416,-367187,4239
1689063013419,-367187,4239
1689063013425,-367187,4239
1689063013427,-367187,4239
1689063013429,-367187,4239
1689063013433,-367187,4239
1689063013436,-367187,4239
1689063013439,-367187,4239
1689063013441,-367187,4239
1689063013442,-367187,4239
1689063013444,-367187,4239
1689063013445,-367187,4239
1689063013446,-367187,4239
1689063013449,-367187,4239
1689063013451,-367187,4239
1689063013452,-367187,4239
1689063013457,-367187,4239
1689063013459,-367187,4239
1689063013461,-367187,4239
1689063013463,-367187,4239
1689063013465,-367187,4239
1689063013468,-367187,4239
1689063013471,-367187,4239
1689063013473,-367187,4239
1689063013475,-367187,4239
1689063013478,-367187,4239
1689063013480,-367187,4239
1689063013481,-367187,4239
1689063013482,-367187,4239
1689063013483,-367187,4239
1689063013484,-367187,4239
1689063013485,-367187,4239
1689063013487,-367187,4239
1689063013489,-367187,4239
1689063013491,-367187,4239
1689063013493,-367187,4239
1689063013494,-367187,4239
1689063013495,-367187,4239
1689063013496,-367187,4239
1689063013500,-367187,4239
1689063013503,-367187,4239
1689063013506,-367187,4239
1689063013508,-367187,4239
1689063013509,-367187,4239
1689063013510,-367187,4239
1689063013511,-367187,4239
1689063013512,-367187,4239
1689063013513,-367187,4239
1689063013514,-367187,4239
1689063013515,-367187,4239
1689063013516,-367187,4239
1689063013518,-367187,4239
1689063013520,-367187,4239
1689063013522,-367187,4239
1689063013524,-367187,4239
1689063013525,-367187,4239
1689063013526,-367187,4239
1689063013528,-367187,4239
1689063013529,-367187,4239
1689063013533,-367187,4239
1689063013536,-367187,4239
1689063013538,-367187,4239
1689063013540,-367187,4239
1689063013541,-367187,4239
1689063013542,-367187,4239
1689063013543,-367187,4239
1689063013545,-367187,4239
1689063013546,-367187,4239
1689063013549,-367187,4239
1689063013551,-367187,4239
1689063013552,-367187,4239
1689063013554,-367187,4239
1689063013556,-367187,4239
1689063013559,-367187,4239
1689063013561,-367187,4239
1689063013562,-367187,4239
1689063013563,-367187,4239
1689063013568,-367187,4239
1689063013571,-367187,4239
1689063013573,-237304,4239
1689063013576,-237304,4239
1689063013579,-237304,4239
1689063013580,-237304,4239
1689063013582,-237304,4239
1689063013583,-237304,4239
1689063013585,-237304,4239
1689063013586,-237304,4239
1689063013590,-237304,4239
1689063013592,-237304,4239
1689063013593,-237304,4239
1689063013594,-237304,4239
1689063013595,-237304,4239
1689063013596,-237304,4239
1689063013598,-237304,4239
1689063013600,-237304,4239
1689063013601,-237304,4239
1689063013603,-237304,4239
1689063013604,-237304,4239
1689063013606,-237304,4239
1689063013607,-237304,4239
1689063013609,-237304,4239
1689063013610,-237304,4239
1689063013611,-237304,4239
1689063013612,-237304,4239
1689063013613,-237304,4239
1689063013614,-237304,4239
1689063013615,-237304,4239
1689063013616,-237304,4239
1689063013619,-237304,4239
1689063013620,-237304,4239
1689063013621,-237304,4239
1689063013623,-237304,4239
1689063013624,-237304,4239
1689063013626,-237304,4239
1689063013628,-237304,4239
1689063013629,-237304,4239
1689063013630,-237304,4239
1689063013633,-237304,4239
1689063013637,-237304,4239
1689063013639,-237304,4239
1689063013641,-237304,4239
1689063013642,-237304,4239
1689063013643,-237304,4239
1689063013644,-237304,4239
1689063013645,-237304,4239
1689063013646,-237304,4239
1689063013648,-237304,4239
1689063013650,-237304,4239
1689063013651,-237304,4239
1689063013652,-237304,4239
1689063013653,-237304,4239
1689063013654,-237304,4239
1689063013655,-237304,4239
1689063013656,-237304,4239
1689063013658,-237304,4239
1689063013659,-237304,4239
1689063013659,-237304,4239
1689063013660,-237304,4239
1689063013661,-237304,4239
1689063013662,-237304,4239
1689063013665,-237304,4239
1689063013667,-237304,4239
1689063013669,-237304,4239
1689063013670,-237304,4239
1689063013671,-237304,4239
1689063013672,-237304,4239
1689063013673,-237304,4239
1689063013675,-237304,4239
1689063013676,-237304,4239
1689063013677,-237304,4239
1689063013678,-237304,4239
1689063013680,-237304,4239
1689063013681,-237304,4239
1689063013683,-237304,4239
1689063013684,-237304,4239
1689063013685,-237304,4239
1689063013687,-237304,4239
1689063013690,-237304,4239
1689063013693,-237304,4239
1689063013695,-237304,4239
1689063013696,-237304,4239
1689063013699,-237304,4239
1689063013702,-237304,4239
1689063013704,-237304,4239
1689063013706,-237304,4239
1689063013709,-237304,4239
1689063013711,-237304,4239
1689063013712,-237304,4239
1689063013714,-237304,4239
1689063013716,-237304,4239
1689063013718,-237304,4239
1689063013720,-237304,4239
1689063013724,-237304,4239
1689063013726,-237304,4239
1689063013729,-237304,4239
1689063013730,-237304,4239
1689063013732,-237304,4239
1689063013738,-237304,4239
1689063013740,-237304,4239
1689063013742,-237304,4239
1689063013743,-237304,4239
1689063013744,-237304,4239
1689063013746,-237304,4239
1689063013748,-237304,4239
1689063013750,-237304,4239
1689063013752,-237304,4239
1689063013753,-237304,4239
1689063013759,-237304,4239
1689063013761,-237304,4239
1689063013763,-237304,4239
1689063013767,-237304,4239
1689063013771,-237304,4239
1689063013773,-237304,4239
1689063013774,-237304,4239
1689063013775,-237304,4239
1689063013776,-237304,4239
1689063013777,-237304,4239
1689063013779,-237304,4239
1689063013780,-237304,4239
1689063013781,-237304,4239
1689063013783,-237304,4239
1689063013784,-237304,4239
1689063013786,-237304,4239
1689063013788,-237304,4239
1689063013792,-237304,4239
1689063013795,-237304,4239
1689063013799,-237304,4239
1689063013802,-237304,4239
1689063013804,-237304,4239
1689063013806,-237304,4239
1689063013808,-237304,4239
1689063013809,-237304,4239
1689063013810,-237304,4239
1689063013812,-237304,4239
1689063013813,-237304,4239
1689063013814,-237304,4239
1689063013815,-237304,4239
1689063013817,-237304,4239
1689063013818,-237304,4239
1689063013820,-237304,4239
1689063013822,-237304,4239
1689063013824,-237304,4239
1689063013825,-237304,4239
1689063013826,-237304,4239
1689063013827,-237304,4239
1689063013829,-237304,4239
1689063013836,-237304,4239
1689063013840,-237304,4239
1689063013843,-237304,4239
1689063013845,-237304,4239
1689063013846,-237304,4239
1689063013848,-237304,4239
1689063013849,-237304,4239
1689063013851,-237304,4239
1689063013852,-237304,4239
1689063013854,-237304,4239
1689063013856,-237304,4239
1689063013858,-237304,4239
1689063013859,-237304,4239
1689063013860,-237304,4239
1689063013862,-237304,4239
1689063013863,-237304,4239
1689063013868,-237304,4239
1689063013871,-237304,4239
1689063013873,-237304,4239
1689063013874,-237304,4239
1689063013875,-237304,4239
1689063013877,-237304,4239
1689063013879,-237304,4239
1689063013880,-237304,4239
1689063013881,-237304,4239
1689063013883,-237304,4239
1689063013884,-237304,4239
1689063013885,-237304,4239
1689063013886,-237304,4239
1689063013889,-237304,4239
1689063013891,-237304,4239
1689063013893,-237304,4239
1689063013894,-237304,4239
1689063013895,-237304,4239
1689063013898,-237304,4239
1689063013901,-237304,4239
1689063013904,-237304,4239
1689063013906,-237304,4239
1689063013908,-237304,4239
1689063013910,-237304,4239
1689063013911,-237304,4239
1689063013913,-237304,4239
1689063013914,-237304,4239
1689063013916,-237304,4239
1689063013919,-237304,4239
1689063013923,-237304,4239
1689063013925,-237304,4239
1689063013927,-237304,4239
1689063013929,-237304,4239
1689063013935,-237304,4239
1689063013941,-237304,4239
1689063013944,-237304,4239
1689063013945,-237304,4239
1689063013947,-237304,4239
1689063013949,-237304,4239
1689063013951,-237304,4239
1689063013953,-237304,4239
1689063013958,-237304,4239
1689063013961,-237304,4239
1689063013963,-237304,4239
1689063013964,-237304,4239
1689063013968,-237304,4239
1689063013971,-237304,4239
1689063013974,-237304,4239
1689063013976,-237304,4239
1689063013978,-237304,4239
1689063013980,-237304,4239
1689063013981,-237304,4239
1689063013983,-237304,4239
1689063013985,-237304,4239
1689063013993,-237304,4239
1689063013995,-237304,4239
1689063013998,-237304,4239
1689063014003,-237304,4239
1689063014007,-237304,4239
1689063014010,-237304,4239
1689063014012,-237304,4239
1689063014014,-237304,4239
1689063014017,-237304,4239
1689063014020,-237304,4239
1689063014022,-237304,4239
1689063014025,-237304,4239
1689063014028,-237304,4239
1689063014030,-237304,4239
1689063014031,-237304,4239
1689063014032,-237304,4239
1689063014035,-237304,4239
1689063014039,-237304,4239
1689063014041,-237304,4239
1689063014043,-237304,4239
1689063014045,-237304,4239
1689063014047,-237304,4239
1689063014048,-237304,4239
1689063014050,-237304,4239
1689063014051,-237304,4239
1689063014052,-237304,4239
1689063014053,-237304,4239
1689063014057,-237304,4239
1689063014059,-237304,4239
1689063014060,-237304,4239
1689063014061,-237304,4239
1689063014062,-237304,4239
1689063014064,-237304,4239
1689063014068,-237304,4239
1689063014071,-237304,4239
1689063014074,-237304,4239
1689063014075,-237304,4239
1689063014077,-237304,4239
1689063014079,-237304,4239
1689063014080,-237304,4239
1689063014082,-237304,4239
1689063014083,-237304,4239
1689063014085,-237304,4239
1689063014086,-237304,4239
1689063014091,-237304,4239
1689063014094,-237304,4239
1689063014096,-237304,4239
1689063014098,-237304,4239
1689063014102,-237304,4239
1689063014105,-237304,4239
1689063014108,-237304,4239
1689063014110,-237304,4239
1689063014112,-237304,4239
1689063014114,-237304,4239
1689063014116,-237304,4239
1689063014118,-237304,4239
1689063014123,-237304,4239
1689063014126,-237304,4239
1689063014128,-237304,4239
1689063014129,-237304,4239
1689063014130,-237304,4239
1689063014135,-237304,4239
1689063014141,-237304,4239
1689063014149,-237304,4239
1689063014151,-237304,4239
1689063014152,-237304,4239
1689063014153,-237304,4239
1689063014155,-237304,4239
1689063014158,-237304,4239
1689063014159,-237304,4239
1689063014160,-237304,4239
1689063014161,-237304,4239
1689063014162,-237304,4239
1689063014163,-237304,4239
1689063014168,-237304,4239
1689063014170,-237304,4239
1689063014172,-237304,4239
1689063014174,-237304,4239
1689063014176,-237304,4239
1689063014177,-237304,4239
1689063014178,-237304,4239
1689063014180,-237304,4239
1689063014181,-237304,4239
1689063014183,-237304,4239
1689063014184,-237304,4239
1689063014185,-237304,4239
1689063014187,-237304,4239
1689063014188,-237304,4239
1689063014190,-237304,4239
1689063014192,-237304,4239
1689063014193,-237304,4239
1689063014195,-237304,4239
1689063014196,-237304,4239
1689063014201,-237304,4239
1689063014203,-237304,4239
1689063014205,-237304,4239
1689063014206,-237304,4239
1689063014209,-237304,4239
1689063014211,-237304,4239
1689063014212,-237304,4239
1689063014214,-237304,4239
1689063014216,-237304,4239
1689063014218,-237304,4239
1689063014220,-237304,4239
1689063014224,-237304,4239
1689063014226,-237304,4239
1689063014228,-237304,4239
1689063014230,-237304,4239
1689063014236,-237304,4239
1689063014239,-237304,4239
1689063014241,-237304,4239
1689063014242,-237304,4239
1689063014244,-237304,4239
1689063014245,-237304,4239
1689063014249,-237304,4239
1689063014252,-237304,4239
1689063014253,-237304,4239
1689063014257,-237304,4239
1689063014260,-237304,4239
1689063014261,-237304,4239
1689063014263,-237304,4239
1689063014264,-237304,4239
1689063014266,-237304,4239
1689063014270,-237304,4239
1689063014274,-237304,4239
1689063014278,-237304,4239
1689063014280,-237304,4239
1689063014281,-237304,4239
1689063014283,-237304,4239
1689063014285,-237304,4239
1689063014286,-237304,4239
1689063014288,-237304,4239
1689063014291,-237304,4239
1689063014292,-237304,4239
1689063014294,-237304,4239
1689063014295,-237304,4239
1689063014297,-237304,4239
1689063014300,-237304,4239
1689063014303,-237304,4239
1689063014306,-237304,4239
1689063014307,-237304,4239
1689063014309,-237304,4239
1689063014311,-237304,4239
1689063014312,-237304,4239
1689063014313,-237304,4239
1689063014315,-237304,4239
1689063014316,-237304,4239
1689063014319,-237304,4239
1689063014321,-237304,4239
1689063014324,-237304,4239
1689063014325,-237304,4239
1689063014327,-237304,4239
1689063014329,-237304,4239
1689063014330,-237304,4239
1689063014331,-237304,4239
1689063014332,-237304,4239
1689063014333,-237304,4239
1689063014335,-237304,4239
1689063014338,-237304,4239
1689063014340,-237304,4239
1689063014341,-237304,4239
1689063014342,-237304,4239
1689063014343,-237304,4239
1689063014344,-237304,4239
1689063014345,-237304,4239
1689063014346,-237304,4239
1689063014348,-237304,4239
1689063014350,-237304,4239
1689063014351,-237304,4239
1689063014353,-237304,4239
1689063014356,-237304,4239
1689063014359,-237304,4239
1689063014361,-237304,4239
1689063014362,-237304,4239
1689063014364,-237304,4239
1689063014370,-237304,4239
1689063014373,-237304,4239
1689063014376,-237304,4239
1689063014380,-237304,4239
1689063014382,-237304,4239
1689063014384,-237304,4239
1689063014385,-237304,4239
1689063014387,-237304,4239
1689063014389,-237304,4239
1689063014391,-237304,4239
1689063014393,-237304,4239
1689063014395,-237304,4239
1689063014397,-237304,4239
1689063014401,-237304,4239
1689063014405,-237304,4239
1689063014408,-237304,4239
1689063014410,-237304,4239
1689063014411,-237304,4239
1689063014413,-237304,4239
1689063014414,-237304,4239
1689063014415,-237304,4239
1689063014418,-237304,4239
1689063014419,-237304,4239
1689063014421,-237304,4239
1689063014426,-237304,4239
1689063014428,-237304,4239
1689063014430,-237304,4239
1689063014432,-237304,4239
1689063014436,-237304,4239
1689063014440,-237304,4239
1689063014442,-237304,4239
1689063014444,-237304,4239
1689063014445,-237304,4239
1689063014448,-237304,4239
1689063014450,-237304,4239
1689063014451,-237304,4239
1689063014453,-237304,4239
1689063014455,-237304,4239
1689063014457,-237304,4239
1689063014461,-237304,4239
1689063014463,-237304,4239
1689063014465,-237304,4239
1689063014468,-237304,4239
1689063014471,-237304,4239
1689063014473,-237304,4239
1689063014474,-237304,4239
1689063014476,-237304,4239
1689063014477,-237304,4239
1689063014479,-237304,4239
1689063014480,-237304,4239
1689063014482,-237304,4239
1689063014483,-237304,4239
1689063014485,-237304,4239
1689063014486,-237304,4239
1689063014489,-237304,4239
1689063014492,-237304,4239
1689063014493,-237304,4239
1689063014495,-237304,4239
1689063014497,-237304,4239
1689063014499,-237304,4239
1689063014501,-237304,4239
1689063014503,-237304,4239
1689063014506,-237304,4239
1689063014509,-237304,4239
1689063014511,-237304,4239
1689063014513,-237304,4239
1689063014514,-237304,4239
1689063014516,-237304,4239
1689063014519,-237304,4239
1689063014521,-237304,4239
1689063014524,-237304,4239
1689063014527,-237304,4239
1689063014528,-237304,4239
1689063014531,-237304,4239
1689063014534,-237304,4239
1689063014538,-237304,4239
1689063014540,-237304,4239
1689063014542,-237304,4239
1689063014543,-237304,4239
1689063014545,-237304,4239
1689063014547,-237304,4239
1689063014550,-237304,4239
1689063014553,-237304,4239
1689063014555,-237304,4239
1689063014559,-237304,4239
1689063014563,-237304,4239
1689063014565,-237304,4239
1689063014570,-237304,4239
1689063014573,-237304,4239
1689063014574,-237304,4239
1689063014575,-237304,4239
1689063014576,-237304,4239
1689063014577,-237304,4239
1689063014579,-237304,4239
1689063014580,-237304,4239
1689063014581,-237304,4239
1689063014582,-237304,4239
1689063014583,-237304,4239
1689063014584,-237304,4239
1689063014585,-237304,4239
1689063014586,-237304,4239
1689063014588,-237304,4239
1689063014590,-237304,4239
1689063014592,-237304,4239
1689063014593,-237304,4239
1689063014594,-237304,4239
1689063014595,-237304,4239
1689063014596,-237304,4239
1689063014597,-237304,4239
1689063014601,-237304,4239
1689063014603,-237304,4239
1689063014606,-237304,4239
1689063014607,-237304,4239
1689063014610,-237304,4239
1689063014611,-237304,4239
1689063014612,-237304,4239
1689063014613,-237304,4239
1689063014614,-237304,4239
1689063014615,-237304,4239
1689063014616,-237304,4239
1689063014618,-237304,4239
1689063014620,-237304,4239
1689063014621,-237304,4239
1689063014622,-237304,4239
1689063014625,-237304,4239
1689063014626,-237304,4239
1689063014628,-237304,4239
1689063014629,-237304,4239
1689063014630,-237304,4239
1689063014633,-237304,4239
1689063014635,-237304,4239
1689063014638,-237304,4239
1689063014641,-237304,4239
1689063014643,-237304,4239
1689063014645,-237304,4239
1689063014646,-237304,4239
1689063014648,-237304,4239
1689063014650,-237304,4239
1689063014651,-237304,4239
1689063014652,-237304,4239
1689063014653,-237304,4239
1689063014658,-237304,4239
1689063014660,-237304,4239
1689063014661,-237304,4239
1689063014662,-237304,4239
1689063014664,-237304,4239
1689063014667,-237304,4239
1689063014670,-237304,4239
1689063014672,-237304,4239
1689063014673,-237304,4239
1689063014674,-237304,4239
1689063014676,-237304,4239
1689063014677,-237304,4239
1689063014679,-237304,4239
1689063014680,-237304,4239
1689063014682,-237304,4239
1689063014683,-237304,4239
1689063014684,-237304,4239
1689063014685,-237304,4239
1689063014688,-237304,4239
1689063014693,-237304,4239
1689063014695,-237304,4239
1689063014698,-237304,4239
1689063014705,-237304,4239
1689063014708,-237304,4239
1689063014710,-237304,4239
1689063014712,-237304,4239
1689063014713,-237304,4239
1689063014715,-237304,4239
1689063014716,-237304,4239
1689063014720,-237304,4239
1689063014725,-237304,4239
1689063014728,-237304,4239
1689063014730,-237304,4239
1689063014731,-237304,4239
1689063014733,-237304,4239
1689063014738,-237304,4239
1689063014741,-237304,4239
1689063014742,-237304,4239
1689063014744,-237304,4239
1689063014745,-237304,4239
1689063014747,-237304,4239
1689063014749,-237304,4239
1689063014750,-237304,4239
1689063014752,-237304,4239
1689063014753,-237304,4239
1689063014755,-237304,4239
1689063014756,-237304,4239
1689063014759,-237304,4239
1689063014761,-237304,4239
1689063014763,-237304,4239
1689063014764,-237304,4239
1689063014767,-237304,4239
1689063014769,-237304,4239
1689063014771,-237304,4239
1689063014773,-237304,4239
1689063014775,-237304,4239
1689063014777,-237304,4239
1689063014779,-237304,4239
1689063014780,-237304,4239
1689063014781,-237304,4239
1689063014782,-237304,4239
1689063014783,-237304,4239
1689063014785,-237304,4239
1689063014786,-237304,4239
1689063014787,-237304,4239
1689063014792,-237304,4239
1689063014794,-237304,4239
1689063014795,-237304,4239
1689063014797,-237304,4239
1689063014802,-237304,4239
1689063014804,-237304,4239
1689063014806,-237304,4239
1689063014812,-237304,4239
1689063014815,-237304,4239
1689063014816,-237304,4239
1689063014818,-237304,4239
1689063014820,-237304,4239
1689063014821,-237304,4239
1689063014822,-237304,4239
1689063014826,-237304,4239
1689063014828,-237304,4239
1689063014829,-237304,4239
1689063014830,-237304,4239
1689063014831,-237304,4239
1689063014833,-237304,4239
1689063014835,-237304,4239
1689063014839,-237304,4239
1689063014840,-237304,4239
1689063014842,-237304,4239
1689063014843,-237304,4239
1689063014844,-237304,4239
1689063014845,-237304,4239
1689063014846,-237304,4239
1689063014847,-237304,4239
1689063014849,-237304,4239
1689063014851,-237304,4239
1689063014852,-237304,4239
1689063014853,-237304,4239
1689063014855,-237304,4239
1689063014858,-237304,4239
1689063014859,-237304,4239
1689063014860,-237304,4239
1689063014861,-237304,4239
1689063014861,-237304,4239
1689063014862,-237304,4239
1689063014863,-237304,4239
1689063014864,-237304,4239
1689063014867,-237304,4239
1689063014870,-237304,4239
1689063014872,-237304,4239
1689063014873,-237304,4239
1689063014874,-237304,4239
1689063014876,-237304,4239
1689063014877,-237304,4239
1689063014879,-237304,4239
1689063014880,-237304,4239
1689063014881,-237304,4239
1689063014883,-237304,4239
1689063014884,-237304,4239
1689063014885,-237304,4239
1689063014887,-237304,4239
1689063014891,-237304,4239
1689063014893,-237304,4239
1689063014895,-237304,4239
1689063014896,-237304,4239
1689063014900,-237304,4239
1689063014903,-237304,4239
1689063014906,-237304,4239
1689063014910,-237304,4239
1689063014912,-237304,4239
1689063014914,-237304,4239
1689063014916,-237304,4239
1689063014918,-237304,4239
1689063014920,-237304,4239
1689063014925,-237304,4239
1689063014928,-237304,4239
1689063014929,-237304,4239
1689063014931,-237304,4239
1689063014934,-237304,4239
1689063014939,-237304,4239
1689063014941,-237304,4239
1689063014943,-237304,4239
1689063014944,-237304,4239
1689063014945,-237304,4239
1689063014947,-237304,4239
1689063014948,-237304,4239
1689063014950,-237304,4239
1689063014952,-237304,4239
1689063014953,-237304,4239
1689063014954,-237304,4239
1689063014959,-237304,4239
1689063014961,-237304,4239
1689063014962,-237304,4239
1689063014964,-237304,4239
1689063014965,-237304,4239
1689063014966,-237304,4239
1689063014971,-237304,4239
1689063014973,-237304,4239
1689063014975,-237304,4239
1689063014976,-237304,4239
1689063014977,-237304,4239
1689063014978,-237304,4239
1689063014980,-237304,4239
1689063014981,-237304,4239
1689063014982,-237304,4239
1689063014983,-237304,4239
1689063014984,-237304,4239
1689063014985,-237304,4239
1689063014986,-237304,4239
1689063014988,-237304,4239
1689063014990,-237304,4239
1689063014992,-237304,4239
1689063014994,-237304,4239
1689063014995,-237304,4239
1689063014997,-237304,4239
1689063015002,-237304,4239
1689063015005,-237304,4239
1689063015007,-237304,4239
1689063015010,-237304,4239
1689063015011,-237304,4239
1689063015013,-237304,4239
1689063015015,-237304,4239
1689063015017,-237304,4239
1689063015019,-237304,4239
1689063015021,-237304,4239
1689063015023,-237304,4239
1689063015026,-237304,4239
1689063015030,-237304,4239
1689063015036,-237304,4239
1689063015042,-237304,4239
1689063015045,-237304,4239
1689063015048,-237304,4239
1689063015050,-238281,4239
1689063015052,-238281,4239
1689063015060,-238281,4239
1689063015065,-238281,4239
1689063015070,-238281,4239
1689063015073,-238281,4239
1689063015081,-238281,4239
1689063015084,-238281,4239
1689063015088,-238281,4239
1689063015091,-238281,4239
1689063015092,-238281,4239
1689063015094,-238281,4239
1689063015095,-238281,4239
1689063015096,-238281,4239
1689063015097,-238281,4239
1689063015098,-238281,4239
1689063015100,-238281,4239
1689063015104,-238281,4239
1689063015106,-238281,4239
1689063015108,-238281,4239
1689063015110,-238281,4239
1689063015111,-238281,4239
1689063015113,-238281,4239
1689063015114,-238281,4239
1689063015116,-238281,4239
1689063015118,-238281,4239
1689063015123,-238281,4239
1689063015126,-238281,4239
1689063015128,-238281,4239
1689063015129,-238281,4239
1689063015131,-238281,4239
1689063015133,-238281,4239
1689063015137,-238281,4239
1689063015140,-238281,4239
1689063015141,-238281,4239
1689063015142,-238281,4239
1689063015143,-238281,4239
1689063015144,-238281,4239
1689063015146,-238281,4239
1689063015148,-238281,4239
1689063015150,-238281,4239
1689063015151,-238281,4239
1689063015153,-238281,4239
1689063015154,-238281,4239
1689063015155,-238281,4239
1689063015157,-238281,4239
1689063015159,-238281,4239
1689063015161,-238281,4239
1689063015162,-238281,4239
1689063015163,-238281,4239
1689063015165,-238281,4239
1689063015168,-238281,4239
1689063015172,-238281,4239
1689063015174,-238281,4239
1689063015177,-238281,4239
1689063015179,-238281,4239
1689063015180,-238281,4239
1689063015181,-238281,4239
1689063015183,-238281,4239
1689063015184,-238281,4239
1689063015185,-238281,4239
1689063015186,-238281,4239
1689063015188,-238281,4239
1689063015192,-238281,4239
1689063015194,-238281,4239
1689063015195,-238281,4239
1689063015196,-238281,4239
1689063015197,-238281,4239
1689063015199,-238281,4239
1689063015202,-238281,4239
1689063015204,-238281,4239
1689063015206,-238281,4239
1689063015208,-238281,4239
1689063015210,-238281,4239
1689063015211,-238281,4239
1689063015212,-238281,4239
1689063015213,-238281,4239
1689063015214,-238281,4239
1689063015215,-238281,4239
1689063015216,-238281,4239
1689063015218,-238281,4239
1689063015219,-238281,4239
1689063015220,-238281,4239
1689063015221,-238281,4239
1689063015225,-238281,4239
1689063015227,-238281,4239
1689063015228,-238281,4239
1689063015230,-238281,4239
1689063015231,-238281,4239
1689063015234,-238281,4239
1689063015237,-238281,4239
1689063015239,-238281,4239
1689063015240,-238281,4239
1689063015241,-238281,4239
1689063015242,-238281,4239
1689063015243,-238281,4239
1689063015244,-238281,4239
1689063015245,-238281,4239
1689063015246,-238281,4239
1689063015247,-238281,4239
1689063015249,-238281,4239
1689063015250,-238281,4239
1689063015251,-238281,4239
1689063015252,-238281,4239
1689063015254,-238281,4239
1689063015255,-238281,4239
1689063015257,-238281,4239
1689063015260,-238281,4239
1689063015261,-238281,4239
1689063015262,-238281,4239
1689063015263,-238281,4239
1689063015264,-238281,4239
1689063015267,-238281,4239
1689063015270,-238281,4239
1689063015272,-238281,4239
1689063015274,-238281,4239
1689063015275,-238281,4239
1689063015276,-238281,4239
1689063015278,-238281,4239
1689063015279,-238281,4239
1689063015281,-238281,4239
1689063015283,-238281,4239
1689063015284,-238281,4239
1689063015285,-238281,4239
1689063015287,-238281,4239
1689063015292,-238281,4239
1689063015294,-238281,4239
1689063015296,-238281,4239
1689063015298,-238281,4239
1689063015300,-238281,4239
1689063015304,-238281,4239
1689063015308,-238281,4239
1689063015310,-238281,4239
1689063015312,-238281,4239
1689063015314,-238281,4239
1689063015316,-238281,4239
1689063015318,-238281,4239
1689063015320,-238281,4239
1689063015322,-238281,4239
1689063015326,-238281,4239
1689063015328,-238281,4239
1689063015330,-238281,4239
1689063015333,-238281,4239
1689063015338,-238281,4239
1689063015340,-238281,4239
1689063015342,-238281,4239
1689063015343,-238281,4239
1689063015344,-238281,4239
1689063015346,-238281,4239
1689063015348,-238281,4239
1689063015350,-238281,4239
1689063015351,-238281,4239
1689063015353,-238281,4239
1689063015354,-238281,4239
1689063015355,-238281,4239
1689063015358,-238281,4239
1689063015360,-238281,4239
1689063015362,-238281,4239
1689063015364,-238281,4239
1689063015365,-238281,4239
1689063015367,-238281,4239
1689063015370,-238281,4239
1689063015373,-238281,4239
1689063015375,-238281,4239
1689063015376,-238281,4239
1689063015378,-238281,4239
1689063015380,-238281,4239
1689063015381,-238281,4239
1689063015383,-238281,4239
1689063015384,-238281,4239
1689063015386,-238281,4239
1689063015391,-238281,4239
1689063015393,-238281,4239
1689063015395,-238281,4239
1689063015396,-238281,4239
1689063015397,-238281,4239
1689063015399,-238281,4239
1689063015403,-238281,4239
1689063015405,-238281,4239
1689063015407,-238281,4239
1689063015409,-238281,4239
1689063015410,-238281,4239
1689063015411,-238281,4239
1689063015413,-238281,4239
1689063015414,-238281,4239
1689063015415,-238281,4239
1689063015417,-238281,4239
1689063015418,-238281,4239
1689063015420,-238281,4239
1689063015421,-238281,4239
1689063015424,-238281,4239
1689063015426,-238281,4239
1689063015428,-238281,4239
1689063015430,-238281,4239
1689063015431,-238281,4239
1689063015432,-238281,4239
1689063015434,-238281,4239
1689063015438,-238281,4239
1689063015440,-238281,4239
1689063015442,-238281,4239
1689063015443,-238281,4239
1689063015445,-238281,4239
1689063015446,-238281,4239
1689063015447,-238281,4239
1689063015448,-238281,4239
1689063015450,-238281,4239
1689063015451,-238281,4239
1689063015452,-238281,4239
1689063015453,-238281,4239
1689063015454,-238281,4239
1689063015455,-238281,4239
1689063015458,-238281,4239
1689063015460,-238281,4239
1689063015461,-238281,4239
1689063015462,-238281,4239
1689063015463,-238281,4239
1689063015464,-238281,4239
1689063015465,-238281,4239
1689063015468,-238281,4239
1689063015470,-238281,4239
1689063015472,-238281,4239
1689063015473,-238281,4239
1689063015474,-238281,4239
1689063015475,-238281,4239
1689063015476,-238281,4239
1689063015478,-238281,4239
1689063015479,-238281,4239
1689063015481,-238281,4239
1689063015482,-238281,4239
1689063015483,-238281,4239
1689063015484,-238281,4239
1689063015485,-238281,4239
1689063015486,-238281,4239
1689063015488,-238281,4239
1689063015489,-238281,4239
1689063015491,-238281,4239
1689063015493,-238281,4239
1689063015494,-238281,4239
1689063015495,-238281,4239
1689063015497,-238281,4239
1689063015498,-238281,4239
1689063015501,-238281,4239
1689063015504,-238281,4239
1689063015505,-238281,4239
1689063015508,-238281,4239
1689063015510,-238281,4239
1689063015511,-238281,4239
1689063015513,-238281,4239
1689063015515,-238281,4239
1689063015516,-238281,4239
1689063015520,-238281,4239
1689063015522,-238281,4239
1689063015525,-238281,4239
1689063015527,-238281,4239
1689063015529,-238281,4239
1689063015530,-238281,4239
1689063015532,-238281,4239
1689063015534,-238281,4239
1689063015537,-238281,4239
1689063015539,-238281,4239
1689063015542,-238281,4239
1689063015544,-238281,4239
1689063015546,-238281,4239
1689063015547,-238281,4239
1689063015549,-238281,4239
1689063015551,-238281,4239
1689063015553,-238281,4239
1689063015555,-238281,4239
1689063015557,-238281,4239
1689063015560,-238281,4239
1689063015562,-238281,4239
1689063015564,-238281,4239
1689063015567,-238281,4239
1689063015570,-238281,4239
1689063015572,-238281,4239
1689063015575,-238281,4239
1689063015576,-238281,4239
1689063015578,-238281,4239
1689063015580,-238281,4239
1689063015581,-238281,4239
1689063015582,-238281,4239
1689063015584,-238281,4239
1689063015585,-238281,4239
1689063015586,-238281,4239
1689063015588,-238281,4239
1689063015590,-238281,4239
1689063015591,-238281,4239
1689063015593,-238281,4239
1689063015594,-238281,4239
1689063015595,-238281,4239
1689063015596,-238281,4239
1689063015598,-238281,4239
1689063015599,-238281,4239
1689063015601,-238281,4239
1689063015604,-238281,4239
1689063015606,-238281,4239
1689063015608,-238281,4239
1689063015609,-238281,4239
1689063015610,-238281,4239
1689063015611,-238281,4239
1689063015612,-238281,4239
1689063015613,-238281,4239
1689063015615,-238281,4239
1689063015616,-238281,4239
1689063015618,-238281,4239
1689063015620,-238281,4239
1689063015622,-238281,4239
1689063015626,-238281,4239
1689063015628,-238281,4239
1689063015630,-238281,4239
1689063015631,-238281,4239
1689063015632,-238281,4239
1689063015635,-238281,4239
1689063015640,-238281,4239
1689063015641,-238281,4239
1689063015643,-238281,4239
1689063015644,-238281,4239
1689063015645,-238281,4239
1689063015646,-238281,4239
1689063015648,-238281,4239
1689063015649,-238281,4239
1689063015651,-238281,4239
1689063015653,-238281,4239
1689063015654,-238281,4239
1689063015655,-238281,4239
1689063015660,-238281,4239
1689063015662,-238281,4239
1689063015664,-238281,4239
1689063015665,-238281,4239
1689063015667,-238281,4239
1689063015673,-238281,4239
1689063015675,-238281,4239
1689063015678,-238281,4239
1689063015680,-238281,4239
1689063015681,-238281,4239
1689063015682,-238281,4239
1689063015683,-238281,4239
1689063015684,-238281,4239
1689063015685,-238281,4239
1689063015686,-238281,4239
1689063015688,-238281,4239
1689063015690,-238281,4239
1689063015692,-238281,4239
1689063015693,-238281,4239
1689063015695,-238281,4239
1689063015696,-238281,4239
1689063015698,-238281,4239
1689063015701,-238281,4239
1689063015703,-238281,4239
1689063015706,-238281,4239
1689063015708,-238281,4239
1689063015709,-238281,4239
1689063015711,-238281,4239
1689063015712,-238281,4239
1689063015713,-238281,4239
1689063015715,-238281,4239
1689063015716,-238281,4239
1689063015717,-238281,4239
1689063015719,-238281,4239
1689063015721,-238281,4239
1689063015722,-238281,4239
1689063015725,-238281,4239
1689063015727,-238281,4239
1689063015729,-238281,4239
1689063015731,-238281,4239
1689063015732,-238281,4239
1689063015734,-238281,4239
1689063015737,-238281,4239
1689063015739,-238281,4239
1689063015740,-238281,4239
1689063015742,-238281,4239
1689063015743,-238281,4239
1689063015744,-238281,4239
1689063015745,-238281,4239
1689063015747,-238281,4239
1689063015750,-238281,4239
1689063015752,-238281,4239
1689063015753,-238281,4239
1689063015755,-238281,4239
1689063015759,-238281,4239
1689063015761,-238281,4239
1689063015763,-238281,4239
1689063015764,-238281,4239
1689063015766,-238281,4239
1689063015769,-238281,4239
1689063015772,-238281,4239
1689063015774,-238281,4239
1689063015777,-238281,4239
1689063015779,-238281,4239
1689063015781,-238281,4239
1689063015782,-238281,4239
1689063015784,-238281,4239
1689063015785,-238281,4239
1689063015787,-238281,4239
1689063015788,-238281,4239
1689063015790,-238281,4239
1689063015794,-238281,4239
1689063015795,-238281,4239
1689063015797,-238281,4239
1689063015798,-238281,4239
1689063015802,-238281,4239
1689063015804,-238281,4239
1689063015806,-238281,4239
1689063015808,-238281,4239
1689063015810,-238281,4239
1689063015811,-238281,4239
1689063015812,-238281,4239
1689063015814,-238281,4239
1689063015815,-238281,4239
1689063015816,-238281,4239
1689063015819,-238281,4239
1689063015821,-238281,4239
1689063015823,-238281,4239
1689063015826,-238281,4239
1689063015829,-238281,4239
1689063015831,-238281,4239
1689063015832,-238281,4239
1689063015837,-238281,4239
1689063015839,-238281,4239
1689063015840,-238281,4239
1689063015842,-238281,4239
1689063015843,-238281,4239
1689063015844,-238281,4239
1689063015845,-238281,4239
1689063015846,-238281,4239
1689063015847,-238281,4239
1689063015849,-238281,4239
1689063015851,-238281,4239
1689063015852,-238281,4239
1689063015853,-238281,4239
1689063015854,-238281,4239
1689063015855,-238281,4239
1689063015858,-238281,4239
1689063015860,-238281,4239
1689063015862,-238281,4239
1689063015863,-238281,4239
1689063015865,-238281,4239
1689063015866,-238281,4239
1689063015869,-238281,4239
1689063015872,-238281,4239
1689063015876,-238281,4239
1689063015878,-238281,4239
1689063015880,-238281,4239
1689063015882,-238281,4239
1689063015884,-238281,4239
1689063015886,-238281,4239
1689063015887,-238281,4239
1689063015893,-238281,4239
1689063015895,-238281,4239
1689063015897,-238281,4239
1689063015900,-238281,4239
1689063015902,-238281,4239
1689063015905,-238281,4239
1689063015909,-238281,4239
1689063015911,-238281,4239
1689063015913,-238281,4239
1689063015914,-238281,4239
1689063015916,-238281,4239
1689063015918,-238281,4239
1689063015921,-238281,4239
1689063015926,-238281,4239
1689063015929,-238281,4239
1689063015931,-238281,4239
1689063015933,-238281,4239
1689063015936,-238281,4239
1689063015940,-238281,4239
1689063015942,-238281,4239
1689063015944,-238281,4239
1689063015946,-238281,4239
1689063015948,-238281,4239
1689063015950,-238281,4239
1689063015951,-238281,4239
1689063015952,-238281,4239
1689063015953,-238281,4239
1689063015954,-238281,4239
1689063015955,-238281,4239
1689063015956,-238281,4239
1689063015960,-238281,4239
1689063015962,-238281,4239
1689063015963,-238281,4239
1689063015964,-238281,4239
1689063015966,-238281,4239
1689063015967,-238281,4239
1689063015971,-238281,4239
1689063015976,-238281,4239
1689063015978,-238281,4239
1689063015980,-238281,4239
1689063015981,-238281,4239
1689063015982,-238281,4239
1689063015984,-238281,4239
1689063015985,-238281,4239
1689063015986,-238281,4239
1689063015988,-238281,4239
1689063015989,-238281,4239
1689063015992,-238281,4239
1689063015993,-238281,4239
1689063015995,-238281,4239
1689063015996,-238281,4239
1689063015997,-238281,4239
1689063015998,-238281,4239
1689063016000,-238281,4239
1689063016002,-238281,4239
1689063016004,-238281,4239
1689063016006,-238281,4239
1689063016007,-238281,4239
1689063016008,-238281,4239
1689063016009,-238281,4239
1689063016011,-238281,4239
1689063016012,-238281,4239
1689063016014,-238281,4239
1689063016015,-238281,4239
1689063016016,-238281,4239
1689063016018,-238281,4239
1689063016019,-238281,4239
1689063016020,-238281,4239
1689063016022,-238281,4239
1689063016023,-238281,4239
1689063016025,-238281,4239
1689063016028,-238281,4239
1689063016030,-238281,4239
1689063016031,-238281,4239
1689063016033,-238281,4239
1689063016038,-238281,4239
1689063016040,-238281,4239
1689063016041,-238281,4239
1689063016043,-238281,4239
1689063016044,-238281,4239
1689063016045,-238281,4239
1689063016049,-238281,4239
1689063016051,-238281,4239
1689063016053,-238281,4239
1689063016054,-238281,4239
1689063016055,-238281,4239
1689063016059,-238281,4239
1689063016062,-238281,4239
1689063016063,-238281,4239
1689063016065,-238281,4239
1689063016066,-238281,4239
1689063016070,-238281,4239
1689063016073,-238281,4239
1689063016076,-238281,4239
1689063016078,-238281,4239
1689063016080,-238281,4239
1689063016082,-238281,4239
1689063016084,-238281,4239
1689063016086,-238281,4239
1689063016088,-238281,4239
1689063016090,-238281,4239
1689063016093,-238281,4239
1689063016095,-238281,4239
1689063016097,-238281,4239
1689063016099,-238281,4239
1689063016103,-238281,4239
1689063016108,-238281,4239
1689063016112,-238281,4239
1689063016115,-238281,4239
1689063016116,-238281,4239
1689063016118,-238281,4239
1689063016121,-238281,4239
1689063016123,-238281,4239
1689063016126,-238281,4239
1689063016129,-238281,4239
1689063016130,-238281,4239
1689063016131,-238281,4239
1689063016132,-238281,4239
1689063016135,-238281,4239
1689063016138,-238281,4239
1689063016140,-238281,4239
1689063016141,-238281,4239
1689063016142,-238281,4239
1689063016143,-238281,4239
1689063016144,-238281,4239
1689063016145,-238281,4239
1689063016146,-238281,4239
1689063016148,-238281,4239
1689063016150,-238281,4239
1689063016152,-238281,4239
1689063016153,-238281,4239
1689063016154,-238281,4239
1689063016155,-238281,4239
1689063016159,-238281,4239
1689063016161,-238281,4239
1689063016162,-238281,4239
1689063016163,-238281,4239
1689063016165,-238281,4239
1689063016166,-238281,4239
1689063016169,-238281,4239
1689063016172,-238281,4239
1689063016174,-238281,4239
1689063016175,-238281,4239
1689063016176,-238281,4239
1689063016178,-238281,4239
1689063016179,-238281,4239
1689063016180,-238281,4239
1689063016181,-238281,4239
1689063016182,-238281,4239
1689063016183,-238281,4239
1689063016184,-238281,4239
1689063016185,-238281,4239
1689063016187,-238281,4239
1689063016189,-238281,4239
1689063016190,-238281,4239
1689063016192,-238281,4239
1689063016193,-238281,4239
1689063016195,-238281,4239
1689063016196,-238281,4239
1689063016197,-238281,4239
1689063016199,-238281,4239
1689063016202,-238281,4239
1689063016204,-238281,4239
1689063016207,-238281,4239
1689063016208,-238281,4239
1689063016210,-238281,4239
1689063016211,-238281,4239
1689063016212,-238281,4239
1689063016213,-238281,4239
1689063016214,-238281,4239
1689063016215,-238281,4239
1689063016217,-238281,4239
1689063016218,-238281,4239
1689063016219,-238281,4239
1689063016220,-238281,4239
1689063016221,-238281,4239
1689063016226,-238281,4239
1689063016229,-238281,4239
1689063016231,-238281,4239
1689063016232,-238281,4239
1689063016233,-238281,4239
1689063016235,-238281,4239
1689063016240,-238281,4239
1689063016242,-238281,4239
1689063016244,-238281,4239
1689063016246,-238281,4239
1689063016248,-238281,4239
1689063016249,-238281,4239
1689063016251,-238281,4239
1689063016252,-238281,4239
1689063016254,-238281,4239
1689063016255,-238281,4239
1689063016256,-238281,4239
1689063016259,-238281,4239
1689063016261,-238281,4239
1689063016262,-238281,4239
1689063016264,-238281,4239
1689063016265,-238281,4239
1689063016267,-238281,4239
1689063016271,-238281,4239
1689063016273,-238281,4239
1689063016275,-238281,4239
1689063016276,-238281,4239
1689063016277,-238281,4239
1689063016279,-238281,4239
1689063016280,-238281,4239
1689063016281,-238281,4239
1689063016282,-238281,4239
1689063016283,-238281,4239
1689063016284,-238281,4239
1689063016285,-238281,4239
1689063016287,-238281,4239
1689063016289,-238281,4239
1689063016293,-238281,4239
1689063016294,-238281,4239
1689063016296,-238281,4239
1689063016297,-238281,4239
1689063016298,-238281,4239
1689063016299,-238281,4239
1689063016304,-238281,4239
1689063016306,-238281,4239
1689063016308,-238281,4239
1689063016310,-238281,4239
1689063016310,-238281,4239
1689063016311,-238281,4239
1689063016312,-238281,4239
1689063016313,-238281,4239
1689063016314,-238281,4239
1689063016315,-238281,4239
1689063016316,-238281,4239
1689063016319,-238281,4239
1689063016321,-238281,4239
1689063016322,-238281,4239
1689063016323,-238281,4239
1689063016326,-238281,4239
1689063016328,-238281,4239
1689063016329,-238281,4239
1689063016330,-238281,4239
1689063016332,-238281,4239
1689063016336,-238281,4239
1689063016339,-238281,4239
1689063016340,-238281,4239
1689063016341,-238281,4239
1689063016343,-238281,4239
1689063016344,-238281,4239
1689063016345,-238281,4239
1689063016348,-238281,4239
1689063016351,-238281,4239
1689063016353,-238281,4239
1689063016355,-238281,4239
1689063016358,-238281,4239
1689063016362,-238281,4239
1689063016364,-238281,4239
1689063016365,-238281,4239
1689063016370,-238281,4239
1689063016375,-238281,4239
1689063016379,-238281,4239
1689063016381,-238281,4239
1689063016382,-238281,4239
1689063016384,-238281,4239
1689063016386,-238281,4239
1689063016388,-238281,4239
1689063016390,-238281,4239
1689063016392,-238281,4239
1689063016394,-238281,4239
1689063016396,-238281,4239
1689063016398,-238281,4239
1689063016399,-238281,4239
1689063016404,-238281,4239
1689063016407,-238281,4239
1689063016409,-238281,4239
1689063016411,-238281,4239
1689063016412,-238281,4239
1689063016414,-238281,4239
1689063016416,-238281,4239
1689063016418,-238281,4239
1689063016419,-238281,4239
1689063016421,-238281,4239
1689063016422,-238281,4239
1689063016424,-238281,4239
1689063016425,-238281,4239
1689063016428,-238281,4239
1689063016429,-238281,4239
1689063016430,-238281,4239
1689063016431,-238281,4239
1689063016432,-238281,4239
1689063016435,-238281,4239
1689063016438,-238281,4239
1689063016440,-238281,4239
1689063016441,-238281,4239
1689063016442,-238281,4239
1689063016443,-238281,4239
1689063016444,-238281,4239
1689063016445,-238281,4239
1689063016446,-238281,4239
1689063016447,-238281,4239
1689063016449,-238281,4239
1689063016451,-238281,4239
1689063016452,-238281,4239
1689063016453,-238281,4239
1689063016454,-238281,4239
1689063016455,-238281,4239
1689063016456,-238281,4239
1689063016460,-238281,4239
1689063016462,-238281,4239
1689063016463,-238281,4239
1689063016464,-238281,4239
1689063016465,-238281,4239
1689063016466,-238281,4239
1689063016471,-238281,4239
1689063016473,-238281,4239
1689063016475,-238281,4239
1689063016476,-238281,4239
1689063016478,-238281,4239
1689063016479,-238281,4239
1689063016481,-238281,4239
1689063016482,-238281,4239
1689063016484,-238281,4239
1689063016485,-238281,4239
1689063016486,-238281,4239
1689063016488,-238281,4239
1689063016489,-238281,4239
1689063016492,-238281,4239
1689063016494,-238281,4239
1689063016495,-238281,4239
1689063016497,-238281,4239
1689063016499,-238281,4239
1689063016500,-238281,4239
1689063016502,-238281,4239
1689063016505,-238281,4239
1689063016507,-238281,4239
1689063016510,-238281,4239
1689063016511,-238281,4239
1689063016512,-238281,4239
1689063016513,-238281,4239
1689063016514,-238281,4239
1689063016516,-238281,4239
1689063016517,-238281,4239
1689063016518,-238281,4239
1689063016520,-238281,4239
1689063016521,-238281,4239
1689063016522,-238281,4239
1689063016523,-238281,4239
1689063016524,-238281,4239
1689063016526,-294433,4239
1689063016528,-294433,4239
1689063016529,-294433,4239
1689063016531,-294433,4239
1689063016532,-294433,4239
1689063016533,-294433,4239
1689063016535,-294433,4239
1689063016538,-294433,4239
1689063016540,-294433,4239
1689063016541,-294433,4239
1689063016542,-294433,4239
1689063016543,-294433,4239
1689063016544,-294433,4239
1689063016545,-294433,4239
1689063016546,-294433,4239
1689063016547,-294433,4239
1689063016549,-294433,4239
1689063016550,-294433,4239
1689063016552,-294433,4239
1689063016553,-294433,4239
1689063016554,-294433,4239
1689063016555,-294433,4239
1689063016556,-294433,4239
1689063016557,-294433,4239
1689063016560,-294433,4239
1689063016562,-294433,4239
1689063016563,-294433,4239
1689063016564,-294433,4239
1689063016565,-294433,4239
1689063016567,-294433,4239
1689063016570,-294433,4239
1689063016572,-294433,4239
1689063016573,-294433,4239
1689063016575,-294433,4239
1689063016576,-294433,4239
1689063016577,-294433,4239
1689063016578,-294433,4239
1689063016580,-294433,4239
1689063016582,-294433,4239
1689063016583,-294433,4239
1689063016584,-294433,4239
1689063016585,-294433,4239
1689063016586,-294433,4239
1689063016588,-294433,4239
1689063016589,-294433,4239
1689063016593,-294433,4239
1689063016595,-294433,4239
1689063016599,-294433,4239
1689063016601,-294433,4239
1689063016604,-294433,4239
1689063016607,-294433,4239
1689063016609,-294433,4239
1689063016611,-294433,4239
1689063016613,-294433,4239
1689063016614,-294433,4239
1689063016616,-294433,4239
1689063016617,-294433,4239
1689063016626,-294433,4239
1689063016629,-294433,4239
1689063016630,-294433,4239
1689063016631,-294433,4239
1689063016632,-294433,4239
1689063016633,-294433,4239
1689063016636,-294433,4239
1689063016641,-294433,4239
1689063016643,-294433,4239
1689063016645,-294433,4239
1689063016646,-294433,4239
1689063016647,-294433,4239
1689063016649,-294433,4239
1689063016652,-294433,4239
1689063016660,-294433,4239
1689063016662,-294433,4239
1689063016664,-294433,4239
1689063016666,-294433,4239
1689063016669,-294433,4239
1689063016673,-294433,4239
1689063016676,-294433,4239
1689063016678,-294433,4239
1689063016679,-294433,4239
1689063016681,-294433,4239
1689063016683,-294433,4239
1689063016684,-294433,4239
1689063016686,-294433,4239
1689063016688,-294433,4239
1689063016693,-294433,4239
1689063016698,-294433,4239
1689063016700,-294433,4239
1689063016704,-294433,4239
1689063016708,-294433,4239
1689063016710,-294433,4239
1689063016711,-294433,4239
1689063016712,-294433,4239
1689063016713,-294433,4239
1689063016714,-294433,4239
1689063016716,-294433,4239
1689063016717,-294433,4239
1689063016720,-294433,4239
1689063016721,-294433,4239
1689063016723,-294433,4239
1689063016724,-294433,4239
1689063016725,-294433,4239
1689063016727,-294433,4239
1689063016730,-294433,4239
1689063016731,-294433,4239
1689063016732,-294433,4239
1689063016733,-294433,4239
1689063016736,-294433,4239
1689063016738,-294433,4239
1689063016740,-294433,4239
1689063016741,-294433,4239
1689063016743,-294433,4239
1689063016744,-294433,4239
1689063016745,-294433,4239
1689063016746,-294433,4239
1689063016747,-294433,4239
1689063016748,-294433,4239
1689063016749,-294433,4239
1689063016750,-294433,4239
1689063016751,-294433,4239
1689063016753,-294433,4239
1689063016754,-294433,4239
1689063016755,-294433,4239
1689063016756,-294433,4239
1689063016758,-294433,4239
1689063016760,-294433,4239
1689063016761,-294433,4239
1689063016762,-294433,4239
1689063016763,-294433,4239
1689063016764,-294433,4239
1689063016765,-294433,4239
1689063016766,-294433,4239
1689063016769,-294433,4239
1689063016773,-294433,4239
1689063016774,-294433,4239
1689063016776,-294433,4239
1689063016778,-294433,4239
1689063016779,-294433,4239
1689063016781,-294433,4239
1689063016783,-294433,4239
1689063016785,-294433,4239
1689063016787,-294433,4239
1689063016789,-294433,4239
1689063016792,-294433,4239
1689063016795,-294433,4239
1689063016796,-294433,4239
1689063016799,-294433,4239
1689063016801,-294433,4239
1689063016803,-294433,4239
1689063016806,-294433,4239
1689063016808,-294433,4239
1689063016810,-294433,4239
1689063016812,-294433,4239
1689063016813,-294433,4239
1689063016815,-294433,4239
1689063016816,-294433,4239
1689063016820,-294433,4239
1689063016822,-294433,4239
1689063016823,-294433,4239
1689063016825,-294433,4239
1689063016828,-294433,4239
1689063016830,-294433,4239
1689063016831,-294433,4239
1689063016832,-294433,4239
1689063016833,-294433,4239
1689063016835,-294433,4239
1689063016839,-294433,4239
1689063016841,-294433,4239
1689063016844,-294433,4239
1689063016847,-294433,4239
1689063016849,-294433,4239
1689063016851,-294433,4239
1689063016852,-294433,4239
1689063016853,-294433,4239
1689063016854,-294433,4239
1689063016855,-294433,4239
1689063016856,-294433,4239
1689063016859,-294433,4239
1689063016861,-294433,4239
1689063016863,-294433,4239
1689063016864,-294433,4239
1689063016866,-294433,4239
1689063016869,-294433,4239
1689063016871,-294433,4239
1689063016873,-294433,4239
1689063016875,-294433,4239
1689063016876,-294433,4239
1689063016877,-294433,4239
1689063016878,-294433,4239
1689063016880,-294433,4239
1689063016881,-294433,4239
1689063016883,-294433,4239
1689063016884,-294433,4239
1689063016886,-294433,4239
1689063016888,-294433,4239
1689063016889,-294433,4239
1689063016895,-294433,4239
1689063016897,-294433,4239
1689063016899,-294433,4239
1689063016901,-294433,4239
1689063016906,-294433,4239
1689063016908,-294433,4239
1689063016910,-294433,4239
1689063016912,-294433,4239
1689063016914,-294433,4239
1689063016915,-294433,4239
1689063016917,-294433,4239
1689063016920,-294433,4239
1689063016922,-294433,4239
1689063016927,-294433,4239
1689063016930,-294433,4239
1689063016933,-294433,4239
1689063016936,-294433,4239
1689063016943,-294433,4239
1689063016946,-294433,4239
1689063016948,-294433,4239
1689063016950,-294433,4239
1689063016952,-294433,4239
1689063016954,-294433,4239
1689063016956,-294433,4239
1689063016958,-294433,4239
1689063016960,-294433,4239
1689063016962,-294433,4239
1689063016964,-294433,4239
1689063016965,-294433,4239
1689063016967,-294433,4239
1689063016969,-294433,4239
1689063016972,-294433,4239
1689063016974,-294433,4239
1689063016975,-294433,4239
1689063016976,-294433,4239
1689063016978,-294433,4239
1689063016979,-294433,4239
1689063016980,-294433,4239
1689063016981,-294433,4239
1689063016983,-294433,4239
1689063016984,-294433,4239
1689063016985,-294433,4239
1689063016986,-294433,4239
1689063016987,-294433,4239
1689063016989,-294433,4239
1689063016990,-294433,4239
1689063016991,-294433,4239
1689063016993,-294433,4239
1689063016995,-294433,4239
1689063016996,-294433,4239
1689063016998,-294433,4239
1689063016999,-294433,4239
1689063017001,-294433,4239
1689063017006,-294433,4239
1689063017009,-294433,4239
1689063017010,-294433,4239
1689063017011,-294433,4239
1689063017012,-294433,4239
1689063017013,-294433,4239
1689063017014,-294433,4239
1689063017015,-294433,4239
1689063017016,-294433,4239
1689063017017,-294433,4239
1689063017019,-294433,4239
1689063017020,-294433,4239
1689063017021,-294433,4239
1689063017022,-294433,4239
1689063017023,-294433,4239
1689063017026,-294433,4239
1689063017028,-294433,4239
1689063017029,-294433,4239
1689063017031,-294433,4239
1689063017032,-294433,4239
1689063017035,-294433,4239
1689063017039,-294433,4239
1689063017041,-294433,4239
1689063017042,-294433,4239
1689063017043,-294433,4239
1689063017045,-294433,4239
1689063017046,-294433,4239
1689063017048,-294433,4239
1689063017049,-294433,4239
1689063017051,-294433,4239
1689063017052,-294433,4239
1689063017054,-294433,4239
1689063017055,-294433,4239
1689063017056,-294433,4239
1689063017059,-294433,4239
1689063017061,-294433,4239
1689063017062,-294433,4239
1689063017064,-294433,4239
1689063017065,-294433,4239
1689063017067,-294433,4239
1689063017071,-294433,4239
1689063017073,-294433,4239
1689063017075,-294433,4239
1689063017077,-294433,4239
1689063017079,-294433,4239
1689063017080,-294433,4239
1689063017081,-294433,4239
1689063017083,-294433,4239
1689063017084,-294433,4239
1689063017085,-294433,4239
1689063017087,-294433,4239
1689063017089,-294433,4239
1689063017094,-294433,4239
1689063017096,-294433,4239
1689063017098,-294433,4239
1689063017102,-294433,4239
1689063017105,-294433,4239
1689063017108,-294433,4239
1689063017110,-294433,4239
1689063017111,-294433,4239
1689063017112,-294433,4239
1689063017114,-294433,4239
1689063017115,-294433,4239
1689063017116,-294433,4239
1689063017118,-294433,4239
1689063017120,-294433,4239
1689063017122,-294433,4239
1689063017123,-294433,4239
1689063017125,-294433,4239
1689063017127,-294433,4239
1689063017129,-294433,4239
1689063017133,-294433,4239
1689063017137,-294433,4239
1689063017140,-294433,4239
1689063017142,-294433,4239
1689063017144,-294433,4239
1689063017145,-294433,4239
1689063017146,-294433,4239
1689063017149,-294433,4239
1689063017153,-294433,4239
1689063017155,-294433,4239
1689063017156,-294433,4239
1689063017161,-294433,4239
1689063017163,-294433,4239
1689063017165,-294433,4239
1689063017167,-294433,4239
1689063017170,-294433,4239
1689063017175,-294433,4239
1689063017178,-294433,4239
1689063017180,-294433,4239
1689063017182,-294433,4239
1689063017184,-294433,4239
1689063017185,-294433,4239
1689063017187,-294433,4239
1689063017189,-294433,4239
1689063017190,-294433,4239
1689063017194,-294433,4239
1689063017196,-294433,4239
1689063017197,-294433,4239
1689063017198,-294433,4239
1689063017200,-294433,4239
1689063017202,-294433,4239
1689063017205,-294433,4239
1689063017207,-294433,4239
1689063017209,-294433,4239
1689063017210,-294433,4239
1689063017212,-294433,4239
1689063017213,-294433,4239
1689063017214,-294433,4239
1689063017216,-294433,4239
1689063017218,-294433,4239
1689063017220,-294433,4239
1689063017221,-294433,4239
1689063017222,-294433,4239
1689063017223,-294433,4239
1689063017225,-294433,4239
1689063017226,-294433,4239
1689063017229,-294433,4239
1689063017230,-294433,4239
1689063017231,-294433,4239
1689063017232,-294433,4239
1689063017233,-294433,4239
1689063017235,-294433,4239
1689063017237,-294433,4239
1689063017239,-294433,4239
1689063017245,-294433,4239
1689063017248,-294433,4239
1689063017250,-294433,4239
1689063017251,-294433,4239
1689063017252,-294433,4239
1689063017253,-294433,4239
1689063017254,-294433,4239
1689063017255,-294433,4239
1689063017256,-294433,4239
1689063017260,-294433,4239
1689063017262,-294433,4239
1689063017263,-294433,4239
1689063017264,-294433,4239
1689063017265,-294433,4239
1689063017268,-294433,4239
1689063017270,-294433,4239
1689063017272,-294433,4239
1689063017273,-294433,4239
1689063017275,-294433,4239
1689063017276,-294433,4239
1689063017277,-294433,4239
1689063017279,-294433,4239
1689063017280,-294433,4239
1689063017281,-294433,4239
1689063017283,-294433,4239
1689063017284,-294433,4239
1689063017285,-294433,4239
1689063017286,-294433,4239
1689063017288,-294433,4239
1689063017289,-294433,4239
1689063017293,-294433,4239
1689063017295,-294433,4239
1689063017296,-294433,4239
1689063017298,-294433,4239
1689063017299,-294433,4239
1689063017302,-294433,4239
1689063017306,-294433,4239
1689063017309,-294433,4239
1689063017311,-294433,4239
1689063017312,-294433,4239
1689063017314,-294433,4239
1689063017316,-294433,4239
1689063017318,-294433,4239
1689063017321,-294433,4239
1689063017322,-294433,4239
1689063017324,-294433,4239
1689063017327,-294433,4239
1689063017329,-294433,4239
1689063017331,-294433,4239
1689063017334,-294433,4239
1689063017337,-294433,4239
1689063017340,-294433,4239
1689063017342,-294433,4239
1689063017343,-294433,4239
1689063017344,-294433,4239
1689063017344,-294433,4239
1689063017346,-294433,4239
1689063017347,-294433,4239
1689063017349,-294433,4239
1689063017350,-294433,4239
1689063017352,-294433,4239
1689063017353,-294433,4239
1689063017354,-294433,4239
1689063017355,-294433,4239
1689063017356,-294433,4239
1689063017357,-294433,4239
1689063017360,-294433,4239
1689063017362,-294433,4239
1689063017364,-294433,4239
1689063017365,-294433,4239
1689063017366,-294433,4239
1689063017369,-294433,4239
1689063017372,-294433,4239
1689063017374,-294433,4239
1689063017375,-294433,4239
1689063017377,-294433,4239
1689063017378,-294433,4239
1689063017380,-294433,4239
1689063017381,-294433,4239
1689063017382,-294433,4239
1689063017384,-294433,4239
1689063017385,-294433,4239
1689063017387,-294433,4239
1689063017390,-294433,4239
1689063017393,-294433,4239
1689063017395,-294433,4239
1689063017396,-294433,4239
1689063017398,-294433,4239
1689063017401,-294433,4239
1689063017404,-294433,4239
1689063017409,-294433,4239
1689063017411,-294433,4239
1689063017413,-294433,4239
1689063017415,-294433,4239
1689063017416,-294433,4239
1689063017418,-294433,4239
1689063017419,-294433,4239
1689063017420,-294433,4239
1689063017422,-294433,4239
1689063017423,-294433,4239
1689063017428,-294433,4239
1689063017430,-294433,4239
1689063017432,-294433,4239
1689063017434,-294433,4239
1689063017439,-294433,4239
1689063017441,-294433,4239
1689063017443,-294433,4239
1689063017445,-294433,4239
1689063017447,-294433,4239
1689063017449,-294433,4239
1689063017451,-294433,4239
1689063017453,-294433,4239
1689063017454,-294433,4239
1689063017456,-294433,4239
1689063017462,-294433,4239
1689063017464,-294433,4239
1689063017466,-294433,4239
1689063017471,-294433,4239
1689063017474,-294433,4239
1689063017475,-294433,4239
1689063017478,-294433,4239
1689063017480,-294433,4239
1689063017482,-294433,4239
1689063017484,-294433,4239
1689063017486,-294433,4239
1689063017490,-294433,4239
1689063017495,-294433,4239
1689063017497,-294433,4239
1689063017498,-294433,4239
1689063017500,-294433,4239
1689063017507,-294433,4239
1689063017511,-294433,4239
1689063017514,-294433,4239
1689063017515,-294433,4239
1689063017518,-294433,4239
1689063017520,-294433,4239
1689063017522,-294433,4239
1689063017523,-294433,4239
1689063017525,-294433,4239
1689063017529,-294433,4239
1689063017530,-294433,4239
1689063017532,-294433,4239
1689063017533,-294433,4239
1689063017535,-294433,4239
1689063017538,-294433,4239
1689063017540,-294433,4239
1689063017542,-294433,4239
1689063017543,-294433,4239
1689063017544,-294433,4239
1689063017546,-294433,4239
1689063017548,-294433,4239
1689063017549,-294433,4239
1689063017551,-294433,4239
1689063017552,-294433,4239
1689063017553,-294433,4239
1689063017554,-294433,4239
1689063017555,-294433,4239
1689063017556,-294433,4239
1689063017557,-294433,4239
1689063017558,-294433,4239
1689063017560,-294433,4239
1689063017561,-294433,4239
1689063017562,-294433,4239
1689063017563,-294433,4239
1689063017564,-294433,4239
1689063017565,-294433,4239
1689063017567,-294433,4239
1689063017569,-294433,4239
1689063017572,-294433,4239
1689063017574,-294433,4239
1689063017575,-294433,4239
1689063017576,-294433,4239
1689063017578,-294433,4239
1689063017579,-294433,4239
1689063017580,-294433,4239
1689063017581,-294433,4239
1689063017583,-294433,4239
1689063017584,-294433,4239
1689063017585,-294433,4239
1689063017586,-294433,4239
1689063017589,-294433,4239
1689063017591,-294433,4239
1689063017593,-294433,4239
1689063017596,-294433,4239
1689063017598,-294433,4239
1689063017600,-294433,4239
1689063017603,-294433,4239
1689063017606,-294433,4239
1689063017608,-294433,4239
1689063017610,-294433,4239
1689063017611,-294433,4239
1689063017612,-294433,4239
1689063017614,-294433,4239
1689063017615,-294433,4239
1689063017616,-294433,4239
1689063017618,-294433,4239
1689063017619,-294433,4239
1689063017620,-294433,4239
1689063017622,-294433,4239
1689063017623,-294433,4239
1689063017624,-294433,4239
1689063017627,-294433,4239
1689063017629,-294433,4239
1689063017631,-294433,4239
1689063017633,-294433,4239
1689063017635,-294433,4239
1689063017638,-294433,4239
1689063017640,-294433,4239
1689063017642,-294433,4239
1689063017644,-294433,4239
1689063017645,-294433,4239
1689063017647,-294433,4239
1689063017649,-294433,4239
1689063017651,-294433,4239
1689063017653,-294433,4239
1689063017657,-294433,4239
1689063017661,-294433,4239
1689063017663,-294433,4239
1689063017664,-294433,4239
1689063017665,-294433,4239
1689063017669,-294433,4239
1689063017672,-294433,4239
1689063017673,-294433,4239
1689063017675,-294433,4239
1689063017676,-294433,4239
1689063017678,-294433,4239
1689063017680,-294433,4239
1689063017681,-294433,4239
1689063017683,-294433,4239
1689063017685,-294433,4239
1689063017687,-294433,4239
1689063017689,-294433,4239
1689063017690,-294433,4239
1689063017692,-294433,4239
1689063017693,-294433,4239
1689063017695,-294433,4239
1689063017696,-294433,4239
1689063017701,-294433,4239
1689063017706,-294433,4239
1689063017708,-294433,4239
1689063017709,-294433,4239
1689063017710,-294433,4239
1689063017711,-294433,4239
1689063017712,-294433,4239
1689063017713,-294433,4239
1689063017714,-294433,4239
1689063017715,-294433,4239
1689063017716,-294433,4239
1689063017718,-294433,4239
1689063017721,-294433,4239
1689063017723,-294433,4239
1689063017725,-294433,4239
1689063017726,-294433,4239
1689063017728,-294433,4239
1689063017729,-294433,4239
1689063017730,-294433,4239
1689063017732,-294433,4239
1689063017733,-294433,4239
1689063017734,-294433,4239
1689063017736,-294433,4239
1689063017738,-294433,4239
1689063017740,-294433,4239
1689063017742,-294433,4239
1689063017743,-294433,4239
1689063017744,-294433,4239
1689063017745,-294433,4239
1689063017746,-294433,4239
1689063017747,-294433,4239
1689063017748,-294433,4239
1689063017750,-294433,4239
1689063017752,-294433,4239
1689063017754,-294433,4239
1689063017756,-294433,4239
1689063017760,-294433,4239
1689063017762,-294433,4239
1689063017763,-294433,4239
1689063017764,-294433,4239
1689063017766,-294433,4239
1689063017768,-294433,4239
1689063017770,-294433,4239
1689063017771,-294433,4239
1689063017772,-294433,4239
1689063017773,-294433,4239
1689063017774,-294433,4239
1689063017775,-294433,4239
1689063017776,-294433,4239
1689063017778,-294433,4239
1689063017779,-294433,4239
1689063017780,-294433,4239
1689063017781,-294433,4239
1689063017782,-294433,4239
1689063017784,-294433,4239
1689063017785,-294433,4239
1689063017787,-294433,4239
1689063017788,-294433,4239
1689063017790,-294433,4239
1689063017791,-294433,4239
1689063017794,-294433,4239
1689063017796,-294433,4239
1689063017798,-294433,4239
1689063017799,-294433,4239
1689063017801,-294433,4239
1689063017804,-294433,4239
1689063017806,-294433,4239
1689063017808,-294433,4239
1689063017809,-294433,4239
1689063017811,-294433,4239
1689063017812,-294433,4239
1689063017813,-294433,4239
1689063017814,-294433,4239
1689063017816,-294433,4239
1689063017817,-294433,4239
1689063017819,-294433,4239
1689063017821,-294433,4239
1689063017823,-294433,4239
1689063017828,-294433,4239
1689063017830,-294433,4239
1689063017834,-294433,4239
1689063017841,-294433,4239
1689063017844,-294433,4239
1689063017845,-294433,4239
1689063017847,-294433,4239
1689063017849,-294433,4239
1689063017850,-294433,4239
1689063017852,-294433,4239
1689063017855,-294433,4239
1689063017861,-294433,4239
1689063017863,-294433,4239
1689063017864,-294433,4239
1689063017865,-294433,4239
1689063017867,-294433,4239
1689063017875,-294433,4239
1689063017881,-294433,4239
1689063017885,-294433,4239
1689063017888,-294433,4239
1689063017891,-294433,4239
1689063017893,-294433,4239
1689063017895,-294433,4239
1689063017897,-294433,4239
1689063017901,-294433,4239
1689063017907,-294433,4239
1689063017916,-294433,4239
1689063017920,-294433,4239
1689063017923,-294433,4239
1689063017925,-294433,4239
1689063017927,-294433,4239
1689063017931,-294433,4239
1689063017936,-294433,4239
1689063017939,-294433,4239
1689063017943,-294433,4239
1689063017945,-294433,4239
1689063017947,-294433,4239
1689063017949,-294433,4239
1689063017951,-294433,4239
1689063017954,-294433,4239
1689063017956,-294433,4239
1689063017958,-294433,4239
1689063017960,-294433,4239
1689063017962,-294433,4239
1689063017965,-294433,4239
1689063017967,-294433,4239
1689063017973,-294433,4239
1689063017975,-294433,4239
1689063017976,-294433,4239
1689063017978,-294433,4239
1689063017980,-294433,4239
1689063017983,-294433,4239
1689063017985,-294433,4239
1689063017987,-294433,4239
1689063017989,-294433,4239
1689063017992,-294433,4239
1689063017995,-294433,4239
1689063017996,-294433,4239
1689063017998,-294433,4239
1689063017999,-294433,4239
1689063018002,-294433,4239
1689063018004,-315429,4239
1689063018006,-315429,4239
1689063018008,-315429,4239
1689063018009,-315429,4239
1689063018010,-315429,4239
1689063018011,-315429,4239
1689063018012,-315429,4239
1689063018013,-315429,4239
1689063018014,-315429,4239
1689063018015,-315429,4239
1689063018016,-315429,4239
1689063018018,-315429,4239
1689063018020,-315429,4239
1689063018022,-315429,4239
1689063018023,-315429,4239
1689063018024,-315429,4239
1689063018025,-315429,4239
1689063018028,-315429,4239
1689063018029,-315429,4239
1689063018030,-315429,4239
1689063018032,-315429,4239
1689063018033,-315429,4239
1689063018036,-315429,4239
1689063018038,-315429,4239
1689063018039,-315429,4239
1689063018040,-315429,4239
1689063018041,-315429,4239
1689063018042,-315429,4239
1689063018043,-315429,4239
1689063018044,-315429,4239
1689063018044,-315429,4239
1689063018045,-315429,4239
1689063018046,-315429,4239
1689063018047,-315429,4239
1689063018048,-315429,4239
1689063018050,-315429,4239
1689063018051,-315429,4239
1689063018053,-315429,4239
1689063018054,-315429,4239
1689063018056,-315429,4239
1689063018057,-315429,4239
1689063018058,-315429,4239
1689063018061,-315429,4239
1689063018063,-315429,4239
1689063018064,-315429,4239
1689063018066,-315429,4239
1689063018068,-315429,4239
1689063018071,-315429,4239
1689063018073,-315429,4239
1689063018075,-315429,4239
1689063018076,-315429,4239
1689063018079,-315429,4239
1689063018080,-315429,4239
1689063018082,-315429,4239
1689063018085,-315429,4239
1689063018088,-315429,4239
1689063018091,-315429,4239
1689063018094,-315429,4239
1689063018097,-315429,4239
1689063018099,-315429,4239
1689063018101,-315429,4239
1689063018103,-315429,4239
1689063018110,-315429,4239
1689063018112,-315429,4239
1689063018113,-315429,4239
1689063018115,-315429,4239
1689063018117,-315429,4239
1689063018121,-315429,4239
1689063018124,-315429,4239
1689063018127,-315429,4239
1689063018129,-315429,4239
1689063018131,-315429,4239
1689063018132,-315429,4239
1689063018134,-315429,4239
1689063018135,-315429,4239
1689063018136,-315429,4239
1689063018137,-315429,4239
1689063018140,-315429,4239
1689063018141,-315429,4239
1689063018143,-315429,4239
1689063018144,-315429,4239
1689063018145,-315429,4239
1689063018146,-315429,4239
1689063018148,-315429,4239
1689063018149,-315429,4239
1689063018151,-315429,4239
1689063018154,-315429,4239
1689063018156,-315429,4239
1689063018157,-315429,4239
1689063018161,-315429,4239
1689063018168,-315429,4239
1689063018171,-315429,4239
1689063018173,-315429,4239
1689063018174,-315429,4239
1689063018175,-315429,4239
1689063018176,-315429,4239
1689063018177,-315429,4239
1689063018178,-315429,4239
1689063018179,-315429,4239
1689063018179,-315429,4239
1689063018180,-315429,4239
1689063018181,-315429,4239
1689063018182,-315429,4239
1689063018184,-315429,4239
1689063018185,-315429,4239
1689063018187,-315429,4239
1689063018188,-315429,4239
1689063018189,-315429,4239
1689063018190,-315429,4239
1689063018191,-315429,4239
1689063018192,-315429,4239
1689063018193,-315429,4239
1689063018195,-315429,4239
1689063018196,-315429,4239
1689063018197,-315429,4239
1689063018198,-315429,4239
1689063018199,-315429,4239
1689063018201,-315429,4239
1689063018203,-315429,4239
1689063018205,-315429,4239
1689063018206,-315429,4239
1689063018208,-315429,4239
1689063018210,-315429,4239
1689063018212,-315429,4239
1689063018214,-315429,4239
1689063018215,-315429,4239
1689063018217,-315429,4239
1689063018221,-315429,4239
1689063018223,-315429,4239
1689063018229,-315429,4239
1689063018231,-315429,4239
1689063018233,-315429,4239
1689063018235,-315429,4239
1689063018239,-315429,4239
1689063018241,-315429,4239
1689063018243,-315429,4239
1689063018244,-315429,4239
1689063018245,-315429,4239
1689063018247,-315429,4239
1689063018249,-315429,4239
1689063018253,-315429,4239
1689063018256,-315429,4239
1689063018262,-315429,4239
1689063018265,-315429,4239
1689063018267,-315429,4239
1689063018270,-315429,4239
1689063018273,-315429,4239
1689063018275,-315429,4239
1689063018277,-315429,4239
1689063018280,-315429,4239
1689063018281,-315429,4239
1689063018283,-315429,4239
1689063018285,-315429,4239
1689063018288,-315429,4239
1689063018290,-315429,4239
1689063018295,-315429,4239
1689063018299,-315429,4239
1689063018301,-315429,4239
1689063018306,-315429,4239
1689063018311,-315429,4239
1689063018312,-315429,4239
1689063018313,-315429,4239
1689063018314,-315429,4239
1689063018315,-315429,4239
1689063018317,-315429,4239
1689063018320,-315429,4239
1689063018323,-315429,4239
1689063018324,-315429,4239
1689063018326,-315429,4239
1689063018331,-315429,4239
1689063018333,-315429,4239
1689063018334,-315429,4239
1689063018336,-315429,4239
1689063018339,-315429,4239
1689063018341,-315429,4239
1689063018343,-315429,4239
1689063018345,-315429,4239
1689063018347,-315429,4239
1689063018348,-315429,4239
1689063018351,-315429,4239
1689063018354,-315429,4239
1689063018357,-315429,4239
1689063018360,-315429,4239
1689063018363,-315429,4239
1689063018365,-315429,4239
1689063018368,-315429,4239
1689063018374,-315429,4239
1689063018377,-315429,4239
1689063018380,-315429,4239
1689063018382,-315429,4239
1689063018387,-315429,4239
1689063018394,-315429,4239
1689063018397,-315429,4239
1689063018400,-315429,4239
1689063018405,-315429,4239
1689063018408,-315429,4239
1689063018410,-315429,4239
1689063018411,-315429,4239
1689063018413,-315429,4239
1689063018415,-315429,4239
1689063018416,-315429,4239
1689063018421,-315429,4239
1689063018423,-315429,4239
1689063018426,-315429,4239
1689063018434,-315429,4239
1689063018450,-315429,4239
1689063018452,-315429,4239
1689063018454,-315429,4239
1689063018456,-315429,4239
1689063018460,-315429,4239
1689063018462,-315429,4239
1689063018463,-315429,4239
1689063018464,-315429,4239
1689063018466,-315429,4239
1689063018468,-315429,4239
1689063018472,-315429,4239
1689063018475,-315429,4239
1689063018477,-315429,4239
1689063018478,-315429,4239
1689063018480,-315429,4239
1689063018482,-315429,4239
1689063018484,-315429,4239
1689063018487,-315429,4239
1689063018489,-315429,4239
1689063018491,-315429,4239
1689063018493,-315429,4239
1689063018496,-315429,4239
1689063018498,-315429,4239
1689063018500,-315429,4239
1689063018502,-315429,4239
1689063018505,-315429,4239
1689063018508,-315429,4239
1689063018510,-315429,4239
1689063018512,-315429,4239
1689063018513,-315429,4239
1689063018515,-315429,4239
1689063018516,-315429,4239
1689063018519,-315429,4239
1689063018522,-315429,4239
1689063018523,-315429,4239
1689063018526,-315429,4239
1689063018529,-315429,4239
1689063018531,-315429,4239
1689063018533,-315429,4239
1689063018535,-315429,4239
1689063018537,-315429,4239
1689063018540,-315429,4239
1689063018542,-315429,4239
1689063018543,-315429,4239
1689063018544,-315429,4239
1689063018546,-315429,4239
1689063018548,-315429,4239
1689063018551,-315429,4239
1689063018554,-315429,4239
1689063018558,-315429,4239
1689063018561,-315429,4239
1689063018564,-315429,4239
1689063018566,-315429,4239
1689063018569,-315429,4239
1689063018575,-315429,4239
1689063018578,-315429,4239
1689063018580,-315429,4239
1689063018583,-315429,4239
1689063018586,-315429,4239
1689063018590,-315429,4239
1689063018591,-315429,4239
1689063018597,-315429,4239
1689063018599,-315429,4239
1689063018601,-315429,4239
1689063018603,-315429,4239
1689063018605,-315429,4239
1689063018607,-315429,4239
1689063018610,-315429,4239
1689063018612,-315429,4239
1689063018614,-315429,4239
1689063018615,-315429,4239
1689063018618,-315429,4239
1689063018621,-315429,4239
1689063018623,-315429,4239
1689063018625,-315429,4239
1689063018626,-315429,4239
1689063018629,-315429,4239
1689063018630,-315429,4239
1689063018631,-315429,4239
1689063018633,-315429,4239
1689063018634,-315429,4239
1689063018635,-315429,4239
1689063018636,-315429,4239
1689063018638,-315429,4239
1689063018640,-315429,4239
1689063018642,-315429,4239
1689063018643,-315429,4239
1689063018644,-315429,4239
1689063018645,-315429,4239
1689063018646,-315429,4239
1689063018648,-315429,4239
1689063018649,-315429,4239
1689063018650,-315429,4239
1689063018652,-315429,4239
1689063018654,-315429,4239
1689063018656,-315429,4239
1689063018657,-315429,4239
1689063018658,-315429,4239
1689063018662,-315429,4239
1689063018663,-315429,4239
1689063018664,-315429,4239
1689063018666,-315429,4239
1689063018668,-315429,4239
1689063018669,-315429,4239
1689063018672,-315429,4239
1689063018674,-315429,4239
1689063018675,-315429,4239
1689063018676,-315429,4239
1689063018677,-315429,4239
1689063018678,-315429,4239
1689063018679,-315429,4239
1689063018680,-315429,4239
1689063018681,-315429,4239
1689063018682,-315429,4239
1689063018684,-315429,4239
1689063018686,-315429,4239
1689063018690,-315429,4239
1689063018692,-315429,4239
1689063018694,-315429,4239
1689063018696,-315429,4239
1689063018697,-315429,4239
1689063018699,-315429,4239
1689063018700,-315429,4239
1689063018701,-315429,4239
1689063018706,-315429,4239
1689063018707,-315429,4239
1689063018709,-315429,4239
1689063018711,-315429,4239
1689063018713,-315429,4239
1689063018714,-315429,4239
1689063018717,-315429,4239
1689063018721,-315429,4239
1689063018722,-315429,4239
1689063018724,-315429,4239
1689063018725,-315429,4239
1689063018726,-315429,4239
1689063018727,-315429,4239
1689063018730,-315429,4239
1689063018732,-315429,4239
1689063018734,-315429,4239
1689063018735,-315429,4239
1689063018740,-315429,4239
1689063018742,-315429,4239
1689063018743,-315429,4239
1689063018745,-315429,4239
1689063018746,-315429,4239
1689063018749,-315429,4239
1689063018751,-315429,4239
1689063018753,-315429,4239
1689063018755,-315429,4239
1689063018757,-315429,4239
1689063018759,-315429,4239
1689063018762,-315429,4239
1689063018764,-315429,4239
1689063018766,-315429,4239
1689063018772,-315429,4239
1689063018774,-315429,4239
1689063018776,-315429,4239
1689063018778,-315429,4239
1689063018780,-315429,4239
1689063018781,-315429,4239
1689063018784,-315429,4239
1689063018786,-315429,4239
1689063018791,-315429,4239
1689063018794,-315429,4239
1689063018796,-315429,4239
1689063018799,-315429,4239
1689063018801,-315429,4239
1689063018808,-315429,4239
1689063018810,-315429,4239
1689063018812,-315429,4239
1689063018814,-315429,4239
1689063018816,-315429,4239
1689063018818,-315429,4239
1689063018820,-315429,4239
1689063018823,-315429,4239
1689063018825,-315429,4239
1689063018829,-315429,4239
1689063018831,-315429,4239
1689063018832,-315429,4239
1689063018833,-315429,4239
1689063018835,-315429,4239
1689063018837,-315429,4239
1689063018840,-315429,4239
1689063018841,-315429,4239
1689063018842,-315429,4239
1689063018843,-315429,4239
1689063018844,-315429,4239
1689063018846,-315429,4239
1689063018847,-315429,4239
1689063018849,-315429,4239
1689063018850,-315429,4239
1689063018852,-315429,4239
1689063018854,-315429,4239
1689063018856,-315429,4239
1689063018863,-315429,4239
1689063018867,-315429,4239
1689063018871,-315429,4239
1689063018874,-315429,4239
1689063018875,-315429,4239
1689063018876,-315429,4239
1689063018878,-315429,4239
1689063018879,-315429,4239
1689063018880,-315429,4239
1689063018881,-315429,4239
1689063018883,-315429,4239
1689063018884,-315429,4239
1689063018886,-315429,4239
1689063018888,-315429,4239
1689063018890,-315429,4239
1689063018892,-315429,4239
1689063018894,-315429,4239
1689063018895,-315429,4239
1689063018896,-315429,4239
1689063018898,-315429,4239
1689063018899,-315429,4239
1689063018901,-315429,4239
1689063018902,-315429,4239
1689063018903,-315429,4239
1689063018905,-315429,4239
1689063018906,-315429,4239
1689063018908,-315429,4239
1689063018909,-315429,4239
1689063018910,-315429,4239
1689063018911,-315429,4239
1689063018912,-315429,4239
1689063018914,-315429,4239
1689063018915,-315429,4239
1689063018916,-315429,4239
1689063018919,-315429,4239
1689063018921,-315429,4239
1689063018922,-315429,4239
1689063018924,-315429,4239
1689063018925,-315429,4239
1689063018926,-315429,4239
1689063018929,-315429,4239
1689063018931,-315429,4239
1689063018933,-315429,4239
1689063018935,-315429,4239
1689063018937,-315429,4239
1689063018943,-315429,4239
1689063018945,-315429,4239
1689063018948,-315429,4239
1689063018950,-315429,4239
1689063018954,-315429,4239
1689063018956,-315429,4239
1689063018959,-315429,4239
1689063018961,-315429,4239
1689063018963,-315429,4239
1689063018965,-315429,4239
1689063018969,-315429,4239
1689063018974,-315429,4239
1689063018977,-315429,4239
1689063018979,-315429,4239
1689063018981,-315429,4239
1689063018982,-315429,4239
1689063018985,-315429,4239
1689063018987,-315429,4239
1689063018990,-315429,4239
1689063018992,-315429,4239
1689063018997,-315429,4239
1689063019000,-315429,4239
1689063019002,-315429,4239
1689063019009,-315429,4239
1689063019011,-315429,4239
1689063019013,-315429,4239
1689063019014,-315429,4239
1689063019016,-315429,4239
1689063019019,-315429,4239
1689063019022,-315429,4239
1689063019024,-315429,4239
1689063019027,-315429,4239
1689063019029,-315429,4239
1689063019031,-315429,4239
1689063019032,-315429,4239
1689063019034,-315429,4239
1689063019035,-315429,4239
1689063019038,-315429,4239
1689063019041,-315429,4239
1689063019043,-315429,4239
1689063019044,-315429,4239
1689063019045,-315429,4239
1689063019046,-315429,4239
1689063019048,-315429,4239
1689063019050,-315429,4239
1689063019051,-315429,4239
1689063019054,-315429,4239
1689063019056,-315429,4239
1689063019058,-315429,4239
1689063019062,-315429,4239
1689063019064,-315429,4239
1689063019065,-315429,4239
1689063019069,-315429,4239
1689063019073,-315429,4239
1689063019075,-315429,4239
1689063019077,-315429,4239
1689063019078,-315429,4239
1689063019080,-315429,4239
1689063019081,-315429,4239
1689063019082,-315429,4239
1689063019084,-315429,4239
1689063019085,-315429,4239
1689063019088,-315429,4239
1689063019091,-315429,4239
1689063019092,-315429,4239
1689063019094,-315429,4239
1689063019095,-315429,4239
1689063019098,-315429,4239
1689063019100,-315429,4239
1689063019101,-315429,4239
1689063019103,-315429,4239
1689063019108,-315429,4239
1689063019110,-315429,4239
1689063019111,-315429,4239
1689063019113,-315429,4239
1689063019114,-315429,4239
1689063019115,-315429,4239
1689063019117,-315429,4239
1689063019120,-315429,4239
1689063019125,-315429,4239
1689063019130,-315429,4239
1689063019132,-315429,4239
1689063019133,-315429,4239
1689063019134,-315429,4239
1689063019136,-315429,4239
1689063019137,-315429,4239
1689063019140,-315429,4239
1689063019142,-315429,4239
1689063019143,-315429,4239
1689063019144,-315429,4239
1689063019145,-315429,4239
1689063019146,-315429,4239
1689063019147,-315429,4239
1689063019149,-315429,4239
1689063019150,-315429,4239
1689063019152,-315429,4239
1689063019155,-315429,4239
1689063019157,-315429,4239
1689063019158,-315429,4239
1689063019160,-315429,4239
1689063019161,-315429,4239
1689063019163,-315429,4239
1689063019164,-315429,4239
1689063019165,-315429,4239
1689063019167,-315429,4239
1689063019169,-315429,4239
1689063019170,-315429,4239
1689063019172,-315429,4239
1689063019173,-315429,4239
1689063019175,-315429,4239
1689063019177,-315429,4239
1689063019179,-315429,4239
1689063019180,-315429,4239
1689063019182,-315429,4239
1689063019184,-315429,4239
1689063019188,-315429,4239
1689063019190,-315429,4239
1689063019192,-315429,4239
1689063019194,-315429,4239
1689063019196,-315429,4239
1689063019198,-315429,4239
1689063019201,-315429,4239
1689063019202,-315429,4239
1689063019207,-315429,4239
1689063019210,-315429,4239
1689063019213,-315429,4239
1689063019214,-315429,4239
1689063019216,-315429,4239
1689063019219,-315429,4239
1689063019221,-315429,4239
1689063019223,-315429,4239
1689063019225,-315429,4239
1689063019228,-315429,4239
1689063019230,-315429,4239
1689063019233,-315429,4239
1689063019235,-315429,4239
1689063019237,-315429,4239
1689063019241,-315429,4239
1689063019244,-315429,4239
1689063019246,-315429,4239
1689063019248,-315429,4239
1689063019252,-315429,4239
1689063019254,-315429,4239
1689063019257,-315429,4239
1689063019260,-315429,4239
1689063019264,-315429,4239
1689063019266,-315429,4239
1689063019269,-315429,4239
1689063019271,-315429,4239
1689063019274,-315429,4239
1689063019276,-315429,4239
1689063019279,-315429,4239
1689063019280,-315429,4239
1689063019282,-315429,4239
1689063019284,-315429,4239
1689063019287,-315429,4239
1689063019290,-315429,4239
1689063019292,-315429,4239
1689063019294,-315429,4239
1689063019296,-315429,4239
1689063019299,-315429,4239
1689063019301,-315429,4239
1689063019303,-315429,4239
1689063019308,-315429,4239
1689063019309,-315429,4239
1689063019311,-315429,4239
1689063019312,-315429,4239
1689063019313,-315429,4239
1689063019314,-315429,4239
1689063019315,-315429,4239
1689063019316,-315429,4239
1689063019319,-315429,4239
1689063019322,-315429,4239
1689063019323,-315429,4239
1689063019325,-315429,4239
1689063019326,-315429,4239
1689063019327,-315429,4239
1689063019330,-315429,4239
1689063019332,-315429,4239
1689063019333,-315429,4239
1689063019334,-315429,4239
1689063019336,-315429,4239
1689063019339,-315429,4239
1689063019342,-315429,4239
1689063019343,-315429,4239
1689063019344,-315429,4239
1689063019345,-315429,4239
1689063019346,-315429,4239
1689063019349,-315429,4239
1689063019353,-315429,4239
1689063019356,-315429,4239
1689063019358,-315429,4239
1689063019363,-315429,4239
1689063019367,-315429,4239
1689063019369,-315429,4239
1689063019370,-315429,4239
1689063019375,-315429,4239
1689063019376,-315429,4239
1689063019379,-315429,4239
1689063019380,-315429,4239
1689063019382,-315429,4239
1689063019383,-315429,4239
1689063019385,-315429,4239
1689063019388,-315429,4239
1689063019391,-315429,4239
1689063019397,-315429,4239
1689063019400,-315429,4239
1689063019402,-315429,4239
1689063019403,-315429,4239
1689063019410,-315429,4239
1689063019411,-315429,4239
1689063019412,-315429,4239
1689063019413,-315429,4239
1689063019414,-315429,4239
1689063019415,-315429,4239
1689063019416,-315429,4239
1689063019419,-315429,4239
1689063019421,-315429,4239
1689063019423,-315429,4239
1689063019425,-315429,4239
1689063019434,-315429,4239
1689063019439,-315429,4239
1689063019442,-315429,4239
1689063019443,-315429,4239
1689063019444,-315429,4239
1689063019446,-315429,4239
1689063019447,-315429,4239
1689063019449,-315429,4239
1689063019454,-315429,4239
1689063019468,-315429,4239
1689063019471,-315429,4239
1689063019473,-315429,4239
1689063019475,-315429,4239
1689063019477,-315429,4239
1689063019479,-315429,4239
1689063019480,-315429,4239
1689063019482,-260253,4239
1689063019484,-260253,4239
1689063019487,-260253,4239
1689063019489,-260253,4239
1689063019491,-260253,4239
1689063019492,-260253,4239
1689063019496,-260253,4239
1689063019498,-260253,4239
1689063019500,-260253,4239
1689063019501,-260253,4239
1689063019504,-260253,4239
1689063019506,-260253,4239
1689063019508,-260253,4239
1689063019510,-260253,4239
1689063019511,-260253,4239
1689063019513,-260253,4239
1689063019514,-260253,4239
1689063019515,-260253,4239
1689063019517,-260253,4239
1689063019520,-260253,4239
1689063019523,-260253,4239
1689063019525,-260253,4239
1689063019526,-260253,4239
1689063019528,-260253,4239
1689063019530,-260253,4239
1689063019531,-260253,4239
1689063019533,-260253,4239
1689063019534,-260253,4239
1689063019536,-260253,4239
1689063019537,-260253,4239
1689063019539,-260253,4239
1689063019541,-260253,4239
1689063019542,-260253,4239
1689063019543,-260253,4239
1689063019543,-260253,4239
1689063019544,-260253,4239
1689063019545,-260253,4239
1689063019546,-260253,4239
1689063019548,-260253,4239
1689063019549,-260253,4239
1689063019550,-260253,4239
1689063019552,-260253,4239
1689063019554,-260253,4239
1689063019555,-260253,4239
1689063019556,-260253,4239
1689063019558,-260253,4239
1689063019559,-260253,4239
1689063019562,-260253,4239
1689063019564,-260253,4239
1689063019565,-260253,4239
1689063019567,-260253,4239
1689063019568,-260253,4239
1689063019571,-260253,4239
1689063019573,-260253,4239
1689063019574,-260253,4239
1689063019575,-260253,4239
1689063019576,-260253,4239
1689063019577,-260253,4239
1689063019579,-260253,4239
1689063019580,-260253,4239
1689063019581,-260253,4239
1689063019582,-260253,4239
1689063019583,-260253,4239
1689063019584,-260253,4239
1689063019586,-260253,4239
1689063019588,-260253,4239
1689063019589,-260253,4239
1689063019590,-260253,4239
1689063019591,-260253,4239
1689063019592,-260253,4239
1689063019593,-260253,4239
1689063019595,-260253,4239
1689063019596,-260253,4239
1689063019598,-260253,4239
1689063019599,-260253,4239
1689063019600,-260253,4239
1689063019601,-260253,4239
1689063019602,-260253,4239
1689063019603,-260253,4239
1689063019605,-260253,4239
1689063019606,-260253,4239
1689063019607,-260253,4239
1689063019610,-260253,4239
1689063019612,-260253,4239
1689063019629,-260253,4239
1689063019631,-260253,4239
1689063019633,-260253,4239
1689063019635,-260253,4239
1689063019636,-260253,4239
1689063019639,-260253,4239
1689063019641,-260253,4239
1689063019642,-260253,4239
1689063019643,-260253,4239
1689063019644,-260253,4239
1689063019645,-260253,4239
1689063019646,-260253,4239
1689063019649,-260253,4239
1689063019651,-260253,4239
1689063019653,-260253,4239
1689063019655,-260253,4239
1689063019658,-260253,4239
1689063019662,-260253,4239
1689063019664,-260253,4239
1689063019666,-260253,4239
1689063019667,-260253,4239
1689063019669,-260253,4239
1689063019672,-260253,4239
1689063019674,-260253,4239
1689063019675,-260253,4239
1689063019676,-260253,4239
1689063019678,-260253,4239
1689063019679,-260253,4239
1689063019680,-260253,4239
1689063019681,-260253,4239
1689063019682,-260253,4239
1689063019683,-260253,4239
1689063019684,-260253,4239
1689063019686,-260253,4239
1689063019688,-260253,4239
1689063019689,-260253,4239
1689063019690,-260253,4239
1689063019692,-260253,4239
1689063019693,-260253,4239
1689063019694,-260253,4239
1689063019695,-260253,4239
1689063019697,-260253,4239
1689063019698,-260253,4239
1689063019700,-260253,4239
1689063019701,-260253,4239
1689063019702,-260253,4239
1689063019704,-260253,4239
1689063019706,-260253,4239
1689063019708,-260253,4239
1689063019714,-260253,4239
1689063019715,-260253,4239
1689063019719,-260253,4239
1689063019721,-260253,4239
1689063019723,-260253,4239
1689063019724,-260253,4239
1689063019726,-260253,4239
1689063019727,-260253,4239
1689063019731,-260253,4239
1689063019733,-260253,4239
1689063019736,-260253,4239
1689063019740,-260253,4239
1689063019743,-260253,4239
1689063019745,-260253,4239
1689063019746,-260253,4239
1689063019749,-260253,4239
1689063019753,-260253,4239
1689063019758,-260253,4239
1689063019760,-260253,4239
1689063019762,-260253,4239
1689063019764,-260253,4239
1689063019766,-260253,4239
1689063019769,-260253,4239
1689063019772,-260253,4239
1689063019775,-260253,4239
1689063019777,-260253,4239
1689063019779,-260253,4239
1689063019781,-260253,4239
1689063019783,-260253,4239
1689063019787,-260253,4239
1689063019789,-260253,4239
1689063019791,-260253,4239
1689063019793,-260253,4239
1689063019796,-260253,4239
1689063019799,-260253,4239
1689063019801,-260253,4239
1689063019803,-260253,4239
1689063019807,-260253,4239
1689063019809,-260253,4239
1689063019811,-260253,4239
1689063019813,-260253,4239
1689063019814,-260253,4239
1689063019815,-260253,4239
1689063019818,-260253,4239
1689063019820,-260253,4239
1689063019823,-260253,4239
1689063019825,-260253,4239
1689063019826,-260253,4239
1689063019829,-260253,4239
1689063019832,-260253,4239
1689063019834,-260253,4239
1689063019836,-260253,4239
1689063019840,-260253,4239
1689063019843,-260253,4239
1689063019845,-260253,4239
1689063019848,-260253,4239
1689063019849,-260253,4239
1689063019851,-260253,4239
1689063019854,-260253,4239
1689063019856,-260253,4239
1689063019859,-260253,4239
1689063019863,-260253,4239
1689063019865,-260253,4239
1689063019867,-260253,4239
1689063019870,-260253,4239
1689063019872,-260253,4239
1689063019873,-260253,4239
1689063019875,-260253,4239
1689063019876,-260253,4239
1689063019878,-260253,4239
1689063019880,-260253,4239
1689063019882,-260253,4239
1689063019884,-260253,4239
1689063019887,-260253,4239
1689063019889,-260253,4239
1689063019890,-260253,4239
1689063019892,-260253,4239
1689063019893,-260253,4239
1689063019896,-260253,4239
1689063019898,-260253,4239
1689063019900,-260253,4239
1689063019902,-260253,4239
1689063019906,-260253,4239
1689063019908,-260253,4239
1689063019910,-260253,4239
1689063019911,-260253,4239
1689063019913,-260253,4239
1689063019914,-260253,4239
1689063019915,-260253,4239
1689063019917,-260253,4239
1689063019920,-260253,4239
1689063019922,-260253,4239
1689063019924,-260253,4239
1689063019925,-260253,4239
1689063019926,-260253,4239
1689063019932,-260253,4239
1689063019934,-260253,4239
1689063019936,-260253,4239
1689063019940,-260253,4239
1689063019943,-260253,4239
1689063019944,-260253,4239
1689063019947,-260253,4239
1689063019950,-260253,4239
1689063019953,-260253,4239
1689063019955,-260253,4239
1689063019958,-260253,4239
1689063019960,-260253,4239
1689063019964,-260253,4239
1689063019966,-260253,4239
1689063019968,-260253,4239
1689063019970,-260253,4239
1689063019973,-260253,4239
1689063019975,-260253,4239
1689063019978,-260253,4239
1689063019980,-260253,4239
1689063019982,-260253,4239
1689063019983,-260253,4239
1689063019985,-260253,4239
1689063019988,-260253,4239
1689063019992,-260253,4239
1689063019995,-260253,4239
1689063019997,-260253,4239
1689063019999,-260253,4239
1689063020001,-260253,4239
1689063020002,-260253,4239
1689063020003,-260253,4239
1689063020008,-260253,4239
1689063020009,-260253,4239
1689063020011,-260253,4239
1689063020012,-260253,4239
1689063020013,-260253,4239
1689063020014,-260253,4239
1689063020015,-260253,4239
1689063020016,-260253,4239
1689063020018,-260253,4239
1689063020020,-260253,4239
1689063020023,-260253,4239
1689063020024,-260253,4239
1689063020025,-260253,4239
1689063020026,-260253,4239
1689063020029,-260253,4239
1689063020031,-260253,4239
1689063020032,-260253,4239
1689063020034,-260253,4239
1689063020035,-260253,4239
1689063020036,-260253,4239
1689063020039,-260253,4239
1689063020041,-260253,4239
1689063020043,-260253,4239
1689063020044,-260253,4239
1689063020045,-260253,4239
1689063020046,-260253,4239
1689063020047,-260253,4239
1689063020049,-260253,4239
1689063020052,-260253,4239
1689063020054,-260253,4239
1689063020055,-260253,4239
1689063020057,-260253,4239
1689063020058,-260253,4239
1689063020059,-260253,4239
1689063020063,-260253,4239
1689063020065,-260253,4239
1689063020066,-260253,4239
1689063020068,-260253,4239
1689063020075,-260253,4239
1689063020077,-260253,4239
1689063020079,-260253,4239
1689063020081,-260253,4239
1689063020082,-260253,4239
1689063020084,-260253,4239
1689063020086,-260253,4239
1689063020089,-260253,4239
1689063020092,-260253,4239
1689063020098,-260253,4239
1689063020101,-260253,4239
1689063020103,-260253,4239
1689063020104,-260253,4239
1689063020107,-260253,4239
1689063020110,-260253,4239
1689063020112,-260253,4239
1689063020113,-260253,4239
1689063020115,-260253,4239
1689063020117,-260253,4239
1689063020119,-260253,4239
1689063020123,-260253,4239
1689063020125,-260253,4239
1689063020127,-260253,4239
1689063020128,-260253,4239
1689063020130,-260253,4239
1689063020132,-260253,4239
1689063020133,-260253,4239
1689063020134,-260253,4239
1689063020136,-260253,4239
1689063020137,-260253,4239
1689063020138,-260253,4239
1689063020140,-260253,4239
1689063020142,-260253,4239
1689063020143,-260253,4239
1689063020144,-260253,4239
1689063020145,-260253,4239
1689063020147,-260253,4239
1689063020148,-260253,4239
1689063020149,-260253,4239
1689063020151,-260253,4239
1689063020153,-260253,4239
1689063020155,-260253,4239
1689063020156,-260253,4239
1689063020158,-260253,4239
1689063020159,-260253,4239
1689063020160,-260253,4239
1689063020164,-260253,4239
1689063020166,-260253,4239
1689063020169,-260253,4239
1689063020171,-260253,4239
1689063020174,-260253,4239
1689063020175,-260253,4239
1689063020177,-260253,4239
1689063020178,-260253,4239
1689063020180,-260253,4239
1689063020181,-260253,4239
1689063020183,-260253,4239
1689063020185,-260253,4239
1689063020188,-260253,4239
1689063020190,-260253,4239
1689063020191,-260253,4239
1689063020192,-260253,4239
1689063020195,-260253,4239
1689063020199,-260253,4239
1689063020204,-260253,4239
1689063020207,-260253,4239
1689063020209,-260253,4239
1689063020211,-260253,4239
1689063020212,-260253,4239
1689063020213,-260253,4239
1689063020214,-260253,4239
1689063020216,-260253,4239
1689063020218,-260253,4239
1689063020221,-260253,4239
1689063020223,-260253,4239
1689063020225,-260253,4239
1689063020229,-260253,4239
1689063020231,-260253,4239
1689063020233,-260253,4239
1689063020234,-260253,4239
1689063020235,-260253,4239
1689063020237,-260253,4239
1689063020238,-260253,4239
1689063020240,-260253,4239
1689063020241,-260253,4239
1689063020243,-260253,4239
1689063020248,-260253,4239
1689063020251,-260253,4239
1689063020253,-260253,4239
1689063020255,-260253,4239
1689063020257,-260253,4239
1689063020258,-260253,4239
1689063020260,-260253,4239
1689063020263,-260253,4239
1689063020266,-260253,4239
1689063020268,-260253,4239
1689063020269,-260253,4239
1689063020274,-260253,4239
1689063020276,-260253,4239
1689063020278,-260253,4239
1689063020280,-260253,4239
1689063020281,-260253,4239
1689063020283,-260253,4239
1689063020286,-260253,4239
1689063020289,-260253,4239
1689063020291,-260253,4239
1689063020292,-260253,4239
1689063020294,-260253,4239
1689063020298,-260253,4239
1689063020301,-260253,4239
1689063020302,-260253,4239
1689063020303,-260253,4239
1689063020304,-260253,4239
1689063020306,-260253,4239
1689063020309,-260253,4239
1689063020311,-260253,4239
1689063020312,-260253,4239
1689063020313,-260253,4239
1689063020314,-260253,4239
1689063020315,-260253,4239
1689063020316,-260253,4239
1689063020318,-260253,4239
1689063020320,-260253,4239
1689063020323,-260253,4239
1689063020324,-260253,4239
1689063020325,-260253,4239
1689063020326,-260253,4239
1689063020328,-260253,4239
1689063020332,-260253,4239
1689063020334,-260253,4239
1689063020335,-260253,4239
1689063020336,-260253,4239
1689063020340,-260253,4239
1689063020342,-260253,4239
1689063020344,-260253,4239
1689063020345,-260253,4239
1689063020347,-260253,4239
1689063020349,-260253,4239
1689063020350,-260253,4239
1689063020353,-260253,4239
1689063020355,-260253,4239
1689063020358,-260253,4239
1689063020363,-260253,4239
1689063020365,-260253,4239
1689063020368,-260253,4239
1689063020370,-260253,4239
1689063020372,-260253,4239
1689063020374,-260253,4239
1689063020376,-260253,4239
1689063020378,-260253,4239
1689063020379,-260253,4239
1689063020381,-260253,4239
1689063020382,-260253,4239
1689063020384,-260253,4239
1689063020386,-260253,4239
1689063020389,-260253,4239
1689063020391,-260253,4239
1689063020393,-260253,4239
1689063020398,-260253,4239
1689063020401,-260253,4239
1689063020403,-260253,4239
1689063020409,-260253,4239
1689063020412,-260253,4239
1689063020414,-260253,4239
1689063020416,-260253,4239
1689063020419,-260253,4239
1689063020422,-260253,4239
1689063020424,-260253,4239
1689063020426,-260253,4239
1689063020428,-260253,4239
1689063020433,-260253,4239
1689063020436,-260253,4239
1689063020440,-260253,4239
1689063020443,-260253,4239
1689063020445,-260253,4239
1689063020447,-260253,4239
1689063020450,-260253,4239
1689063020457,-260253,4239
1689063020460,-260253,4239
1689063020463,-260253,4239
1689063020467,-260253,4239
1689063020470,-260253,4239
1689063020473,-260253,4239
1689063020475,-260253,4239
1689063020478,-260253,4239
1689063020479,-260253,4239
1689063020481,-260253,4239
1689063020482,-260253,4239
1689063020484,-260253,4239
1689063020486,-260253,4239
1689063020489,-260253,4239
1689063020490,-260253,4239
1689063020491,-260253,4239
1689063020493,-260253,4239
1689063020494,-260253,4239
1689063020495,-260253,4239
1689063020497,-260253,4239
1689063020499,-260253,4239
1689063020501,-260253,4239
1689063020502,-260253,4239
1689063020503,-260253,4239
1689063020504,-260253,4239
1689063020506,-260253,4239
1689063020508,-260253,4239
1689063020510,-260253,4239
1689063020511,-260253,4239
1689063020512,-260253,4239
1689063020513,-260253,4239
1689063020514,-260253,4239
1689063020515,-260253,4239
1689063020516,-260253,4239
1689063020519,-260253,4239
1689063020521,-260253,4239
1689063020523,-260253,4239
1689063020524,-260253,4239
1689063020525,-260253,4239
1689063020526,-260253,4239
1689063020527,-260253,4239
1689063020529,-260253,4239
1689063020530,-260253,4239
1689063020532,-260253,4239
1689063020534,-260253,4239
1689063020535,-260253,4239
1689063020536,-260253,4239
1689063020539,-260253,4239
1689063020541,-260253,4239
1689063020543,-260253,4239
1689063020545,-260253,4239
1689063020546,-260253,4239
1689063020547,-260253,4239
1689063020549,-260253,4239
1689063020551,-260253,4239
1689063020554,-260253,4239
1689063020557,-260253,4239
1689063020559,-260253,4239
1689063020564,-260253,4239
1689063020568,-260253,4239
1689063020570,-260253,4239
1689063020575,-260253,4239
1689063020579,-260253,4239
1689063020581,-260253,4239
1689063020584,-260253,4239
1689063020586,-260253,4239
1689063020589,-260253,4239
1689063020591,-260253,4239
1689063020593,-260253,4239
1689063020595,-260253,4239
1689063020598,-260253,4239
1689063020600,-260253,4239
1689063020601,-260253,4239
1689063020602,-260253,4239
1689063020603,-260253,4239
1689063020605,-260253,4239
1689063020606,-260253,4239
1689063020608,-260253,4239
1689063020609,-260253,4239
1689063020611,-260253,4239
1689063020612,-260253,4239
1689063020612,-260253,4239
1689063020614,-260253,4239
1689063020615,-260253,4239
1689063020616,-260253,4239
1689063020618,-260253,4239
1689063020622,-260253,4239
1689063020624,-260253,4239
1689063020625,-260253,4239
1689063020626,-260253,4239
1689063020628,-260253,4239
1689063020632,-260253,4239
1689063020634,-260253,4239
1689063020636,-260253,4239
1689063020638,-260253,4239
1689063020640,-260253,4239
1689063020643,-260253,4239
1689063020646,-260253,4239
1689063020648,-260253,4239
1689063020649,-260253,4239
1689063020654,-260253,4239
1689063020656,-260253,4239
1689063020658,-260253,4239
1689063020660,-260253,4239
1689063020664,-260253,4239
1689063020667,-260253,4239
1689063020669,-260253,4239
1689063020675,-260253,4239
1689063020680,-260253,4239
1689063020682,-260253,4239
1689063020684,-260253,4239
1689063020688,-260253,4239
1689063020690,-260253,4239
1689063020692,-260253,4239
1689063020693,-260253,4239
1689063020694,-260253,4239
1689063020700,-260253,4239
1689063020702,-260253,4239
1689063020703,-260253,4239
1689063020704,-260253,4239
1689063020707,-260253,4239
1689063020709,-260253,4239
1689063020711,-260253,4239
1689063020712,-260253,4239
1689063020713,-260253,4239
1689063020714,-260253,4239
1689063020716,-260253,4239
1689063020717,-260253,4239
1689063020720,-260253,4239
1689063020725,-260253,4239
1689063020728,-260253,4239
1689063020730,-260253,4239
1689063020731,-260253,4239
1689063020732,-260253,4239
1689063020734,-260253,4239
1689063020735,-260253,4239
1689063020736,-260253,4239
1689063020738,-260253,4239
1689063020740,-260253,4239
1689063020741,-260253,4239
1689063020742,-260253,4239
1689063020743,-260253,4239
1689063020744,-260253,4239
1689063020745,-260253,4239
1689063020746,-260253,4239
1689063020748,-260253,4239
1689063020750,-260253,4239
1689063020752,-260253,4239
1689063020754,-260253,4239
1689063020755,-260253,4239
1689063020756,-260253,4239
1689063020757,-260253,4239
1689063020759,-260253,4239
1689063020760,-260253,4239
1689063020763,-260253,4239
1689063020768,-260253,4239
1689063020769,-260253,4239
1689063020773,-260253,4239
1689063020778,-260253,4239
1689063020780,-260253,4239
1689063020782,-260253,4239
1689063020784,-260253,4239
1689063020787,-260253,4239
1689063020789,-260253,4239
1689063020791,-260253,4239
1689063020792,-260253,4239
1689063020794,-260253,4239
1689063020797,-260253,4239
1689063020800,-260253,4239
1689063020802,-260253,4239
1689063020803,-260253,4239
1689063020808,-260253,4239
1689063020811,-260253,4239
1689063020813,-260253,4239
1689063020815,-260253,4239
1689063020818,-260253,4239
1689063020822,-260253,4239
1689063020824,-260253,4239
1689063020826,-260253,4239
1689063020832,-260253,4239
1689063020835,-260253,4239
1689063020837,-260253,4239
1689063020844,-260253,4239
1689063020846,-260253,4239
1689063020848,-260253,4239
1689063020851,-260253,4239
1689063020854,-260253,4239
1689063020857,-260253,4239
1689063020860,-260253,4239
1689063020863,-260253,4239
1689063020865,-260253,4239
1689063020867,-260253,4239
1689063020869,-260253,4239
1689063020871,-260253,4239
1689063020872,-260253,4239
1689063020873,-260253,4239
1689063020876,-260253,4239
1689063020878,-260253,4239
1689063020880,-260253,4239
1689063020881,-260253,4239
1689063020883,-260253,4239
1689063020884,-260253,4239
1689063020886,-260253,4239
1689063020889,-260253,4239
1689063020894,-260253,4239
1689063020896,-260253,4239
1689063020898,-260253,4239
1689063020900,-260253,4239
1689063020902,-260253,4239
1689063020903,-260253,4239
1689063020904,-260253,4239
1689063020906,-260253,4239
1689063020908,-260253,4239
1689063020909,-260253,4239
1689063020910,-260253,4239
1689063020912,-260253,4239
1689063020912,-260253,4239
1689063020914,-260253,4239
1689063020915,-260253,4239
1689063020916,-260253,4239
1689063020917,-260253,4239
1689063020920,-260253,4239
1689063020922,-260253,4239
1689063020923,-260253,4239
1689063020924,-260253,4239
1689063020925,-260253,4239
1689063020927,-260253,4239
1689063020930,-260253,4239
1689063020932,-260253,4239
1689063020935,-260253,4239
1689063020938,-260253,4239
1689063020941,-260253,4239
1689063020943,-260253,4239
1689063020945,-260253,4239
1689063020948,-260253,4239
1689063020953,-260253,4239
1689063020959,-260253,4239
1689063020962,-286132,4239
1689063020963,-286132,4239
1689063020965,-286132,4239
1689063020967,-286132,4239
1689063020970,-286132,4239
1689063020975,-286132,4239
1689063020979,-286132,4239
1689063020983,-286132,4239
1689063020986,-286132,4239
1689063020988,-286132,4239
1689063020990,-286132,4239
1689063020991,-286132,4239
1689063020993,-286132,4239
1689063020994,-286132,4239
1689063020998,-286132,4239
1689063021000,-286132,4239
1689063021002,-286132,4239
1689063021003,-286132,4239
1689063021006,-286132,4239
1689063021008,-286132,4239
1689063021010,-286132,4239
1689063021011,-286132,4239
1689063021013,-286132,4239
1689063021014,-286132,4239
1689063021015,-286132,4239
1689063021017,-286132,4239
1689063021019,-286132,4239
1689063021021,-286132,4239
1689063021022,-286132,4239
1689063021024,-286132,4239
1689063021025,-286132,4239
1689063021026,-286132,4239
1689063021028,-286132,4239
1689063021031,-286132,4239
1689063021033,-286132,4239
1689063021034,-286132,4239
1689063021036,-286132,4239
1689063021039,-286132,4239
1689063021043,-286132,4239
1689063021044,-286132,4239
1689063021046,-286132,4239
1689063021048,-286132,4239
1689063021049,-286132,4239
1689063021051,-286132,4239
1689063021053,-286132,4239
1689063021055,-286132,4239
1689063021058,-286132,4239
1689063021060,-286132,4239
1689063021062,-286132,4239
1689063021063,-286132,4239
1689063021066,-286132,4239
1689063021068,-286132,4239
1689063021070,-286132,4239
1689063021074,-286132,4239
1689063021076,-286132,4239
1689063021079,-286132,4239
1689063021081,-286132,4239
1689063021083,-286132,4239
1689063021085,-286132,4239
1689063021090,-286132,4239
1689063021093,-286132,4239
1689063021095,-286132,4239
1689063021099,-286132,4239
1689063021101,-286132,4239
1689063021103,-286132,4239
1689063021104,-286132,4239
1689063021105,-286132,4239
1689063021110,-286132,4239
1689063021113,-286132,4239
1689063021114,-286132,4239
1689063021116,-286132,4239
1689063021120,-286132,4239
1689063021123,-286132,4239
1689063021125,-286132,4239
1689063021127,-286132,4239
1689063021131,-286132,4239
1689063021134,-286132,4239
1689063021136,-286132,4239
1689063021138,-286132,4239
1689063021142,-286132,4239
1689063021145,-286132,4239
1689063021146,-286132,4239
1689063021149,-286132,4239
1689063021151,-286132,4239
1689063021154,-286132,4239
1689063021156,-286132,4239
1689063021158,-286132,4239
1689063021160,-286132,4239
1689063021162,-286132,4239
1689063021165,-286132,4239
1689063021168,-286132,4239
1689063021171,-286132,4239
1689063021176,-286132,4239
1689063021179,-286132,4239
1689063021180,-286132,4239
1689063021182,-286132,4239
1689063021183,-286132,4239
1689063021185,-286132,4239
1689063021187,-286132,4239
1689063021189,-286132,4239
1689063021191,-286132,4239
1689063021192,-286132,4239
1689063021193,-286132,4239
1689063021194,-286132,4239
1689063021199,-286132,4239
1689063021201,-286132,4239
1689063021202,-286132,4239
1689063021203,-286132,4239
1689063021204,-286132,4239
1689063021206,-286132,4239
1689063021209,-286132,4239
1689063021211,-286132,4239
1689063021212,-286132,4239
1689063021213,-286132,4239
1689063021214,-286132,4239
1689063021216,-286132,4239
1689063021217,-286132,4239
1689063021221,-286132,4239
1689063021223,-286132,4239
1689063021225,-286132,4239
1689063021229,-286132,4239
1689063021231,-286132,4239
1689063021232,-286132,4239
1689063021234,-286132,4239
1689063021235,-286132,4239
1689063021236,-286132,4239
1689063021237,-286132,4239
1689063021240,-286132,4239
1689063021242,-286132,4239
1689063021243,-286132,4239
1689063021244,-286132,4239
1689063021244,-286132,4239
1689063021245,-286132,4239
1689063021246,-286132,4239
1689063021247,-286132,4239
1689063021249,-286132,4239
1689063021252,-286132,4239
1689063021254,-286132,4239
1689063021256,-286132,4239
1689063021257,-286132,4239
1689063021259,-286132,4239
1689063021260,-286132,4239
1689063021262,-286132,4239
1689063021264,-286132,4239
1689063021266,-286132,4239
1689063021269,-286132,4239
1689063021275,-286132,4239
1689063021279,-286132,4239
1689063021281,-286132,4239
1689063021283,-286132,4239
1689063021287,-286132,4239
1689063021290,-286132,4239
1689063021292,-286132,4239
1689063021294,-286132,4239
1689063021299,-286132,4239
1689063021302,-286132,4239
1689063021304,-286132,4239
1689063021305,-286132,4239
1689063021310,-286132,4239
1689063021314,-286132,4239
1689063021316,-286132,4239
1689063021321,-286132,4239
1689063021325,-286132,4239
1689063021328,-286132,4239
1689063021331,-286132,4239
1689063021335,-286132,4239
1689063021339,-286132,4239
1689063021342,-286132,4239
1689063021344,-286132,4239
1689063021347,-286132,4239
1689063021349,-286132,4239
1689063021352,-286132,4239
1689063021355,-286132,4239
1689063021357,-286132,4239
1689063021360,-286132,4239
1689063021363,-286132,4239
1689063021365,-286132,4239
1689063021370,-286132,4239
1689063021375,-286132,4239
1689063021377,-286132,4239
1689063021380,-286132,4239
1689063021388,-286132,4239
1689063021390,-286132,4239
1689063021392,-286132,4239
1689063021394,-286132,4239
1689063021398,-286132,4239
1689063021405,-286132,4239
1689063021413,-286132,4239
1689063021419,-286132,4239
1689063021422,-286132,4239
1689063021426,-286132,4239
1689063021430,-286132,4239
1689063021434,-286132,4239
1689063021436,-286132,4239
1689063021440,-286132,4239
1689063021442,-286132,4239
1689063021444,-286132,4239
1689063021445,-286132,4239
1689063021447,-286132,4239
1689063021449,-286132,4239
1689063021452,-286132,4239
1689063021453,-286132,4239
1689063021456,-286132,4239
1689063021458,-286132,4239
1689063021460,-286132,4239
1689063021463,-286132,4239
1689063021465,-286132,4239
1689063021466,-286132,4239
1689063021469,-286132,4239
1689063021471,-286132,4239
1689063021474,-286132,4239
1689063021475,-286132,4239
1689063021476,-286132,4239
1689063021478,-286132,4239
1689063021479,-286132,4239
1689063021480,-286132,4239
1689063021481,-286132,4239
1689063021482,-286132,4239
1689063021484,-286132,4239
1689063021487,-286132,4239
1689063021489,-286132,4239
1689063021490,-286132,4239
1689063021492,-286132,4239
1689063021493,-286132,4239
1689063021494,-286132,4239
1689063021498,-286132,4239
1689063021500,-286132,4239
1689063021502,-286132,4239
1689063021503,-286132,4239
1689063021504,-286132,4239
1689063021506,-286132,4239
1689063021507,-286132,4239
1689063021509,-286132,4239
1689063021511,-286132,4239
1689063021512,-286132,4239
1689063021513,-286132,4239
1689063021515,-286132,4239
1689063021516,-286132,4239
1689063021518,-286132,4239
1689063021520,-286132,4239
1689063021522,-286132,4239
1689063021523,-286132,4239
1689063021525,-286132,4239
1689063021526,-286132,4239
1689063021527,-286132,4239
1689063021528,-286132,4239
1689063021532,-286132,4239
1689063021534,-286132,4239
1689063021536,-286132,4239
1689063021537,-286132,4239
1689063021541,-286132,4239
1689063021543,-286132,4239
1689063021545,-286132,4239
1689063021547,-286132,4239
1689063021549,-286132,4239
1689063021550,-286132,4239
1689063021552,-286132,4239
1689063021554,-286132,4239
1689063021557,-286132,4239
1689063021559,-286132,4239
1689063021561,-286132,4239
1689063021562,-286132,4239
1689063021565,-286132,4239
1689063021568,-286132,4239
1689063021570,-286132,4239
1689063021572,-286132,4239
1689063021575,-286132,4239
1689063021577,-286132,4239
1689063021579,-286132,4239
1689063021580,-286132,4239
1689063021582,-286132,4239
1689063021585,-286132,4239
1689063021588,-286132,4239
1689063021590,-286132,4239
1689063021591,-286132,4239
1689063021593,-286132,4239
1689063021594,-286132,4239
1689063021596,-286132,4239
1689063021599,-286132,4239
1689063021601,-286132,4239
1689063021603,-286132,4239
1689063021604,-286132,4239
1689063021609,-286132,4239
1689063021612,-286132,4239
1689063021614,-286132,4239
1689063021615,-286132,4239
1689063021617,-286132,4239
1689063021620,-286132,4239
1689063021623,-286132,4239
1689063021625,-286132,4239
1689063021627,-286132,4239
1689063021629,-286132,4239
1689063021631,-286132,4239
1689063021633,-286132,4239
1689063021635,-286132,4239
1689063021636,-286132,4239
1689063021640,-286132,4239
1689063021643,-286132,4239
1689063021645,-286132,4239
1689063021646,-286132,4239
1689063021648,-286132,4239
1689063021650,-286132,4239
1689063021653,-286132,4239
1689063021656,-286132,4239
1689063021659,-286132,4239
1689063021662,-286132,4239
1689063021663,-286132,4239
1689063021665,-286132,4239
1689063021668,-286132,4239
1689063021669,-286132,4239
1689063021671,-286132,4239
1689063021675,-286132,4239
1689063021678,-286132,4239
1689063021679,-286132,4239
1689063021681,-286132,4239
1689063021683,-286132,4239
1689063021686,-286132,4239
1689063021688,-286132,4239
1689063021690,-286132,4239
1689063021692,-286132,4239
1689063021693,-286132,4239
1689063021694,-286132,4239
1689063021695,-286132,4239
1689063021698,-286132,4239
1689063021700,-286132,4239
1689063021702,-286132,4239
1689063021704,-286132,4239
1689063021705,-286132,4239
1689063021708,-286132,4239
1689063021711,-286132,4239
1689063021713,-286132,4239
1689063021715,-286132,4239
1689063021718,-286132,4239
1689063021723,-286132,4239
1689063021728,-286132,4239
1689063021732,-286132,4239
1689063021735,-286132,4239
1689063021737,-286132,4239
1689063021745,-286132,4239
1689063021747,-286132,4239
1689063021749,-286132,4239
1689063021751,-286132,4239
1689063021754,-286132,4239
1689063021756,-286132,4239
1689063021759,-286132,4239
1689063021761,-286132,4239
1689063021764,-286132,4239
1689063021766,-286132,4239
1689063021768,-286132,4239
1689063021770,-286132,4239
1689063021771,-286132,4239
1689063021773,-286132,4239
1689063021775,-286132,4239
1689063021777,-286132,4239
1689063021779,-286132,4239
1689063021780,-286132,4239
1689063021782,-286132,4239
1689063021783,-286132,4239
1689063021785,-286132,4239
1689063021788,-286132,4239
1689063021790,-286132,4239
1689063021792,-286132,4239
1689063021793,-286132,4239
1689063021794,-286132,4239
1689063021795,-286132,4239
1689063021796,-286132,4239
1689063021798,-286132,4239
1689063021800,-286132,4239
1689063021802,-286132,4239
1689063021803,-286132,4239
1689063021804,-286132,4239
1689063021808,-286132,4239
1689063021811,-286132,4239
1689063021812,-286132,4239
1689063021814,-286132,4239
1689063021815,-286132,4239
1689063021817,-286132,4239
1689063021820,-286132,4239
1689063021822,-286132,4239
1689063021824,-286132,4239
1689063021826,-286132,4239
1689063021828,-286132,4239
1689063021832,-286132,4239
1689063021835,-286132,4239
1689063021836,-286132,4239
1689063021840,-286132,4239
1689063021844,-286132,4239
1689063021846,-286132,4239
1689063021847,-286132,4239
1689063021848,-286132,4239
1689063021849,-286132,4239
1689063021851,-286132,4239
1689063021853,-286132,4239
1689063021855,-286132,4239
1689063021857,-286132,4239
1689063021859,-286132,4239
1689063021860,-286132,4239
1689063021861,-286132,4239
1689063021862,-286132,4239
1689063021866,-286132,4239
1689063021868,-286132,4239
1689063021871,-286132,4239
1689063021873,-286132,4239
1689063021876,-286132,4239
1689063021878,-286132,4239
1689063021880,-286132,4239
1689063021882,-286132,4239
1689063021883,-286132,4239
1689063021887,-286132,4239
1689063021890,-286132,4239
1689063021892,-286132,4239
1689063021894,-286132,4239
1689063021896,-286132,4239
1689063021899,-286132,4239
1689063021901,-286132,4239
1689063021903,-286132,4239
1689063021905,-286132,4239
1689063021907,-286132,4239
1689063021910,-286132,4239
1689063021912,-286132,4239
1689063021914,-286132,4239
1689063021915,-286132,4239
1689063021916,-286132,4239
1689063021917,-286132,4239
1689063021920,-286132,4239
1689063021923,-286132,4239
1689063021925,-286132,4239
1689063021926,-286132,4239
1689063021928,-286132,4239
1689063021929,-286132,4239
1689063021931,-286132,4239
1689063021933,-286132,4239
1689063021934,-286132,4239
1689063021935,-286132,4239
1689063021936,-286132,4239
1689063021937,-286132,4239
1689063021940,-286132,4239
1689063021942,-286132,4239
1689063021943,-286132,4239
1689063021944,-286132,4239
1689063021945,-286132,4239
1689063021945,-286132,4239
1689063021946,-286132,4239
1689063021948,-286132,4239
1689063021949,-286132,4239
1689063021950,-286132,4239
1689063021951,-286132,4239
1689063021953,-286132,4239
1689063021954,-286132,4239
1689063021955,-286132,4239
1689063021956,-286132,4239
1689063021957,-286132,4239
1689063021959,-286132,4239
1689063021959,-286132,4239
1689063021960,-286132,4239
1689063021961,-286132,4239
1689063021965,-286132,4239
1689063021967,-286132,4239
1689063021968,-286132,4239
1689063021969,-286132,4239
1689063021970,-286132,4239
1689063021971,-286132,4239
1689063021975,-286132,4239
1689063021976,-286132,4239
1689063021978,-286132,4239
1689063021979,-286132,4239
1689063021981,-286132,4239
1689063021982,-286132,4239
1689063021983,-286132,4239
1689063021986,-286132,4239
1689063021988,-286132,4239
1689063021990,-286132,4239
1689063021991,-286132,4239
1689063021992,-286132,4239
1689063021993,-286132,4239
1689063021994,-286132,4239
1689063021996,-286132,4239
1689063021998,-286132,4239
1689063022000,-286132,4239
1689063022001,-286132,4239
1689063022003,-286132,4239
1689063022004,-286132,4239
1689063022005,-286132,4239
1689063022007,-286132,4239
1689063022009,-286132,4239
1689063022010,-286132,4239
1689063022011,-286132,4239
1689063022013,-286132,4239
1689063022014,-286132,4239
1689063022015,-286132,4239
1689063022016,-286132,4239
1689063022017,-286132,4239
1689063022019,-286132,4239
1689063022021,-286132,4239
1689063022023,-286132,4239
1689063022024,-286132,4239
1689063022025,-286132,4239
1689063022027,-286132,4239
1689063022028,-286132,4239
1689063022031,-286132,4239
1689063022033,-286132,4239
1689063022034,-286132,4239
1689063022036,-286132,4239
1689063022037,-286132,4239
1689063022041,-286132,4239
1689063022043,-286132,4239
1689063022044,-286132,4239
1689063022046,-286132,4239
1689063022048,-286132,4239
1689063022049,-286132,4239
1689063022052,-286132,4239
1689063022054,-286132,4239
1689063022056,-286132,4239
1689063022057,-286132,4239
1689063022059,-286132,4239
1689063022060,-286132,4239
1689063022061,-286132,4239
1689063022064,-286132,4239
1689063022065,-286132,4239
1689063022067,-286132,4239
1689063022069,-286132,4239
1689063022071,-286132,4239
1689063022075,-286132,4239
1689063022078,-286132,4239
1689063022080,-286132,4239
1689063022082,-286132,4239
1689063022084,-286132,4239
1689063022086,-286132,4239
1689063022089,-286132,4239
1689063022091,-286132,4239
1689063022092,-286132,4239
1689063022094,-286132,4239
1689063022096,-286132,4239
1689063022102,-286132,4239
1689063022104,-286132,4239
1689063022105,-286132,4239
1689063022111,-286132,4239
1689063022113,-286132,4239
1689063022115,-286132,4239
1689063022117,-286132,4239
1689063022121,-286132,4239
1689063022126,-286132,4239
1689063022128,-286132,4239
1689063022133,-286132,4239
1689063022134,-286132,4239
1689063022136,-286132,4239
1689063022137,-286132,4239
1689063022142,-286132,4239
1689063022144,-286132,4239
1689063022146,-286132,4239
1689063022147,-286132,4239
1689063022149,-286132,4239
1689063022151,-286132,4239
1689063022153,-286132,4239
1689063022155,-286132,4239
1689063022157,-286132,4239
1689063022159,-286132,4239
1689063022160,-286132,4239
1689063022164,-286132,4239
1689063022167,-286132,4239
1689063022169,-286132,4239
1689063022171,-286132,4239
1689063022175,-286132,4239
1689063022181,-286132,4239
1689063022183,-286132,4239
1689063022186,-286132,4239
1689063022188,-286132,4239
1689063022190,-286132,4239
1689063022192,-286132,4239
1689063022194,-286132,4239
1689063022196,-286132,4239
1689063022199,-286132,4239
1689063022202,-286132,4239
1689063022203,-286132,4239
1689063022205,-286132,4239
1689063022209,-286132,4239
1689063022211,-286132,4239
1689063022213,-286132,4239
1689063022214,-286132,4239
1689063022216,-286132,4239
1689063022218,-286132,4239
1689063022221,-286132,4239
1689063022223,-286132,4239
1689063022225,-286132,4239
1689063022226,-286132,4239
1689063022228,-286132,4239
1689063022233,-286132,4239
1689063022236,-286132,4239
1689063022238,-286132,4239
1689063022242,-286132,4239
1689063022247,-286132,4239
1689063022249,-286132,4239
1689063022252,-286132,4239
1689063022255,-286132,4239
1689063022259,-286132,4239
1689063022261,-286132,4239
1689063022267,-286132,4239
1689063022270,-286132,4239
1689063022271,-286132,4239
1689063022272,-286132,4239
1689063022273,-286132,4239
1689063022278,-286132,4239
1689063022280,-286132,4239
1689063022281,-286132,4239
1689063022282,-286132,4239
1689063022284,-286132,4239
1689063022285,-286132,4239
1689063022288,-286132,4239
1689063022290,-286132,4239
1689063022292,-286132,4239
1689063022293,-286132,4239
1689063022294,-286132,4239
1689063022295,-286132,4239
1689063022296,-286132,4239
1689063022298,-286132,4239
1689063022300,-286132,4239
1689063022301,-286132,4239
1689063022302,-286132,4239
1689063022303,-286132,4239
1689063022304,-286132,4239
1689063022305,-286132,4239
1689063022307,-286132,4239
1689063022310,-286132,4239
1689063022312,-286132,4239
1689063022313,-286132,4239
1689063022315,-286132,4239
1689063022316,-286132,4239
1689063022320,-286132,4239
1689063022323,-286132,4239
1689063022325,-286132,4239
1689063022326,-286132,4239
1689063022328,-286132,4239
1689063022333,-286132,4239
1689063022335,-286132,4239
1689063022336,-286132,4239
1689063022338,-286132,4239
1689063022343,-286132,4239
1689063022345,-286132,4239
1689063022347,-286132,4239
1689063022349,-286132,4239
1689063022351,-286132,4239
1689063022353,-286132,4239
1689063022355,-286132,4239
1689063022358,-286132,4239
1689063022359,-286132,4239
1689063022361,-286132,4239
1689063022365,-286132,4239
1689063022368,-286132,4239
1689063022371,-286132,4239
1689063022373,-286132,4239
1689063022381,-286132,4239
1689063022384,-286132,4239
1689063022390,-286132,4239
1689063022393,-286132,4239
1689063022398,-286132,4239
1689063022402,-286132,4239
1689063022404,-286132,4239
1689063022409,-286132,4239
1689063022413,-286132,4239
1689063022416,-286132,4239
1689063022419,-286132,4239
1689063022423,-286132,4239
1689063022427,-286132,4239
1689063022430,-286132,4239
1689063022435,-286132,4239
1689063022440,-247070,4239
1689063022445,-247070,4239
1689063022448,-247070,4239
1689063022451,-247070,4239
1689063022454,-247070,4239
1689063022457,-247070,4239
1689063022465,-247070,4239
1689063022469,-247070,4239
1689063022471,-247070,4239
1689063022473,-247070,4239
1689063022476,-247070,4239
1689063022478,-247070,4239
1689063022480,-247070,4239
1689063022481,-247070,4239
1689063022482,-247070,4239
1689063022484,-247070,4239
1689063022485,-247070,4239
1689063022488,-247070,4239
1689063022489,-247070,4239
1689063022490,-247070,4239
1689063022491,-247070,4239
1689063022492,-247070,4239
1689063022494,-247070,4239
1689063022496,-247070,4239
1689063022497,-247070,4239
1689063022500,-247070,4239
1689063022501,-247070,4239
1689063022502,-247070,4239
1689063022503,-247070,4239
1689063022504,-247070,4239
1689063022505,-247070,4239
1689063022506,-247070,4239
1689063022509,-247070,4239
1689063022511,-247070,4239
1689063022512,-247070,4239
1689063022513,-247070,4239
1689063022514,-247070,4239
1689063022516,-247070,4239
1689063022517,-247070,4239
1689063022519,-247070,4239
1689063022523,-247070,4239
1689063022525,-247070,4239
1689063022526,-247070,4239
1689063022528,-247070,4239
1689063022529,-247070,4239
1689063022533,-247070,4239
1689063022535,-247070,4239
1689063022536,-247070,4239
1689063022538,-247070,4239
1689063022539,-247070,4239
1689063022541,-247070,4239
1689063022543,-247070,4239
1689063022544,-247070,4239
1689063022546,-247070,4239
1689063022547,-247070,4239
1689063022548,-247070,4239
1689063022551,-247070,4239
1689063022554,-247070,4239
1689063022556,-247070,4239
1689063022557,-247070,4239
1689063022559,-247070,4239
1689063022560,-247070,4239
1689063022561,-247070,4239
1689063022563,-247070,4239
1689063022564,-247070,4239
1689063022566,-247070,4239
1689063022568,-247070,4239
1689063022570,-247070,4239
1689063022571,-247070,4239
1689063022573,-247070,4239
1689063022576,-247070,4239
1689063022578,-247070,4239
1689063022580,-247070,4239
1689063022581,-247070,4239
1689063022582,-247070,4239
1689063022586,-247070,4239
1689063022589,-247070,4239
1689063022591,-247070,4239
1689063022592,-247070,4239
1689063022593,-247070,4239
1689063022595,-247070,4239
1689063022599,-247070,4239
1689063022601,-247070,4239
1689063022603,-247070,4239
1689063022604,-247070,4239
1689063022605,-247070,4239
1689063022609,-247070,4239
1689063022612,-247070,4239
1689063022614,-247070,4239
1689063022616,-247070,4239
1689063022619,-247070,4239
1689063022622,-247070,4239
1689063022626,-247070,4239
1689063022633,-247070,4239
1689063022635,-247070,4239
1689063022637,-247070,4239
1689063022639,-247070,4239
1689063022645,-247070,4239
1689063022649,-247070,4239
1689063022651,-247070,4239
1689063022654,-247070,4239
1689063022656,-247070,4239
1689063022658,-247070,4239
1689063022660,-247070,4239
1689063022661,-247070,4239
1689063022663,-247070,4239
1689063022665,-247070,4239
1689063022667,-247070,4239
1689063022669,-247070,4239
1689063022671,-247070,4239
1689063022672,-247070,4239
1689063022673,-247070,4239
1689063022675,-247070,4239
1689063022677,-247070,4239
1689063022679,-247070,4239
1689063022681,-247070,4239
1689063022682,-247070,4239
1689063022686,-247070,4239
1689063022690,-247070,4239
1689063022691,-247070,4239
1689063022693,-247070,4239
1689063022694,-247070,4239
1689063022695,-247070,4239
1689063022697,-247070,4239
1689063022700,-247070,4239
1689063022702,-247070,4239
1689063022703,-247070,4239
1689063022705,-247070,4239
1689063022706,-247070,4239
1689063022709,-247070,4239
1689063022711,-247070,4239
1689063022713,-247070,4239
1689063022715,-247070,4239
1689063022717,-247070,4239
1689063022719,-247070,4239
1689063022722,-247070,4239
1689063022724,-247070,4239
1689063022726,-247070,4239
1689063022728,-247070,4239
1689063022729,-247070,4239
1689063022732,-247070,4239
1689063022735,-247070,4239
1689063022737,-247070,4239
1689063022738,-247070,4239
1689063022743,-247070,4239
1689063022746,-247070,4239
1689063022748,-247070,4239
1689063022750,-247070,4239
1689063022752,-247070,4239
1689063022755,-247070,4239
1689063022758,-247070,4239
1689063022760,-247070,4239
1689063022763,-247070,4239
1689063022764,-247070,4239
1689063022767,-247070,4239
1689063022770,-247070,4239
1689063022771,-247070,4239
1689063022778,-247070,4239
1689063022781,-247070,4239
1689063022782,-247070,4239
1689063022784,-247070,4239
1689063022788,-247070,4239
1689063022791,-247070,4239
1689063022793,-247070,4239
1689063022795,-247070,4239
1689063022799,-247070,4239
1689063022802,-247070,4239
1689063022804,-247070,4239
1689063022805,-247070,4239
1689063022807,-247070,4239
1689063022811,-247070,4239
1689063022814,-247070,4239
1689063022816,-247070,4239
1689063022819,-247070,4239
1689063022822,-247070,4239
1689063022825,-247070,4239
1689063022828,-247070,4239
1689063022831,-247070,4239
1689063022835,-247070,4239
1689063022837,-247070,4239
1689063022839,-247070,4239
1689063022845,-247070,4239
1689063022850,-247070,4239
1689063022852,-247070,4239
1689063022856,-247070,4239
1689063022859,-247070,4239
1689063022861,-247070,4239
1689063022864,-247070,4239
1689063022866,-247070,4239
1689063022869,-247070,4239
1689063022870,-247070,4239
1689063022872,-247070,4239
1689063022873,-247070,4239
1689063022875,-247070,4239
1689063022878,-247070,4239
1689063022880,-247070,4239
1689063022882,-247070,4239
1689063022883,-247070,4239
1689063022886,-247070,4239
1689063022889,-247070,4239
1689063022891,-247070,4239
1689063022892,-247070,4239
1689063022893,-247070,4239
1689063022894,-247070,4239
1689063022895,-247070,4239
1689063022896,-247070,4239
1689063022897,-247070,4239
1689063022901,-247070,4239
1689063022903,-247070,4239
1689063022903,-247070,4239
1689063022905,-247070,4239
1689063022906,-247070,4239
1689063022907,-247070,4239
1689063022908,-247070,4239
1689063022912,-247070,4239
1689063022914,-247070,4239
1689063022915,-247070,4239
1689063022918,-247070,4239
1689063022921,-247070,4239
1689063022924,-247070,4239
1689063022926,-247070,4239
1689063022929,-247070,4239
1689063022934,-247070,4239
1689063022936,-247070,4239
1689063022939,-247070,4239
1689063022941,-247070,4239
1689063022943,-247070,4239
1689063022945,-247070,4239
1689063022946,-247070,4239
1689063022949,-247070,4239
1689063022952,-247070,4239
1689063022955,-247070,4239
1689063022957,-247070,4239
1689063022959,-247070,4239
1689063022960,-247070,4239
1689063022961,-247070,4239
1689063022963,-247070,4239
1689063022966,-247070,4239
1689063022968,-247070,4239
1689063022970,-247070,4239
1689063022973,-247070,4239
1689063022975,-247070,4239
1689063022979,-247070,4239
1689063022981,-247070,4239
1689063022983,-247070,4239
1689063022987,-247070,4239
1689063022990,-247070,4239
1689063022992,-247070,4239
1689063022995,-247070,4239
1689063022997,-247070,4239
1689063022999,-247070,4239
1689063023001,-247070,4239
1689063023003,-247070,4239
1689063023004,-247070,4239
1689063023006,-247070,4239
1689063023011,-247070,4239
1689063023013,-247070,4239
1689063023014,-247070,4239
1689063023015,-247070,4239
1689063023017,-247070,4239
1689063023019,-247070,4239
1689063023022,-247070,4239
1689063023024,-247070,4239
1689063023025,-247070,4239
1689063023026,-247070,4239
1689063023028,-247070,4239
1689063023029,-247070,4239
1689063023034,-247070,4239
1689063023036,-247070,4239
1689063023037,-247070,4239
1689063023038,-247070,4239
1689063023040,-247070,4239
1689063023041,-247070,4239
1689063023043,-247070,4239
1689063023044,-247070,4239
1689063023046,-247070,4239
1689063023047,-247070,4239
1689063023049,-247070,4239
1689063023051,-247070,4239
1689063023053,-247070,4239
1689063023054,-247070,4239
1689063023056,-247070,4239
1689063023057,-247070,4239
1689063023059,-247070,4239
1689063023060,-247070,4239
1689063023062,-247070,4239
1689063023066,-247070,4239
1689063023070,-247070,4239
1689063023071,-247070,4239
1689063023072,-247070,4239
1689063023076,-247070,4239
1689063023079,-247070,4239
1689063023080,-247070,4239
1689063023081,-247070,4239
1689063023082,-247070,4239
1689063023086,-247070,4239
1689063023089,-247070,4239
1689063023091,-247070,4239
1689063023094,-247070,4239
1689063023095,-247070,4239
1689063023097,-247070,4239
1689063023101,-247070,4239
1689063023102,-247070,4239
1689063023104,-247070,4239
1689063023105,-247070,4239
1689063023107,-247070,4239
1689063023110,-247070,4239
1689063023112,-247070,4239
1689063023114,-247070,4239
1689063023115,-247070,4239
1689063023117,-247070,4239
1689063023119,-247070,4239
1689063023122,-247070,4239
1689063023123,-247070,4239
1689063023125,-247070,4239
1689063023126,-247070,4239
1689063023128,-247070,4239
1689063023129,-247070,4239
1689063023131,-247070,4239
1689063023133,-247070,4239
1689063023135,-247070,4239
1689063023137,-247070,4239
1689063023138,-247070,4239
1689063023141,-247070,4239
1689063023143,-247070,4239
1689063023145,-247070,4239
1689063023146,-247070,4239
1689063023148,-247070,4239
1689063023149,-247070,4239
1689063023150,-247070,4239
1689063023152,-247070,4239
1689063023154,-247070,4239
1689063023155,-247070,4239
1689063023157,-247070,4239
1689063023158,-247070,4239
1689063023160,-247070,4239
1689063023161,-247070,4239
1689063023162,-247070,4239
1689063023165,-247070,4239
1689063023168,-247070,4239
1689063023170,-247070,4239
1689063023171,-247070,4239
1689063023178,-247070,4239
1689063023180,-247070,4239
1689063023182,-247070,4239
1689063023183,-247070,4239
1689063023186,-247070,4239
1689063023189,-247070,4239
1689063023191,-247070,4239
1689063023193,-247070,4239
1689063023194,-247070,4239
1689063023195,-247070,4239
1689063023197,-247070,4239
1689063023200,-247070,4239
1689063023201,-247070,4239
1689063023203,-247070,4239
1689063023204,-247070,4239
1689063023205,-247070,4239
1689063023207,-247070,4239
1689063023214,-247070,4239
1689063023222,-247070,4239
1689063023225,-247070,4239
1689063023227,-247070,4239
1689063023229,-247070,4239
1689063023233,-247070,4239
1689063023234,-247070,4239
1689063023235,-247070,4239
1689063023236,-247070,4239
1689063023238,-247070,4239
1689063023243,-247070,4239
1689063023245,-247070,4239
1689063023246,-247070,4239
1689063023248,-247070,4239
1689063023250,-247070,4239
1689063023254,-247070,4239
1689063023255,-247070,4239
1689063023257,-247070,4239
1689063023258,-247070,4239
1689063023259,-247070,4239
1689063023260,-247070,4239
1689063023262,-247070,4239
1689063023263,-247070,4239
1689063023264,-247070,4239
1689063023265,-247070,4239
1689063023268,-247070,4239
1689063023269,-247070,4239
1689063023270,-247070,4239
1689063023271,-247070,4239
1689063023272,-247070,4239
1689063023273,-247070,4239
1689063023277,-247070,4239
1689063023279,-247070,4239
1689063023280,-247070,4239
1689063023281,-247070,4239
1689063023282,-247070,4239
1689063023284,-247070,4239
1689063023285,-247070,4239
1689063023287,-247070,4239
1689063023289,-247070,4239
1689063023290,-247070,4239
1689063023292,-247070,4239
1689063023293,-247070,4239
1689063023294,-247070,4239
1689063023296,-247070,4239
1689063023300,-247070,4239
1689063023301,-247070,4239
1689063023303,-247070,4239
1689063023304,-247070,4239
1689063023305,-247070,4239
1689063023309,-247070,4239
1689063023312,-247070,4239
1689063023314,-247070,4239
1689063023316,-247070,4239
1689063023319,-247070,4239
1689063023324,-247070,4239
1689063023328,-247070,4239
1689063023330,-247070,4239
1689063023333,-247070,4239
1689063023336,-247070,4239
1689063023339,-247070,4239
1689063023341,-247070,4239
1689063023345,-247070,4239
1689063023348,-247070,4239
1689063023351,-247070,4239
1689063023354,-247070,4239
1689063023358,-247070,4239
1689063023361,-247070,4239
1689063023366,-247070,4239
1689063023369,-247070,4239
1689063023370,-247070,4239
1689063023371,-247070,4239
1689063023372,-247070,4239
1689063023373,-247070,4239
1689063023374,-247070,4239
1689063023375,-247070,4239
1689063023376,-247070,4239
1689063023379,-247070,4239
1689063023380,-247070,4239
1689063023381,-247070,4239
1689063023382,-247070,4239
1689063023384,-247070,4239
1689063023387,-247070,4239
1689063023389,-247070,4239
1689063023390,-247070,4239
1689063023392,-247070,4239
1689063023393,-247070,4239
1689063023394,-247070,4239
1689063023395,-247070,4239
1689063023396,-247070,4239
1689063023400,-247070,4239
1689063023402,-247070,4239
1689063023404,-247070,4239
1689063023405,-247070,4239
1689063023406,-247070,4239
1689063023408,-247070,4239
1689063023409,-247070,4239
1689063023412,-247070,4239
1689063023413,-247070,4239
1689063023415,-247070,4239
1689063023415,-247070,4239
1689063023416,-247070,4239
1689063023420,-247070,4239
1689063023422,-247070,4239
1689063023423,-247070,4239
1689063023424,-247070,4239
1689063023425,-247070,4239
1689063023426,-247070,4239
1689063023427,-247070,4239
1689063023429,-247070,4239
1689063023430,-247070,4239
1689063023433,-247070,4239
1689063023434,-247070,4239
1689063023439,-247070,4239
1689063023443,-247070,4239
1689063023445,-247070,4239
1689063023446,-247070,4239
1689063023447,-247070,4239
1689063023448,-247070,4239
1689063023450,-247070,4239
1689063023454,-247070,4239
1689063023459,-247070,4239
1689063023462,-247070,4239
1689063023463,-247070,4239
1689063023466,-247070,4239
1689063023468,-247070,4239
1689063023470,-247070,4239
1689063023472,-247070,4239
1689063023474,-247070,4239
1689063023476,-247070,4239
1689063023478,-247070,4239
1689063023479,-247070,4239
1689063023481,-247070,4239
1689063023482,-247070,4239
1689063023483,-247070,4239
1689063023486,-247070,4239
1689063023488,-247070,4239
1689063023490,-247070,4239
1689063023492,-247070,4239
1689063023494,-247070,4239
1689063023496,-247070,4239
1689063023498,-247070,4239
1689063023501,-247070,4239
1689063023503,-247070,4239
1689063023505,-247070,4239
1689063023507,-247070,4239
1689063023512,-247070,4239
1689063023513,-247070,4239
1689063023515,-247070,4239
1689063023517,-247070,4239
1689063023519,-247070,4239
1689063023523,-247070,4239
1689063023525,-247070,4239
1689063023526,-247070,4239
1689063023528,-247070,4239
1689063023530,-247070,4239
1689063023531,-247070,4239
1689063023535,-247070,4239
1689063023538,-247070,4239
1689063023540,-247070,4239
1689063023546,-247070,4239
1689063023549,-247070,4239
1689063023551,-247070,4239
1689063023553,-247070,4239
1689063023555,-247070,4239
1689063023558,-247070,4239
1689063023561,-247070,4239
1689063023563,-247070,4239
1689063023565,-247070,4239
1689063023568,-247070,4239
1689063023570,-247070,4239
1689063023571,-247070,4239
1689063023573,-247070,4239
1689063023574,-247070,4239
1689063023578,-247070,4239
1689063023580,-247070,4239
1689063023582,-247070,4239
1689063023583,-247070,4239
1689063023585,-247070,4239
1689063023589,-247070,4239
1689063023591,-247070,4239
1689063023592,-247070,4239
1689063023594,-247070,4239
1689063023595,-247070,4239
1689063023596,-247070,4239
1689063023598,-247070,4239
1689063023601,-247070,4239
1689063023603,-247070,4239
1689063023604,-247070,4239
1689063023605,-247070,4239
1689063023607,-247070,4239
1689063023611,-247070,4239
1689063023614,-247070,4239
1689063023616,-247070,4239
1689063023618,-247070,4239
1689063023620,-247070,4239
1689063023622,-247070,4239
1689063023624,-247070,4239
1689063023625,-247070,4239
1689063023627,-247070,4239
1689063023628,-247070,4239
1689063023630,-247070,4239
1689063023633,-247070,4239
1689063023635,-247070,4239
1689063023638,-247070,4239
1689063023642,-247070,4239
1689063023644,-247070,4239
1689063023646,-247070,4239
1689063023648,-247070,4239
1689063023649,-247070,4239
1689063023652,-247070,4239
1689063023654,-247070,4239
1689063023656,-247070,4239
1689063023658,-247070,4239
1689063023659,-247070,4239
1689063023660,-247070,4239
1689063023661,-247070,4239
1689063023662,-247070,4239
1689063023663,-247070,4239
1689063023669,-247070,4239
1689063023670,-247070,4239
1689063023671,-247070,4239
1689063023672,-247070,4239
1689063023673,-247070,4239
1689063023678,-247070,4239
1689063023680,-247070,4239
1689063023681,-247070,4239
1689063023682,-247070,4239
1689063023684,-247070,4239
1689063023685,-247070,4239
1689063023688,-247070,4239
1689063023691,-247070,4239
1689063023694,-247070,4239
1689063023696,-247070,4239
1689063023698,-247070,4239
1689063023701,-247070,4239
1689063023703,-247070,4239
1689063023704,-247070,4239
1689063023705,-247070,4239
1689063023706,-247070,4239
1689063023713,-247070,4239
1689063023715,-247070,4239
1689063023717,-247070,4239
1689063023721,-247070,4239
1689063023724,-247070,4239
1689063023726,-247070,4239
1689063023728,-247070,4239
1689063023730,-247070,4239
1689063023731,-247070,4239
1689063023734,-247070,4239
1689063023736,-247070,4239
1689063023738,-247070,4239
1689063023739,-247070,4239
1689063023741,-247070,4239
1689063023746,-247070,4239
1689063023749,-247070,4239
1689063023751,-247070,4239
1689063023753,-247070,4239
1689063023754,-247070,4239
1689063023756,-247070,4239
1689063023758,-247070,4239
1689063023760,-247070,4239
1689063023761,-247070,4239
1689063023762,-247070,4239
1689063023763,-247070,4239
1689063023764,-247070,4239
1689063023766,-247070,4239
1689063023769,-247070,4239
1689063023771,-247070,4239
1689063023772,-247070,4239
1689063023773,-247070,4239
1689063023774,-247070,4239
1689063023775,-247070,4239
1689063023780,-247070,4239
1689063023782,-247070,4239
1689063023783,-247070,4239
1689063023785,-247070,4239
1689063023788,-247070,4239
1689063023792,-247070,4239
1689063023795,-247070,4239
1689063023798,-247070,4239
1689063023801,-247070,4239
1689063023803,-247070,4239
1689063023805,-247070,4239
1689063023806,-247070,4239
1689063023811,-247070,4239
1689063023814,-247070,4239
1689063023816,-247070,4239
1689063023818,-247070,4239
1689063023821,-247070,4239
1689063023823,-247070,4239
1689063023825,-247070,4239
1689063023828,-247070,4239
1689063023830,-247070,4239
1689063023832,-247070,4239
1689063023835,-247070,4239
1689063023837,-247070,4239
1689063023839,-247070,4239
1689063023841,-247070,4239
1689063023849,-247070,4239
1689063023851,-247070,4239
1689063023854,-247070,4239
1689063023857,-247070,4239
1689063023859,-247070,4239
1689063023861,-247070,4239
1689063023862,-247070,4239
1689063023864,-247070,4239
1689063023866,-247070,4239
1689063023870,-247070,4239
1689063023872,-247070,4239
1689063023874,-247070,4239
1689063023875,-247070,4239
1689063023879,-247070,4239
1689063023881,-247070,4239
1689063023884,-247070,4239
1689063023886,-247070,4239
1689063023889,-247070,4239
1689063023892,-247070,4239
1689063023895,-247070,4239
1689063023898,-247070,4239
1689063023901,-247070,4239
1689063023903,-247070,4239
1689063023905,-247070,4239
1689063023906,-247070,4239
1689063023914,-247070,4239
1689063023916,-232421,4239
1689063023918,-232421,4239
1689063023921,-232421,4239
1689063023924,-232421,4239
1689063023926,-232421,4239
1689063023931,-232421,4239
1689063023936,-232421,4239
1689063023940,-232421,4239
1689063023948,-232421,4239
1689063023951,-232421,4239
1689063023953,-232421,4239
1689063023956,-232421,4239
1689063023958,-232421,4239
1689063023960,-232421,4239
1689063023961,-232421,4239
1689063023963,-232421,4239
1689063023965,-232421,4239
1689063023967,-232421,4239
1689063023970,-232421,4239
1689063023971,-232421,4239
1689063023973,-232421,4239
1689063023974,-232421,4239
1689063023975,-232421,4239
1689063023977,-232421,4239
1689063023981,-232421,4239
1689063023983,-232421,4239
1689063023984,-232421,4239
1689063023987,-232421,4239
1689063023994,-232421,4239
1689063023996,-232421,4239
1689063023998,-232421,4239
1689063024000,-232421,4239
1689063024002,-232421,4239
1689063024003,-232421,4239
1689063024004,-232421,4239
1689063024005,-232421,4239
1689063024006,-232421,4239
1689063024009,-232421,4239
1689063024011,-232421,4239
1689063024013,-232421,4239
1689063024014,-232421,4239
1689063024016,-232421,4239
1689063024018,-232421,4239
1689063024020,-232421,4239
1689063024022,-232421,4239
1689063024025,-232421,4239
1689063024027,-232421,4239
1689063024029,-232421,4239
1689063024034,-232421,4239
1689063024037,-232421,4239
1689063024039,-232421,4239
1689063024040,-232421,4239
1689063024047,-232421,4239
1689063024050,-232421,4239
1689063024051,-232421,4239
1689063024054,-232421,4239
1689063024056,-232421,4239
1689063024059,-232421,4239
1689063024060,-232421,4239
1689063024062,-232421,4239
1689063024064,-232421,4239
1689063024066,-232421,4239
1689063024068,-232421,4239
1689063024071,-232421,4239
1689063024072,-232421,4239
1689063024074,-232421,4239
1689063024078,-232421,4239
1689063024081,-232421,4239
1689063024083,-232421,4239
1689063024085,-232421,4239
1689063024088,-232421,4239
1689063024090,-232421,4239
1689063024092,-232421,4239
1689063024094,-232421,4239
1689063024095,-232421,4239
1689063024097,-232421,4239
1689063024099,-232421,4239
1689063024102,-232421,4239
1689063024104,-232421,4239
1689063024106,-232421,4239
1689063024112,-232421,4239
1689063024114,-232421,4239
1689063024115,-232421,4239
1689063024117,-232421,4239
1689063024121,-232421,4239
1689063024123,-232421,4239
1689063024126,-232421,4239
1689063024128,-232421,4239
1689063024130,-232421,4239
1689063024133,-232421,4239
1689063024135,-232421,4239
1689063024137,-232421,4239
1689063024139,-232421,4239
1689063024140,-232421,4239
1689063024141,-232421,4239
1689063024146,-232421,4239
1689063024147,-232421,4239
1689063024149,-232421,4239
1689063024151,-232421,4239
1689063024152,-232421,4239
1689063024155,-232421,4239
1689063024157,-232421,4239
1689063024159,-232421,4239
1689063024160,-232421,4239
1689063024161,-232421,4239
1689063024162,-232421,4239
1689063024163,-232421,4239
1689063024165,-232421,4239
1689063024168,-232421,4239
1689063024169,-232421,4239
1689063024170,-232421,4239
1689063024172,-232421,4239
1689063024173,-232421,4239
1689063024176,-232421,4239
1689063024178,-232421,4239
1689063024180,-232421,4239
1689063024181,-232421,4239
1689063024182,-232421,4239
1689063024184,-232421,4239
1689063024186,-232421,4239
1689063024188,-232421,4239
1689063024190,-232421,4239
1689063024191,-232421,4239
1689063024192,-232421,4239
1689063024193,-232421,4239
1689063024194,-232421,4239
1689063024196,-232421,4239
1689063024197,-232421,4239
1689063024198,-232421,4239
1689063024202,-232421,4239
1689063024204,-232421,4239
1689063024205,-232421,4239
1689063024206,-232421,4239
1689063024209,-232421,4239
1689063024211,-232421,4239
1689063024213,-232421,4239
1689063024214,-232421,4239
1689063024215,-232421,4239
1689063024216,-232421,4239
1689063024219,-232421,4239
1689063024221,-232421,4239
1689063024223,-232421,4239
1689063024224,-232421,4239
1689063024226,-232421,4239
1689063024227,-232421,4239
1689063024229,-232421,4239
1689063024230,-232421,4239
1689063024232,-232421,4239
1689063024234,-232421,4239
1689063024236,-232421,4239
1689063024239,-232421,4239
1689063024240,-232421,4239
1689063024244,-232421,4239
1689063024246,-232421,4239
1689063024248,-232421,4239
1689063024249,-232421,4239
1689063024251,-232421,4239
1689063024253,-232421,4239
1689063024254,-232421,4239
1689063024256,-232421,4239
1689063024258,-232421,4239
1689063024260,-232421,4239
1689063024262,-232421,4239
1689063024263,-232421,4239
1689063024264,-232421,4239
1689063024265,-232421,4239
1689063024266,-232421,4239
1689063024268,-232421,4239
1689063024270,-232421,4239
1689063024271,-232421,4239
1689063024272,-232421,4239
1689063024272,-232421,4239
1689063024273,-232421,4239
1689063024274,-232421,4239
1689063024276,-232421,4239
1689063024277,-232421,4239
1689063024279,-232421,4239
1689063024280,-232421,4239
1689063024281,-232421,4239
1689063024282,-232421,4239
1689063024284,-232421,4239
1689063024286,-232421,4239
1689063024287,-232421,4239
1689063024289,-232421,4239
1689063024290,-232421,4239
1689063024291,-232421,4239
1689063024293,-232421,4239
1689063024294,-232421,4239
1689063024295,-232421,4239
1689063024297,-232421,4239
1689063024300,-232421,4239
1689063024302,-232421,4239
1689063024303,-232421,4239
1689063024304,-232421,4239
1689063024305,-232421,4239
1689063024306,-232421,4239
1689063024313,-232421,4239
1689063024315,-232421,4239
1689063024318,-232421,4239
1689063024322,-232421,4239
1689063024324,-232421,4239
1689063024326,-232421,4239
1689063024328,-232421,4239
1689063024330,-232421,4239
1689063024332,-232421,4239
1689063024335,-232421,4239
1689063024337,-232421,4239
1689063024339,-232421,4239
1689063024340,-232421,4239
1689063024342,-232421,4239
1689063024345,-232421,4239
1689063024348,-232421,4239
1689063024350,-232421,4239
1689063024352,-232421,4239
1689063024354,-232421,4239
1689063024356,-232421,4239
1689063024359,-232421,4239
1689063024360,-232421,4239
1689063024362,-232421,4239
1689063024363,-232421,4239
1689063024364,-232421,4239
1689063024365,-232421,4239
1689063024369,-232421,4239
1689063024370,-232421,4239
1689063024372,-232421,4239
1689063024374,-232421,4239
1689063024376,-232421,4239
1689063024379,-232421,4239
1689063024383,-232421,4239
1689063024386,-232421,4239
1689063024389,-232421,4239
1689063024391,-232421,4239
1689063024396,-232421,4239
1689063024399,-232421,4239
1689063024402,-232421,4239
1689063024404,-232421,4239
1689063024406,-232421,4239
1689063024408,-232421,4239
1689063024411,-232421,4239
1689063024412,-232421,4239
1689063024414,-232421,4239
1689063024416,-232421,4239
1689063024418,-232421,4239
1689063024420,-232421,4239
1689063024422,-232421,4239
1689063024423,-232421,4239
1689063024424,-232421,4239
1689063024425,-232421,4239
1689063024427,-232421,4239
1689063024429,-232421,4239
1689063024430,-232421,4239
1689063024434,-232421,4239
1689063024436,-232421,4239
1689063024438,-232421,4239
1689063024440,-232421,4239
1689063024441,-232421,4239
1689063024443,-232421,4239
1689063024445,-232421,4239
1689063024446,-232421,4239
1689063024448,-232421,4239
1689063024449,-232421,4239
1689063024451,-232421,4239
1689063024452,-232421,4239
1689063024455,-232421,4239
1689063024456,-232421,4239
1689063024458,-232421,4239
1689063024459,-232421,4239
1689063024460,-232421,4239
1689063024461,-232421,4239
1689063024462,-232421,4239
1689063024463,-232421,4239
1689063024464,-232421,4239
1689063024468,-232421,4239
1689063024470,-232421,4239
1689063024471,-232421,4239
1689063024473,-232421,4239
1689063024474,-232421,4239
1689063024478,-232421,4239
1689063024480,-232421,4239
1689063024482,-232421,4239
1689063024483,-232421,4239
1689063024485,-232421,4239
1689063024488,-232421,4239
1689063024490,-232421,4239
1689063024493,-232421,4239
1689063024495,-232421,4239
1689063024499,-232421,4239
1689063024503,-232421,4239
1689063024505,-232421,4239
1689063024508,-232421,4239
1689063024515,-232421,4239
1689063024518,-232421,4239
1689063024522,-232421,4239
1689063024524,-232421,4239
1689063024527,-232421,4239
1689063024529,-232421,4239
1689063024531,-232421,4239
1689063024538,-232421,4239
1689063024540,-232421,4239
1689063024543,-232421,4239
1689063024549,-232421,4239
1689063024551,-232421,4239
1689063024554,-232421,4239
1689063024556,-232421,4239
1689063024559,-232421,4239
1689063024560,-232421,4239
1689063024562,-232421,4239
1689063024563,-232421,4239
1689063024570,-232421,4239
1689063024572,-232421,4239
1689063024574,-232421,4239
1689063024579,-232421,4239
1689063024582,-232421,4239
1689063024584,-232421,4239
1689063024587,-232421,4239
1689063024593,-232421,4239
1689063024596,-232421,4239
1689063024599,-232421,4239
1689063024601,-232421,4239
1689063024603,-232421,4239
1689063024605,-232421,4239
1689063024606,-232421,4239
1689063024609,-232421,4239
1689063024612,-232421,4239
1689063024614,-232421,4239
1689063024615,-232421,4239
1689063024617,-232421,4239
1689063024620,-232421,4239
1689063024623,-232421,4239
1689063024625,-232421,4239
1689063024626,-232421,4239
1689063024629,-232421,4239
1689063024630,-232421,4239
1689063024636,-232421,4239
1689063024638,-232421,4239
1689063024639,-232421,4239
1689063024641,-232421,4239
1689063024647,-232421,4239
1689063024650,-232421,4239
1689063024654,-232421,4239
1689063024656,-232421,4239
1689063024659,-232421,4239
1689063024661,-232421,4239
1689063024663,-232421,4239
1689063024664,-232421,4239
1689063024680,-232421,4239
1689063024686,-232421,4239
1689063024701,-232421,4239
1689063024710,-232421,4239
1689063024712,-232421,4239
1689063024714,-232421,4239
1689063024716,-232421,4239
1689063024720,-232421,4239
1689063024733,-232421,4239
1689063024736,-232421,4239
1689063024739,-232421,4239
1689063024741,-232421,4239
1689063024743,-232421,4239
1689063024745,-232421,4239
1689063024749,-232421,4239
1689063024753,-232421,4239
1689063024755,-232421,4239
1689063024756,-232421,4239
1689063024758,-232421,4239
1689063024759,-232421,4239
1689063024761,-232421,4239
1689063024763,-232421,4239
1689063024765,-232421,4239
1689063024773,-232421,4239
1689063024775,-232421,4239
1689063024779,-232421,4239
1689063024781,-232421,4239
1689063024785,-232421,4239
1689063024787,-232421,4239
1689063024790,-232421,4239
1689063024791,-232421,4239
1689063024793,-232421,4239
1689063024794,-232421,4239
1689063024796,-232421,4239
1689063024797,-232421,4239
1689063024800,-232421,4239
1689063024803,-232421,4239
1689063024806,-232421,4239
1689063024813,-232421,4239
1689063024818,-232421,4239
1689063024819,-232421,4239
1689063024821,-232421,4239
1689063024822,-232421,4239
1689063024823,-232421,4239
1689063024824,-232421,4239
1689063024826,-232421,4239
1689063024827,-232421,4239
1689063024828,-232421,4239
1689063024829,-232421,4239
1689063024830,-232421,4239
1689063024834,-232421,4239
1689063024837,-232421,4239
1689063024839,-232421,4239
1689063024842,-232421,4239
1689063024845,-232421,4239
1689063024847,-232421,4239
1689063024848,-232421,4239
1689063024850,-232421,4239
1689063024853,-232421,4239
1689063024855,-232421,4239
1689063024857,-232421,4239
1689063024859,-232421,4239
1689063024860,-232421,4239
1689063024862,-232421,4239
1689063024864,-232421,4239
1689063024869,-232421,4239
1689063024870,-232421,4239
1689063024872,-232421,4239
1689063024874,-232421,4239
1689063024876,-232421,4239
1689063024879,-232421,4239
1689063024881,-232421,4239
1689063024882,-232421,4239
1689063024884,-232421,4239
1689063024887,-232421,4239
1689063024889,-232421,4239
1689063024891,-232421,4239
1689063024892,-232421,4239
1689063024893,-232421,4239
1689063024894,-232421,4239
1689063024895,-232421,4239
1689063024896,-232421,4239
1689063024897,-232421,4239
1689063024902,-232421,4239
1689063024904,-232421,4239
1689063024905,-232421,4239
1689063024906,-232421,4239
1689063024907,-232421,4239
1689063024911,-232421,4239
1689063024913,-232421,4239
1689063024914,-232421,4239
1689063024915,-232421,4239
1689063024917,-232421,4239
1689063024921,-232421,4239
1689063024923,-232421,4239
1689063024925,-232421,4239
1689063024926,-232421,4239
1689063024928,-232421,4239
1689063024930,-232421,4239
1689063024932,-232421,4239
1689063024935,-232421,4239
1689063024938,-232421,4239
1689063024940,-232421,4239
1689063024942,-232421,4239
1689063024947,-232421,4239
1689063024950,-232421,4239
1689063024952,-232421,4239
1689063024955,-232421,4239
1689063024958,-232421,4239
1689063024962,-232421,4239
1689063024965,-232421,4239
1689063024967,-232421,4239
1689063024970,-232421,4239
1689063024972,-232421,4239
1689063024973,-232421,4239
1689063024975,-232421,4239
1689063024978,-232421,4239
1689063024980,-232421,4239
1689063024982,-232421,4239
1689063024985,-232421,4239
1689063024988,-232421,4239
1689063024990,-232421,4239
1689063024992,-232421,4239
1689063024993,-232421,4239
1689063024994,-232421,4239
1689063024995,-232421,4239
1689063024996,-232421,4239
1689063024997,-232421,4239
1689063024999,-232421,4239
1689063025000,-232421,4239
1689063025003,-232421,4239
1689063025004,-232421,4239
1689063025006,-232421,4239
1689063025007,-232421,4239
1689063025008,-232421,4239
1689063025010,-232421,4239
1689063025011,-232421,4239
1689063025015,-232421,4239
1689063025019,-232421,4239
1689063025022,-232421,4239
1689063025024,-232421,4239
1689063025026,-232421,4239
1689063025028,-232421,4239
1689063025029,-232421,4239
1689063025031,-232421,4239
1689063025036,-232421,4239
1689063025038,-232421,4239
1689063025040,-232421,4239
1689063025047,-232421,4239
1689063025050,-232421,4239
1689063025053,-232421,4239
1689063025056,-232421,4239
1689063025067,-232421,4239
1689063025073,-232421,4239
1689063025079,-232421,4239
1689063025081,-232421,4239
1689063025084,-232421,4239
1689063025088,-232421,4239
1689063025090,-232421,4239
1689063025092,-232421,4239
1689063025094,-232421,4239
1689063025095,-232421,4239
1689063025097,-232421,4239
1689063025098,-232421,4239
1689063025102,-232421,4239
1689063025103,-232421,4239
1689063025104,-232421,4239
1689063025105,-232421,4239
1689063025106,-232421,4239
1689063025108,-232421,4239
1689063025113,-232421,4239
1689063025114,-232421,4239
1689063025115,-232421,4239
1689063025117,-232421,4239
1689063025118,-232421,4239
1689063025121,-232421,4239
1689063025123,-232421,4239
1689063025124,-232421,4239
1689063025125,-232421,4239
1689063025126,-232421,4239
1689063025128,-232421,4239
1689063025129,-232421,4239
1689063025130,-232421,4239
1689063025131,-232421,4239
1689063025136,-232421,4239
1689063025138,-232421,4239
1689063025139,-232421,4239
1689063025140,-232421,4239
1689063025144,-232421,4239
1689063025146,-232421,4239
1689063025148,-232421,4239
1689063025150,-232421,4239
1689063025153,-232421,4239
1689063025156,-232421,4239
1689063025158,-232421,4239
1689063025160,-232421,4239
1689063025161,-232421,4239
1689063025163,-232421,4239
1689063025164,-232421,4239
1689063025168,-232421,4239
1689063025171,-232421,4239
1689063025172,-232421,4239
1689063025174,-232421,4239
1689063025180,-232421,4239
1689063025183,-232421,4239
1689063025186,-232421,4239
1689063025190,-232421,4239
1689063025192,-232421,4239
1689063025194,-232421,4239
1689063025196,-232421,4239
1689063025202,-232421,4239
1689063025204,-232421,4239
1689063025206,-232421,4239
1689063025210,-232421,4239
1689063025216,-232421,4239
1689063025219,-232421,4239
1689063025222,-232421,4239
1689063025225,-232421,4239
1689063025229,-232421,4239
1689063025230,-232421,4239
1689063025234,-232421,4239
1689063025236,-232421,4239
1689063025238,-232421,4239
1689063025239,-232421,4239
1689063025240,-232421,4239
1689063025241,-232421,4239
1689063025247,-232421,4239
1689063025248,-232421,4239
1689063025250,-232421,4239
1689063025251,-232421,4239
1689063025254,-232421,4239
1689063025256,-232421,4239
1689063025258,-232421,4239
1689063025259,-232421,4239
1689063025261,-232421,4239
1689063025263,-232421,4239
1689063025264,-232421,4239
1689063025266,-232421,4239
1689063025268,-232421,4239
1689063025269,-232421,4239
1689063025270,-232421,4239
1689063025271,-232421,4239
1689063025272,-232421,4239
1689063025273,-232421,4239
1689063025274,-232421,4239
1689063025275,-232421,4239
1689063025276,-232421,4239
1689063025278,-232421,4239
1689063025279,-232421,4239
1689063025280,-232421,4239
1689063025281,-232421,4239
1689063025282,-232421,4239
1689063025284,-232421,4239
1689063025285,-232421,4239
1689063025288,-232421,4239
1689063025289,-232421,4239
1689063025290,-232421,4239
1689063025292,-232421,4239
1689063025293,-232421,4239
1689063025293,-232421,4239
1689063025294,-232421,4239
1689063025295,-232421,4239
1689063025296,-232421,4239
1689063025298,-232421,4239
1689063025301,-232421,4239
1689063025303,-232421,4239
1689063025304,-232421,4239
1689063025305,-232421,4239
1689063025310,-232421,4239
1689063025314,-232421,4239
1689063025316,-232421,4239
1689063025319,-232421,4239
1689063025322,-232421,4239
1689063025324,-232421,4239
1689063025326,-232421,4239
1689063025328,-232421,4239
1689063025340,-232421,4239
1689063025378,-232421,4242
1689063025383,-232421,4242
1689063025387,-232421,4242
1689063025390,-232421,4242
1689063025393,-316406,4242
1689063025397,-316406,4242
1689063025401,-316406,4242
1689063025403,-316406,4242
1689063025405,-316406,4242
1689063025407,-316406,4242
1689063025409,-316406,4242
1689063025411,-316406,4242
1689063025412,-316406,4242
1689063025413,-316406,4242
1689063025414,-316406,4242
1689063025416,-316406,4242
1689063025417,-316406,4242
1689063025420,-316406,4242
1689063025422,-316406,4242
1689063025424,-316406,4242
1689063025431,-316406,4242
1689063025434,-316406,4242
1689063025438,-316406,4242
1689063025442,-316406,4242
1689063025447,-316406,4242
1689063025452,-316406,4242
1689063025454,-316406,4242
1689063025457,-316406,4242
1689063025459,-316406,4242
1689063025461,-316406,4242
1689063025462,-316406,4242
1689063025466,-316406,4242
1689063025470,-316406,4242
1689063025473,-316406,4242
1689063025475,-316406,4242
1689063025477,-316406,4242
1689063025479,-316406,4242
1689063025481,-316406,4242
1689063025483,-316406,4242
1689063025486,-316406,4242
1689063025489,-316406,4242
1689063025490,-316406,4242
1689063025492,-316406,4242
1689063025493,-316406,4242
1689063025494,-316406,4242
1689063025495,-316406,4242
1689063025496,-316406,4242
1689063025499,-316406,4242
1689063025502,-316406,4242
1689063025503,-316406,4242
1689063025504,-316406,4242
1689063025504,-316406,4242
1689063025505,-316406,4242
1689063025506,-316406,4242
1689063025507,-316406,4242
1689063025509,-316406,4242
1689063025511,-316406,4242
1689063025513,-316406,4242
1689063025514,-316406,4242
1689063025515,-316406,4242
1689063025517,-316406,4242
1689063025519,-316406,4242
1689063025521,-316406,4242
1689063025522,-316406,4242
1689063025523,-316406,4242
1689063025525,-316406,4242
1689063025526,-316406,4242
1689063025528,-316406,4242
1689063025530,-316406,4242
1689063025532,-316406,4242
1689063025536,-316406,4242
1689063025539,-316406,4242
1689063025541,-316406,4242
1689063025543,-316406,4242
1689063025547,-316406,4242
1689063025551,-316406,4242
1689063025554,-316406,4242
1689063025556,-316406,4242
1689063025558,-316406,4242
1689063025559,-316406,4242
1689063025561,-316406,4242
1689063025562,-316406,4242
1689063025563,-316406,4242
1689063025565,-316406,4242
1689063025566,-316406,4242
1689063025569,-316406,4242
1689063025571,-316406,4242
1689063025573,-316406,4242
1689063025574,-316406,4242
1689063025575,-316406,4242
1689063025576,-316406,4242
1689063025583,-316406,4242
1689063025586,-316406,4242
1689063025589,-316406,4242
1689063025591,-316406,4242
1689063025594,-316406,4242
1689063025596,-316406,4242
1689063025598,-316406,4242
1689063025599,-316406,4242
1689063025604,-316406,4242
1689063025605,-316406,4242
1689063025606,-316406,4242
1689063025608,-316406,4242
1689063025609,-316406,4242
1689063025615,-316406,4242
1689063025618,-316406,4242
1689063025621,-316406,4242
1689063025623,-316406,4242
1689063025625,-316406,4242
1689063025626,-316406,4242
1689063025629,-316406,4242
1689063025631,-316406,4242
1689063025635,-316406,4242
1689063025637,-316406,4242
1689063025640,-316406,4242
1689063025641,-316406,4242
1689063025645,-316406,4242
1689063025648,-316406,4242
1689063025652,-316406,4242
1689063025655,-316406,4242
1689063025657,-316406,4242
1689063025659,-316406,4242
1689063025661,-316406,4242
1689063025663,-316406,4242
1689063025665,-316406,4242
1689063025669,-316406,4242
1689063025672,-316406,4242
1689063025675,-316406,4242
1689063025677,-316406,4242
1689063025681,-316406,4242
1689063025684,-316406,4242
1689063025687,-316406,4242
1689063025693,-316406,4242
1689063025696,-316406,4242
1689063025699,-316406,4242
1689063025701,-316406,4242
1689063025703,-316406,4242
1689063025705,-316406,4242
1689063025707,-316406,4242
1689063025709,-316406,4242
1689063025711,-316406,4242
1689063025715,-316406,4242
1689063025718,-316406,4242
1689063025722,-316406,4242
1689063025725,-316406,4242
1689063025727,-316406,4242
1689063025729,-316406,4242
1689063025730,-316406,4242
1689063025732,-316406,4242
1689063025738,-316406,4242
1689063025740,-316406,4242
1689063025742,-316406,4242
1689063025743,-316406,4242
1689063025748,-316406,4242
1689063025750,-316406,4242
1689063025753,-316406,4242
1689063025755,-316406,4242
1689063025756,-316406,4242
1689063025758,-316406,4242
1689063025759,-316406,4242
1689063025760,-316406,4242
1689063025761,-316406,4242
1689063025762,-316406,4242
1689063025763,-316406,4242
1689063025764,-316406,4242
1689063025769,-316406,4242
1689063025771,-316406,4242
1689063025772,-316406,4242
1689063025773,-316406,4242
1689063025774,-316406,4242
1689063025775,-316406,4242
1689063025776,-316406,4242
1689063025778,-316406,4242
1689063025781,-316406,4242
1689063025782,-316406,4242
1689063025784,-316406,4242
1689063025786,-316406,4242
1689063025788,-316406,4242
1689063025789,-316406,4242
1689063025790,-316406,4242
1689063025791,-316406,4242
1689063025792,-316406,4242
1689063025793,-316406,4242
1689063025794,-316406,4242
1689063025795,-316406,4242
1689063025796,-316406,4242
1689063025798,-316406,4242
1689063025801,-316406,4242
1689063025802,-316406,4242
1689063025803,-316406,4242
1689063025804,-316406,4242
1689063025805,-316406,4242
1689063025806,-316406,4242
1689063025807,-316406,4242
1689063025811,-316406,4242
1689063025812,-316406,4242
1689063025814,-316406,4242
1689063025815,-316406,4242
1689063025816,-316406,4242
1689063025819,-316406,4242
1689063025823,-316406,4242
1689063025825,-316406,4242
1689063025827,-316406,4242
1689063025829,-316406,4242
1689063025830,-316406,4242
1689063025831,-316406,4242
1689063025832,-316406,4242
1689063025836,-316406,4242
1689063025837,-316406,4242
1689063025839,-316406,4242
1689063025840,-316406,4242
1689063025841,-316406,4242
1689063025842,-316406,4242
1689063025844,-316406,4242
1689063025847,-316406,4242
1689063025849,-316406,4242
1689063025851,-316406,4242
1689063025854,-316406,4242
1689063025856,-316406,4242
1689063025859,-316406,4242
1689063025861,-316406,4242
1689063025863,-316406,4242
1689063025865,-316406,4242
1689063025867,-316406,4242
1689063025870,-316406,4242
1689063025871,-316406,4242
1689063025873,-316406,4242
1689063025874,-316406,4242
1689063025875,-316406,4242
1689063025876,-316406,4242
1689063025880,-316406,4242
1689063025883,-316406,4242
1689063025885,-316406,4242
1689063025887,-316406,4242
1689063025889,-316406,4242
1689063025891,-316406,4242
1689063025892,-316406,4242
1689063025893,-316406,4242
1689063025894,-316406,4242
1689063025895,-316406,4242
1689063025896,-316406,4242
1689063025898,-316406,4242
1689063025902,-316406,4242
1689063025904,-316406,4242
1689063025905,-316406,4242
1689063025907,-316406,4242
1689063025909,-316406,4242
1689063025914,-316406,4242
1689063025916,-316406,4242
1689063025919,-316406,4242
1689063025922,-316406,4242
1689063025924,-316406,4242
1689063025927,-316406,4242
1689063025929,-316406,4242
1689063025930,-316406,4242
1689063025931,-316406,4242
1689063025933,-316406,4242
1689063025935,-316406,4242
1689063025937,-316406,4242
1689063025939,-316406,4242
1689063025940,-316406,4242
1689063025942,-316406,4242
1689063025943,-316406,4242
1689063025945,-316406,4242
1689063025947,-316406,4242
1689063025949,-316406,4242
1689063025950,-316406,4242
1689063025952,-316406,4242
1689063025954,-316406,4242
1689063025956,-316406,4242
1689063025958,-316406,4242
1689063025959,-316406,4242
1689063025961,-316406,4242
1689063025962,-316406,4242
1689063025963,-316406,4242
1689063025965,-316406,4242
1689063025966,-316406,4242
1689063025968,-316406,4242
1689063025970,-316406,4242
1689063025971,-316406,4242
1689063025973,-316406,4242
1689063025974,-316406,4242
1689063025976,-316406,4242
1689063025980,-316406,4242
1689063025982,-316406,4242
1689063025984,-316406,4242
1689063025986,-316406,4242
1689063025988,-316406,4242
1689063025990,-316406,4242
1689063025992,-316406,4242
1689063025994,-316406,4242
1689063025995,-316406,4242
1689063025999,-316406,4242
1689063026002,-316406,4242
1689063026004,-316406,4242
1689063026006,-316406,4242
1689063026009,-316406,4242
1689063026014,-316406,4242
1689063026017,-316406,4242
1689063026020,-316406,4242
1689063026023,-316406,4242
1689063026026,-316406,4242
1689063026029,-316406,4242
1689063026031,-316406,4242
1689063026033,-316406,4242
1689063026036,-316406,4242
1689063026040,-316406,4242
1689063026041,-316406,4242
1689063026043,-316406,4242
1689063026047,-316406,4242
1689063026050,-316406,4242
1689063026052,-316406,4242
1689063026055,-316406,4242
1689063026057,-316406,4242
1689063026059,-316406,4242
1689063026061,-316406,4242
1689063026063,-316406,4242
1689063026065,-316406,4242
1689063026066,-316406,4242
1689063026069,-316406,4242
1689063026071,-316406,4242
1689063026073,-316406,4242
1689063026074,-316406,4242
1689063026076,-316406,4242
1689063026078,-316406,4242
1689063026081,-316406,4242
1689063026083,-316406,4242
1689063026085,-316406,4242
1689063026088,-316406,4242
1689063026090,-316406,4242
1689063026091,-316406,4242
1689063026092,-316406,4242
1689063026093,-316406,4242
1689063026095,-316406,4242
1689063026096,-316406,4242
1689063026097,-316406,4242
1689063026099,-316406,4242
1689063026103,-316406,4242
1689063026104,-316406,4242
1689063026105,-316406,4242
1689063026108,-316406,4242
1689063026115,-316406,4242
1689063026118,-316406,4242
1689063026121,-316406,4242
1689063026123,-316406,4242
1689063026125,-316406,4242
1689063026126,-316406,4242
1689063026127,-316406,4242
1689063026129,-316406,4242
1689063026130,-316406,4242
1689063026132,-316406,4242
1689063026134,-316406,4242
1689063026137,-316406,4242
1689063026139,-316406,4242
1689063026140,-316406,4242
1689063026141,-316406,4242
1689063026142,-316406,4242
1689063026149,-316406,4242
1689063026151,-316406,4242
1689063026154,-316406,4242
1689063026156,-316406,4242
1689063026159,-316406,4242
1689063026161,-316406,4242
1689063026162,-316406,4242
1689063026164,-316406,4242
1689063026165,-316406,4242
1689063026167,-316406,4242
1689063026169,-316406,4242
1689063026170,-316406,4242
1689063026171,-316406,4242
1689063026172,-316406,4242
1689063026173,-316406,4242
1689063026174,-316406,4242
1689063026175,-316406,4242
1689063026176,-316406,4242
1689063026179,-316406,4242
1689063026181,-316406,4242
1689063026182,-316406,4242
1689063026185,-316406,4242
1689063026188,-316406,4242
1689063026190,-316406,4242
1689063026191,-316406,4242
1689063026192,-316406,4242
1689063026193,-316406,4242
1689063026194,-316406,4242
1689063026196,-316406,4242
1689063026198,-316406,4242
1689063026199,-316406,4242
1689063026203,-316406,4242
1689063026205,-316406,4242
1689063026207,-316406,4242
1689063026208,-316406,4242
1689063026213,-316406,4242
1689063026215,-316406,4242
1689063026218,-316406,4242
1689063026221,-316406,4242
1689063026223,-316406,4242
1689063026225,-316406,4242
1689063026229,-316406,4242
1689063026231,-316406,4242
1689063026232,-316406,4242
1689063026235,-316406,4242
1689063026237,-316406,4242
1689063026239,-316406,4242
1689063026241,-316406,4242
1689063026244,-316406,4242
1689063026245,-316406,4242
1689063026248,-316406,4242
1689063026252,-316406,4242
1689063026255,-316406,4242
1689063026258,-316406,4242
1689063026260,-316406,4242
1689063026262,-316406,4242
1689063026264,-316406,4242
1689063026266,-316406,4242
1689063026270,-316406,4242
1689063026271,-316406,4242
1689063026273,-316406,4242
1689063026274,-316406,4242
1689063026276,-316406,4242
1689063026278,-316406,4242
1689063026282,-316406,4242
1689063026283,-316406,4242
1689063026285,-316406,4242
1689063026287,-316406,4242
1689063026290,-316406,4242
1689063026292,-316406,4242
1689063026293,-316406,4242
1689063026294,-316406,4242
1689063026295,-316406,4242
1689063026297,-316406,4242
1689063026299,-316406,4242
1689063026301,-316406,4242
1689063026303,-316406,4242
1689063026304,-316406,4242
1689063026306,-316406,4242
1689063026308,-316406,4242
1689063026309,-316406,4242
1689063026315,-316406,4242
1689063026317,-316406,4242
1689063026320,-316406,4242
1689063026323,-316406,4242
1689063026324,-316406,4242
1689063026325,-316406,4242
1689063026327,-316406,4242
1689063026328,-316406,4242
1689063026329,-316406,4242
1689063026331,-316406,4242
1689063026332,-316406,4242
1689063026333,-316406,4242
1689063026334,-316406,4242
1689063026337,-316406,4242
1689063026338,-316406,4242
1689063026340,-316406,4242
1689063026341,-316406,4242
1689063026342,-316406,4242
1689063026346,-316406,4242
1689063026348,-316406,4242
1689063026351,-316406,4242
1689063026352,-316406,4242
1689063026354,-316406,4242
1689063026355,-316406,4242
1689063026356,-316406,4242
1689063026358,-316406,4242
1689063026359,-316406,4242
1689063026360,-316406,4242
1689063026361,-316406,4242
1689063026362,-316406,4242
1689063026363,-316406,4242
1689063026364,-316406,4242
1689063026365,-316406,4242
1689063026369,-316406,4242
1689063026371,-316406,4242
1689063026372,-316406,4242
1689063026374,-316406,4242
1689063026375,-316406,4242
1689063026376,-316406,4242
1689063026380,-316406,4242
1689063026382,-316406,4242
1689063026383,-316406,4242
1689063026386,-316406,4242
1689063026391,-316406,4242
1689063026393,-316406,4242
1689063026395,-316406,4242
1689063026397,-316406,4242
1689063026398,-316406,4242
1689063026403,-316406,4242
1689063026405,-316406,4242
1689063026406,-316406,4242
1689063026408,-316406,4242
1689063026412,-316406,4242
1689063026415,-316406,4242
1689063026416,-316406,4242
1689063026418,-316406,4242
1689063026420,-316406,4242
1689063026422,-316406,4242
1689063026424,-316406,4242
1689063026425,-316406,4242
1689063026427,-316406,4242
1689063026428,-316406,4242
1689063026430,-316406,4242
1689063026431,-316406,4242
1689063026432,-316406,4242
1689063026451,-316406,4242
1689063026454,-316406,4242
1689063026456,-316406,4242
1689063026458,-316406,4242
1689063026460,-316406,4242
1689063026462,-316406,4242
1689063026463,-316406,4242
1689063026464,-316406,4242
1689063026465,-316406,4242
1689063026468,-316406,4242
1689063026470,-316406,4242
1689063026472,-316406,4242
1689063026473,-316406,4242
1689063026474,-316406,4242
1689063026474,-316406,4242
1689063026475,-316406,4242
1689063026476,-316406,4242
1689063026477,-316406,4242
1689063026479,-316406,4242
1689063026481,-316406,4242
1689063026482,-316406,4242
1689063026484,-316406,4242
1689063026485,-316406,4242
1689063026487,-316406,4242
1689063026490,-316406,4242
1689063026491,-316406,4242
1689063026493,-316406,4242
1689063026494,-316406,4242
1689063026495,-316406,4242
1689063026496,-316406,4242
1689063026498,-316406,4242
1689063026499,-316406,4242
1689063026503,-316406,4242
1689063026504,-316406,4242
1689063026505,-316406,4242
1689063026506,-316406,4242
1689063026507,-316406,4242
1689063026508,-316406,4242
1689063026509,-316406,4242
1689063026510,-316406,4242
1689063026513,-316406,4242
1689063026515,-316406,4242
1689063026516,-316406,4242
1689063026517,-316406,4242
1689063026519,-316406,4242
1689063026521,-316406,4242
1689063026522,-316406,4242
1689063026523,-316406,4242
1689063026524,-316406,4242
1689063026525,-316406,4242
1689063026526,-316406,4242
1689063026528,-316406,4242
1689063026529,-316406,4242
1689063026530,-316406,4242
1689063026532,-316406,4242
1689063026533,-316406,4242
1689063026537,-316406,4242
1689063026540,-316406,4242
1689063026542,-316406,4242
1689063026545,-316406,4242
1689063026548,-316406,4242
1689063026549,-316406,4242
1689063026551,-316406,4242
1689063026553,-316406,4242
1689063026555,-316406,4242
1689063026556,-316406,4242
1689063026558,-316406,4242
1689063026559,-316406,4242
1689063026560,-316406,4242
1689063026561,-316406,4242
1689063026562,-316406,4242
1689063026563,-316406,4242
1689063026564,-316406,4242
1689063026565,-316406,4242
1689063026566,-316406,4242
1689063026570,-316406,4242
1689063026572,-316406,4242
1689063026573,-316406,4242
1689063026574,-316406,4242
1689063026576,-316406,4242
1689063026580,-316406,4242
1689063026582,-316406,4242
1689063026584,-316406,4242
1689063026586,-316406,4242
1689063026588,-316406,4242
1689063026590,-316406,4242
1689063026591,-316406,4242
1689063026593,-316406,4242
1689063026594,-316406,4242
1689063026595,-316406,4242
1689063026596,-316406,4242
1689063026599,-316406,4242
1689063026601,-316406,4242
1689063026603,-316406,4242
1689063026605,-316406,4242
1689063026606,-316406,4242
1689063026608,-316406,4242
1689063026610,-316406,4242
1689063026612,-316406,4242
1689063026614,-316406,4242
1689063026615,-316406,4242
1689063026616,-316406,4242
1689063026620,-316406,4242
1689063026625,-316406,4242
1689063026628,-316406,4242
1689063026630,-316406,4242
1689063026632,-316406,4242
1689063026633,-316406,4242
1689063026636,-316406,4242
1689063026638,-316406,4242
1689063026640,-316406,4242
1689063026641,-316406,4242
1689063026643,-316406,4242
1689063026644,-316406,4242
1689063026646,-316406,4242
1689063026651,-316406,4242
1689063026654,-316406,4242
1689063026657,-316406,4242
1689063026659,-316406,4242
1689063026661,-316406,4242
1689063026662,-316406,4242
1689063026664,-316406,4242
1689063026666,-316406,4242
1689063026668,-316406,4242
1689063026671,-316406,4242
1689063026672,-316406,4242
1689063026674,-316406,4242
1689063026675,-316406,4242
1689063026676,-316406,4242
1689063026680,-316406,4242
1689063026682,-316406,4242
1689063026684,-316406,4242
1689063026686,-316406,4242
1689063026689,-316406,4242
1689063026691,-316406,4242
1689063026692,-316406,4242
1689063026693,-316406,4242
1689063026694,-316406,4242
1689063026696,-316406,4242
1689063026697,-316406,4242
1689063026699,-316406,4242
1689063026700,-316406,4242
1689063026705,-316406,4242
1689063026707,-316406,4242
1689063026708,-316406,4242
1689063026710,-316406,4242
1689063026714,-316406,4242
1689063026716,-316406,4242
1689063026718,-316406,4242
1689063026721,-316406,4242
1689063026723,-316406,4242
1689063026726,-316406,4242
1689063026728,-316406,4242
1689063026730,-316406,4242
1689063026731,-316406,4242
1689063026732,-316406,4242
1689063026737,-316406,4242
1689063026739,-316406,4242
1689063026741,-316406,4242
1689063026742,-316406,4242
1689063026743,-316406,4242
1689063026748,-316406,4242
1689063026750,-316406,4242
1689063026752,-316406,4242
1689063026754,-316406,4242
1689063026756,-316406,4242
1689063026759,-316406,4242
1689063026760,-316406,4242
1689063026762,-316406,4242
1689063026763,-316406,4242
1689063026765,-316406,4242
1689063026766,-316406,4242
1689063026768,-316406,4242
1689063026770,-316406,4242
1689063026772,-316406,4242
1689063026773,-316406,4242
1689063026775,-316406,4242
1689063026776,-316406,4242
1689063026778,-316406,4242
1689063026781,-316406,4242
1689063026783,-316406,4242
1689063026786,-316406,4242
1689063026789,-316406,4242
1689063026790,-316406,4242
1689063026792,-316406,4242
1689063026793,-316406,4242
1689063026795,-316406,4242
1689063026796,-316406,4242
1689063026797,-316406,4242
1689063026799,-316406,4242
1689063026803,-316406,4242
1689063026806,-316406,4242
1689063026807,-316406,4242
1689063026810,-316406,4242
1689063026813,-316406,4242
1689063026817,-316406,4242
1689063026820,-316406,4242
1689063026823,-316406,4242
1689063026825,-316406,4242
1689063026828,-316406,4242
1689063026829,-316406,4242
1689063026831,-316406,4242
1689063026833,-316406,4242
1689063026836,-316406,4242
1689063026838,-316406,4242
1689063026840,-316406,4242
1689063026842,-316406,4242
1689063026843,-316406,4242
1689063026845,-316406,4242
1689063026850,-316406,4242
1689063026853,-316406,4242
1689063026856,-316406,4242
1689063026859,-316406,4242
1689063026863,-316406,4242
1689063026865,-316406,4242
1689063026871,-240234,4242
1689063026873,-240234,4242
1689063026875,-240234,4242
1689063026877,-240234,4242
1689063026883,-240234,4242
1689063026886,-240234,4242
1689063026889,-240234,4242
1689063026892,-240234,4242
1689063026893,-240234,4242
1689063026894,-240234,4242
1689063026896,-240234,4242
1689063026898,-240234,4242
1689063026900,-240234,4242
1689063026905,-240234,4242
1689063026908,-240234,4242
1689063026909,-240234,4242
1689063026912,-240234,4242
1689063026915,-240234,4242
1689063026918,-240234,4242
1689063026922,-240234,4242
1689063026924,-240234,4242
1689063026925,-240234,4242
1689063026927,-240234,4242
1689063026929,-240234,4242
1689063026930,-240234,4242
1689063026932,-240234,4242
1689063026933,-240234,4242
1689063026937,-240234,4242
1689063026940,-240234,4242
1689063026942,-240234,4242
1689063026943,-240234,4242
1689063026948,-240234,4242
1689063026950,-240234,4242
1689063026951,-240234,4242
1689063026955,-240234,4242
1689063026957,-240234,4242
1689063026958,-240234,4242
1689063026960,-240234,4242
1689063026961,-240234,4242
1689063026962,-240234,4242
1689063026963,-240234,4242
1689063026964,-240234,4242
1689063026965,-240234,4242
1689063026967,-240234,4242
1689063026969,-240234,4242
1689063026971,-240234,4242
1689063026975,-240234,4242
1689063026977,-240234,4242
1689063026980,-240234,4242
1689063026982,-240234,4242
1689063026984,-240234,4242
1689063026986,-240234,4242
1689063026989,-240234,4242
1689063026992,-240234,4242
1689063026994,-240234,4242
1689063026995,-240234,4242
1689063026997,-240234,4242
1689063026999,-240234,4242
1689063027004,-240234,4242
1689063027006,-240234,4242
1689063027007,-240234,4242
1689063027009,-240234,4242
1689063027012,-240234,4242
1689063027014,-240234,4242
1689063027016,-240234,4242
1689063027019,-240234,4242
1689063027022,-240234,4242
1689063027024,-240234,4242
1689063027025,-240234,4242
1689063027027,-240234,4242
1689063027029,-240234,4242
1689063027031,-240234,4242
1689063027033,-240234,4242
1689063027037,-240234,4242
1689063027040,-240234,4242
1689063027041,-240234,4242
1689063027043,-240234,4242
1689063027044,-240234,4242
1689063027046,-240234,4242
1689063027048,-240234,4242
1689063027051,-240234,4242
1689063027053,-240234,4242
1689063027056,-240234,4242
1689063027058,-240234,4242
1689063027060,-240234,4242
1689063027061,-240234,4242
1689063027063,-240234,4242
1689063027065,-240234,4242
1689063027066,-240234,4242
1689063027070,-240234,4242
1689063027073,-240234,4242
1689063027074,-240234,4242
1689063027076,-240234,4242
1689063027081,-240234,4242
1689063027083,-240234,4242
1689063027086,-240234,4242
1689063027089,-240234,4242
1689063027091,-240234,4242
1689063027092,-240234,4242
1689063027094,-240234,4242
1689063027095,-240234,4242
1689063027096,-240234,4242
1689063027098,-240234,4242
1689063027100,-240234,4242
1689063027101,-240234,4242
1689063027103,-240234,4242
1689063027104,-240234,4242
1689063027106,-240234,4242
1689063027107,-240234,4242
1689063027109,-240234,4242
1689063027110,-240234,4242
1689063027111,-240234,4242
1689063027113,-240234,4242
1689063027114,-240234,4242
1689063027115,-240234,4242
1689063027117,-240234,4242
1689063027119,-240234,4242
1689063027122,-240234,4242
1689063027124,-240234,4242
1689063027126,-240234,4242
1689063027128,-240234,4242
1689063027129,-240234,4242
1689063027130,-240234,4242
1689063027131,-240234,4242
1689063027133,-240234,4242
1689063027134,-240234,4242
1689063027135,-240234,4242
1689063027137,-240234,4242
1689063027139,-240234,4242
1689063027140,-240234,4242
1689063027141,-240234,4242
1689063027142,-240234,4242
1689063027143,-240234,4242
1689063027145,-240234,4242
1689063027149,-240234,4242
1689063027150,-240234,4242
1689063027152,-240234,4242
1689063027154,-240234,4242
1689063027156,-240234,4242
1689063027157,-240234,4242
1689063027158,-240234,4242
1689063027159,-240234,4242
1689063027160,-240234,4242
1689063027161,-240234,4242
1689063027161,-240234,4242
1689063027162,-240234,4242
1689063027163,-240234,4242
1689063027164,-240234,4242
1689063027165,-240234,4242
1689063027166,-240234,4242
1689063027169,-240234,4242
1689063027171,-240234,4242
1689063027172,-240234,4242
1689063027173,-240234,4242
1689063027174,-240234,4242
1689063027176,-240234,4242
1689063027178,-240234,4242
1689063027180,-240234,4242
1689063027181,-240234,4242
1689063027183,-240234,4242
1689063027184,-240234,4242
1689063027187,-240234,4242
1689063027189,-240234,4242
1689063027190,-240234,4242
1689063027192,-240234,4242
1689063027193,-240234,4242
1689063027195,-240234,4242
1689063027196,-240234,4242
1689063027199,-240234,4242
1689063027204,-240234,4242
1689063027206,-240234,4242
1689063027208,-240234,4242
1689063027210,-240234,4242
1689063027213,-240234,4242
1689063027216,-240234,4242
1689063027218,-240234,4242
1689063027221,-240234,4242
1689063027225,-240234,4242
1689063027229,-240234,4242
1689063027232,-240234,4242
1689063027234,-240234,4242
1689063027238,-240234,4242
1689063027240,-240234,4242
1689063027242,-240234,4242
1689063027243,-240234,4242
1689063027248,-240234,4242
1689063027251,-240234,4242
1689063027254,-240234,4242
1689063027256,-240234,4242
1689063027259,-240234,4242
1689063027260,-240234,4242
1689063027262,-240234,4242
1689063027263,-240234,4242
1689063027265,-240234,4242
1689063027268,-240234,4242
1689063027270,-240234,4242
1689063027272,-240234,4242
1689063027274,-240234,4242
1689063027275,-240234,4242
1689063027277,-240234,4242
1689063027279,-240234,4242
1689063027281,-240234,4242
1689063027283,-240234,4242
1689063027288,-240234,4242
1689063027290,-240234,4242
1689063027292,-240234,4242
1689063027293,-240234,4242
1689063027295,-240234,4242
1689063027296,-240234,4242
1689063027297,-240234,4242
1689063027299,-240234,4242
1689063027303,-240234,4242
1689063027305,-240234,4242
1689063027307,-240234,4242
1689063027310,-240234,4242
1689063027315,-240234,4242
1689063027318,-240234,4242
1689063027321,-240234,4242
1689063027324,-240234,4242
1689063027325,-240234,4242
1689063027327,-240234,4242
1689063027329,-240234,4242
1689063027331,-240234,4242
1689063027332,-240234,4242
1689063027334,-240234,4242
1689063027335,-240234,4242
1689063027337,-240234,4242
1689063027339,-240234,4242
1689063027340,-240234,4242
1689063027342,-240234,4242
1689063027343,-240234,4242
1689063027344,-240234,4242
1689063027346,-240234,4242
1689063027348,-240234,4242
1689063027350,-240234,4242
1689063027351,-240234,4242
1689063027354,-240234,4242
1689063027356,-240234,4242
1689063027358,-240234,4242
1689063027360,-240234,4242
1689063027362,-240234,4242
1689063027364,-240234,4242
1689063027365,-240234,4242
1689063027366,-240234,4242
1689063027368,-240234,4242
1689063027369,-240234,4242
1689063027371,-240234,4242
1689063027372,-240234,4242
1689063027373,-240234,4242
1689063027374,-240234,4242
1689063027375,-240234,4242
1689063027377,-240234,4242
1689063027381,-240234,4242
1689063027383,-240234,4242
1689063027387,-240234,4242
1689063027390,-240234,4242
1689063027392,-240234,4242
1689063027393,-240234,4242
1689063027394,-240234,4242
1689063027396,-240234,4242
1689063027397,-240234,4242
1689063027398,-240234,4242
1689063027400,-240234,4242
1689063027401,-240234,4242
1689063027403,-240234,4242
1689063027405,-240234,4242
1689063027407,-240234,4242
1689063027409,-240234,4242
1689063027410,-240234,4242
1689063027412,-240234,4242
1689063027414,-240234,4242
1689063027416,-240234,4242
1689063027418,-240234,4242
1689063027420,-240234,4242
1689063027422,-240234,4242
1689063027424,-240234,4242
1689063027425,-240234,4242
1689063027428,-240234,4242
1689063027429,-240234,4242
1689063027432,-240234,4242
1689063027437,-240234,4242
1689063027439,-240234,4242
1689063027441,-240234,4242
1689063027443,-240234,4242
1689063027446,-240234,4242
1689063027450,-240234,4242
1689063027459,-240234,4242
1689063027462,-240234,4242
1689063027464,-240234,4242
1689063027466,-240234,4242
1689063027470,-240234,4242
1689063027473,-240234,4242
1689063027475,-240234,4242
1689063027477,-240234,4242
1689063027482,-240234,4242
1689063027484,-240234,4242
1689063027487,-240234,4242
1689063027489,-240234,4242
1689063027491,-240234,4242
1689063027493,-240234,4242
1689063027495,-240234,4242
1689063027496,-240234,4242
1689063027498,-240234,4242
1689063027500,-240234,4242
1689063027505,-240234,4242
1689063027508,-240234,4242
1689063027510,-240234,4242
1689063027516,-240234,4242
1689063027519,-240234,4242
1689063027522,-240234,4242
1689063027523,-240234,4242
1689063027524,-240234,4242
1689063027525,-240234,4242
1689063027526,-240234,4242
1689063027527,-240234,4242
1689063027529,-240234,4242
1689063027530,-240234,4242
1689063027531,-240234,4242
1689063027532,-240234,4242
1689063027533,-240234,4242
1689063027537,-240234,4242
1689063027539,-240234,4242
1689063027540,-240234,4242
1689063027541,-240234,4242
1689063027542,-240234,4242
1689063027543,-240234,4242
1689063027546,-240234,4242
1689063027549,-240234,4242
1689063027551,-240234,4242
1689063027553,-240234,4242
1689063027554,-240234,4242
1689063027556,-240234,4242
1689063027557,-240234,4242
1689063027558,-240234,4242
1689063027559,-240234,4242
1689063027560,-240234,4242
1689063027561,-240234,4242
1689063027562,-240234,4242
1689063027563,-240234,4242
1689063027564,-240234,4242
1689063027565,-240234,4242
1689063027566,-240234,4242
1689063027567,-240234,4242
1689063027570,-240234,4242
1689063027571,-240234,4242
1689063027572,-240234,4242
1689063027573,-240234,4242
1689063027574,-240234,4242
1689063027575,-240234,4242
1689063027576,-240234,4242
1689063027577,-240234,4242
1689063027579,-240234,4242
1689063027581,-240234,4242
1689063027582,-240234,4242
1689063027584,-240234,4242
1689063027586,-240234,4242
1689063027588,-240234,4242
1689063027589,-240234,4242
1689063027591,-240234,4242
1689063027592,-240234,4242
1689063027593,-240234,4242
1689063027594,-240234,4242
1689063027595,-240234,4242
1689063027596,-240234,4242
1689063027598,-240234,4242
1689063027599,-240234,4242
1689063027600,-240234,4242
1689063027604,-240234,4242
1689063027605,-240234,4242
1689063027607,-240234,4242
1689063027608,-240234,4242
1689063027609,-240234,4242
1689063027613,-240234,4242
1689063027614,-240234,4242
1689063027615,-240234,4242
1689063027616,-240234,4242
1689063027618,-240234,4242
1689063027620,-240234,4242
1689063027621,-240234,4242
1689063027622,-240234,4242
1689063027623,-240234,4242
1689063027624,-240234,4242
1689063027625,-240234,4242
1689063027626,-240234,4242
1689063027627,-240234,4242
1689063027628,-240234,4242
1689063027629,-240234,4242
1689063027631,-240234,4242
1689063027632,-240234,4242
1689063027633,-240234,4242
1689063027637,-240234,4242
1689063027638,-240234,4242
1689063027640,-240234,4242
1689063027641,-240234,4242
1689063027642,-240234,4242
1689063027647,-240234,4242
1689063027650,-240234,4242
1689063027651,-240234,4242
1689063027653,-240234,4242
1689063027654,-240234,4242
1689063027656,-240234,4242
1689063027657,-240234,4242
1689063027659,-240234,4242
1689063027660,-240234,4242
1689063027661,-240234,4242
1689063027663,-240234,4242
1689063027664,-240234,4242
1689063027665,-240234,4242
1689063027666,-240234,4242
1689063027672,-240234,4242
1689063027674,-240234,4242
1689063027676,-240234,4242
1689063027677,-240234,4242
1689063027681,-240234,4242
1689063027684,-240234,4242
1689063027686,-240234,4242
1689063027689,-240234,4242
1689063027691,-240234,4242
1689063027694,-240234,4242
1689063027696,-240234,4242
1689063027698,-240234,4242
1689063027700,-240234,4242
1689063027702,-240234,4242
1689063027704,-240234,4242
1689063027706,-240234,4242
1689063027708,-240234,4242
1689063027709,-240234,4242
1689063027711,-240234,4242
1689063027714,-240234,4242
1689063027717,-240234,4242
1689063027719,-240234,4242
1689063027722,-240234,4242
1689063027723,-240234,4242
1689063027724,-240234,4242
1689063027725,-240234,4242
1689063027732,-240234,4242
1689063027740,-240234,4242
1689063027746,-240234,4242
1689063027750,-240234,4242
1689063027755,-240234,4242
1689063027758,-240234,4242
1689063027761,-240234,4242
1689063027762,-240234,4242
1689063027764,-240234,4242
1689063027766,-240234,4242
1689063027769,-240234,4242
1689063027774,-240234,4242
1689063027778,-240234,4242
1689063027780,-240234,4242
1689063027786,-240234,4242
1689063027789,-240234,4242
1689063027791,-240234,4242
1689063027793,-240234,4242
1689063027794,-240234,4242
1689063027795,-240234,4242
1689063027797,-240234,4242
1689063027799,-240234,4242
1689063027800,-240234,4242
1689063027805,-240234,4242
1689063027808,-240234,4242
1689063027810,-240234,4242
1689063027811,-240234,4242
1689063027816,-240234,4242
1689063027819,-240234,4242
1689063027822,-240234,4242
1689063027824,-240234,4242
1689063027827,-240234,4242
1689063027829,-240234,4242
1689063027831,-240234,4242
1689063027832,-240234,4242
1689063027834,-240234,4242
1689063027838,-240234,4242
1689063027840,-240234,4242
1689063027841,-240234,4242
1689063027842,-240234,4242
1689063027843,-240234,4242
1689063027844,-240234,4242
1689063027849,-240234,4242
1689063027851,-240234,4242
1689063027854,-240234,4242
1689063027855,-240234,4242
1689063027857,-240234,4242
1689063027859,-240234,4242
1689063027860,-240234,4242
1689063027862,-240234,4242
1689063027863,-240234,4242
1689063027864,-240234,4242
1689063027865,-240234,4242
1689063027866,-240234,4242
1689063027873,-240234,4242
1689063027875,-240234,4242
1689063027876,-240234,4242
1689063027879,-240234,4242
1689063027881,-240234,4242
1689063027884,-240234,4242
1689063027887,-240234,4242
1689063027890,-240234,4242
1689063027892,-240234,4242
1689063027894,-240234,4242
1689063027896,-240234,4242
1689063027899,-240234,4242
1689063027904,-240234,4242
1689063027909,-240234,4242
1689063027916,-240234,4242
1689063027920,-240234,4242
1689063027924,-240234,4242
1689063027927,-240234,4242
1689063027929,-240234,4242
1689063027931,-240234,4242
1689063027933,-240234,4242
1689063027935,-240234,4242
1689063027938,-240234,4242
1689063027940,-240234,4242
1689063027942,-240234,4242
1689063027943,-240234,4242
1689063027944,-240234,4242
1689063027946,-240234,4242
1689063027950,-240234,4242
1689063027951,-240234,4242
1689063027954,-240234,4242
1689063027955,-240234,4242
1689063027958,-240234,4242
1689063027959,-240234,4242
1689063027961,-240234,4242
1689063027962,-240234,4242
1689063027963,-240234,4242
1689063027965,-240234,4242
1689063027967,-240234,4242
1689063027971,-240234,4242
1689063027972,-240234,4242
1689063027974,-240234,4242
1689063027975,-240234,4242
1689063027977,-240234,4242
1689063027984,-240234,4242
1689063027986,-240234,4242
1689063027994,-240234,4242
1689063027996,-240234,4242
1689063027999,-240234,4242
1689063028001,-240234,4242
1689063028006,-240234,4242
1689063028009,-240234,4242
1689063028011,-240234,4242
1689063028013,-240234,4242
1689063028016,-240234,4242
1689063028018,-240234,4242
1689063028022,-240234,4242
1689063028023,-240234,4242
1689063028024,-240234,4242
1689063028026,-240234,4242
1689063028027,-240234,4242
1689063028029,-240234,4242
1689063028030,-240234,4242
1689063028032,-240234,4242
1689063028033,-240234,4242
1689063028038,-240234,4242
1689063028041,-240234,4242
1689063028042,-240234,4242
1689063028044,-240234,4242
1689063028045,-240234,4242
1689063028049,-240234,4242
1689063028053,-240234,4242
1689063028056,-240234,4242
1689063028058,-240234,4242
1689063028060,-240234,4242
1689063028062,-240234,4242
1689063028063,-240234,4242
1689063028064,-240234,4242
1689063028066,-240234,4242
1689063028068,-240234,4242
1689063028069,-240234,4242
1689063028072,-240234,4242
1689063028073,-240234,4242
1689063028075,-240234,4242
1689063028076,-240234,4242
1689063028077,-240234,4242
1689063028081,-240234,4242
1689063028083,-240234,4242
1689063028085,-240234,4242
1689063028088,-240234,4242
1689063028090,-240234,4242
1689063028091,-240234,4242
1689063028092,-240234,4242
1689063028093,-240234,4242
1689063028094,-240234,4242
1689063028095,-240234,4242
1689063028097,-240234,4242
1689063028098,-240234,4242
1689063028099,-240234,4242
1689063028100,-240234,4242
1689063028105,-240234,4242
1689063028107,-240234,4242
1689063028108,-240234,4242
1689063028110,-240234,4242
1689063028111,-240234,4242
1689063028114,-240234,4242
1689063028115,-240234,4242
1689063028117,-240234,4242
1689063028119,-240234,4242
1689063028122,-240234,4242
1689063028123,-240234,4242
1689063028125,-240234,4242
1689063028126,-240234,4242
1689063028127,-240234,4242
1689063028128,-240234,4242
1689063028130,-240234,4242
1689063028131,-240234,4242
1689063028132,-240234,4242
1689063028133,-240234,4242
1689063028135,-240234,4242
1689063028138,-240234,4242
1689063028140,-240234,4242
1689063028141,-240234,4242
1689063028142,-240234,4242
1689063028143,-240234,4242
1689063028144,-240234,4242
1689063028144,-240234,4242
1689063028146,-240234,4242
1689063028149,-240234,4242
1689063028150,-240234,4242
1689063028152,-240234,4242
1689063028153,-240234,4242
1689063028155,-240234,4242
1689063028156,-240234,4242
1689063028157,-240234,4242
1689063028158,-240234,4242
1689063028159,-240234,4242
1689063028161,-240234,4242
1689063028162,-240234,4242
1689063028163,-240234,4242
1689063028164,-240234,4242
1689063028165,-240234,4242
1689063028166,-240234,4242
1689063028167,-240234,4242
1689063028171,-240234,4242
1689063028173,-240234,4242
1689063028175,-240234,4242
1689063028176,-240234,4242
1689063028182,-240234,4242
1689063028184,-240234,4242
1689063028186,-240234,4242
1689063028189,-240234,4242
1689063028192,-240234,4242
1689063028195,-240234,4242
1689063028198,-240234,4242
1689063028200,-240234,4242
1689063028202,-240234,4242
1689063028205,-240234,4242
1689063028207,-240234,4242
1689063028209,-240234,4242
1689063028211,-240234,4242
1689063028215,-240234,4242
1689063028218,-240234,4242
1689063028221,-240234,4242
1689063028223,-240234,4242
1689063028225,-240234,4242
1689063028227,-240234,4242
1689063028229,-240234,4242
1689063028230,-240234,4242
1689063028232,-240234,4242
1689063028233,-240234,4242
1689063028235,-240234,4242
1689063028239,-240234,4242
1689063028241,-240234,4242
1689063028242,-240234,4242
1689063028244,-240234,4242
1689063028245,-240234,4242
1689063028252,-240234,4242
1689063028255,-240234,4242
1689063028256,-240234,4242
1689063028258,-240234,4242
1689063028260,-240234,4242
1689063028261,-240234,4242
1689063028262,-240234,4242
1689063028263,-240234,4242
1689063028265,-240234,4242
1689063028266,-240234,4242
1689063028268,-240234,4242
1689063028271,-240234,4242
1689063028272,-240234,4242
1689063028274,-240234,4242
1689063028275,-240234,4242
1689063028277,-240234,4242
1689063028281,-240234,4242
1689063028284,-240234,4242
1689063028286,-240234,4242
1689063028288,-240234,4242
1689063028293,-240234,4242
1689063028295,-240234,4242
1689063028296,-240234,4242
1689063028298,-240234,4242
1689063028300,-240234,4242
1689063028301,-240234,4242
1689063028305,-240234,4242
1689063028307,-240234,4242
1689063028309,-240234,4242
1689063028310,-240234,4242
1689063028311,-240234,4242
1689063028318,-240234,4242
1689063028322,-240234,4242
1689063028324,-240234,4242
1689063028325,-240234,4242
1689063028327,-240234,4242
1689063028329,-240234,4242
1689063028330,-240234,4242
1689063028332,-240234,4242
1689063028333,-240234,4242
1689063028334,-240234,4242
1689063028335,-240234,4242
1689063028339,-240234,4242
1689063028340,-240234,4242
1689063028342,-240234,4242
1689063028343,-240234,4242
1689063028344,-240234,4242
1689063028345,-240234,4242
1689063028346,-240234,4242
1689063028350,-241699,4242
1689063028352,-241699,4242
1689063028355,-241699,4242
1689063028356,-241699,4242
1689063028358,-241699,4242
1689063028359,-241699,4242
1689063028360,-241699,4242
1689063028361,-241699,4242
1689063028363,-241699,4242
1689063028364,-241699,4242
1689063028365,-241699,4242
1689063028366,-241699,4242
1689063028370,-241699,4242
1689063028372,-241699,4242
1689063028373,-241699,4242
1689063028374,-241699,4242
1689063028374,-241699,4242
1689063028375,-241699,4242
1689063028376,-241699,4242
1689063028380,-241699,4242
1689063028382,-241699,4242
1689063028384,-241699,4242
1689063028392,-241699,4242
1689063028394,-241699,4242
1689063028396,-241699,4242
1689063028397,-241699,4242
1689063028399,-241699,4242
1689063028400,-241699,4242
1689063028401,-241699,4242
1689063028404,-241699,4242
1689063028405,-241699,4242
1689063028407,-241699,4242
1689063028408,-241699,4242
1689063028409,-241699,4242
1689063028410,-241699,4242
1689063028411,-241699,4242
1689063028412,-241699,4242
1689063028414,-241699,4242
1689063028416,-241699,4242
1689063028417,-241699,4242
1689063028420,-241699,4242
1689063028422,-241699,4242
1689063028424,-241699,4242
1689063028426,-241699,4242
1689063028428,-241699,4242
1689063028429,-241699,4242
1689063028431,-241699,4242
1689063028433,-241699,4242
1689063028434,-241699,4242
1689063028439,-241699,4242
1689063028441,-241699,4242
1689063028442,-241699,4242
1689063028444,-241699,4242
1689063028445,-241699,4242
1689063028447,-241699,4242
1689063028449,-241699,4242
1689063028450,-241699,4242
1689063028452,-241699,4242
1689063028457,-241699,4242
1689063028459,-241699,4242
1689063028460,-241699,4242
1689063028461,-241699,4242
1689063028462,-241699,4242
1689063028463,-241699,4242
1689063028464,-241699,4242
1689063028466,-241699,4242
1689063028467,-241699,4242
1689063028471,-241699,4242
1689063028473,-241699,4242
1689063028475,-241699,4242
1689063028477,-241699,4242
1689063028478,-241699,4242
1689063028483,-241699,4242
1689063028484,-241699,4242
1689063028487,-241699,4242
1689063028489,-241699,4242
1689063028490,-241699,4242
1689063028492,-241699,4242
1689063028493,-241699,4242
1689063028494,-241699,4242
1689063028495,-241699,4242
1689063028496,-241699,4242
1689063028498,-241699,4242
1689063028499,-241699,4242
1689063028501,-241699,4242
1689063028505,-241699,4242
1689063028508,-241699,4242
1689063028510,-241699,4242
1689063028511,-241699,4242
1689063028512,-241699,4242
1689063028516,-241699,4242
1689063028520,-241699,4242
1689063028527,-241699,4242
1689063028529,-241699,4242
1689063028531,-241699,4242
1689063028533,-241699,4242
1689063028535,-241699,4242
1689063028539,-241699,4242
1689063028541,-241699,4242
1689063028542,-241699,4242
1689063028543,-241699,4242
1689063028545,-241699,4242
1689063028552,-241699,4242
1689063028555,-241699,4242
1689063028558,-241699,4242
1689063028560,-241699,4242
1689063028562,-241699,4242
1689063028563,-241699,4242
1689063028564,-241699,4242
1689063028566,-241699,4242
1689063028568,-241699,4242
1689063028571,-241699,4242
1689063028573,-241699,4242
1689063028575,-241699,4242
1689063028576,-241699,4242
1689063028578,-241699,4242
1689063028582,-241699,4242
1689063028585,-241699,4242
1689063028588,-241699,4242
1689063028590,-241699,4242
1689063028592,-241699,4242
1689063028593,-241699,4242
1689063028594,-241699,4242
1689063028596,-241699,4242
1689063028598,-241699,4242
1689063028599,-241699,4242
1689063028601,-241699,4242
1689063028603,-241699,4242
1689063028604,-241699,4242
1689063028606,-241699,4242
1689063028610,-241699,4242
1689063028611,-241699,4242
1689063028615,-241699,4242
1689063028618,-241699,4242
1689063028620,-241699,4242
1689063028625,-241699,4242
1689063028628,-241699,4242
1689063028630,-241699,4242
1689063028631,-241699,4242
1689063028632,-241699,4242
1689063028633,-241699,4242
1689063028635,-241699,4242
1689063028636,-241699,4242
1689063028638,-241699,4242
1689063028640,-241699,4242
1689063028641,-241699,4242
1689063028642,-241699,4242
1689063028643,-241699,4242
1689063028644,-241699,4242
1689063028648,-241699,4242
1689063028650,-241699,4242
1689063028652,-241699,4242
1689063028655,-241699,4242
1689063028656,-241699,4242
1689063028658,-241699,4242
1689063028659,-241699,4242
1689063028660,-241699,4242
1689063028661,-241699,4242
1689063028662,-241699,4242
1689063028663,-241699,4242
1689063028665,-241699,4242
1689063028666,-241699,4242
1689063028668,-241699,4242
1689063028671,-241699,4242
1689063028672,-241699,4242
1689063028673,-241699,4242
1689063028674,-241699,4242
1689063028675,-241699,4242
1689063028676,-241699,4242
1689063028677,-241699,4242
1689063028681,-241699,4242
1689063028682,-241699,4242
1689063028684,-241699,4242
1689063028686,-241699,4242
1689063028687,-241699,4242
1689063028689,-241699,4242
1689063028690,-241699,4242
1689063028691,-241699,4242
1689063028692,-241699,4242
1689063028694,-241699,4242
1689063028695,-241699,4242
1689063028696,-241699,4242
1689063028698,-241699,4242
1689063028700,-241699,4242
1689063028701,-241699,4242
1689063028702,-241699,4242
1689063028705,-241699,4242
1689063028707,-241699,4242
1689063028709,-241699,4242
1689063028710,-241699,4242
1689063028711,-241699,4242
1689063028712,-241699,4242
1689063028715,-241699,4242
1689063028717,-241699,4242
1689063028719,-241699,4242
1689063028721,-241699,4242
1689063028723,-241699,4242
1689063028724,-241699,4242
1689063028725,-241699,4242
1689063028726,-241699,4242
1689063028729,-241699,4242
1689063028730,-241699,4242
1689063028732,-241699,4242
1689063028734,-241699,4242
1689063028737,-241699,4242
1689063028740,-241699,4242
1689063028741,-241699,4242
1689063028742,-241699,4242
1689063028743,-241699,4242
1689063028745,-241699,4242
1689063028746,-241699,4242
1689063028750,-241699,4242
1689063028752,-241699,4242
1689063028754,-241699,4242
1689063028756,-241699,4242
1689063028759,-241699,4242
1689063028760,-241699,4242
1689063028762,-241699,4242
1689063028763,-241699,4242
1689063028765,-241699,4242
1689063028766,-241699,4242
1689063028768,-241699,4242
1689063028773,-241699,4242
1689063028774,-241699,4242
1689063028776,-241699,4242
1689063028777,-241699,4242
1689063028783,-241699,4242
1689063028785,-241699,4242
1689063028787,-241699,4242
1689063028789,-241699,4242
1689063028791,-241699,4242
1689063028792,-241699,4242
1689063028793,-241699,4242
1689063028794,-241699,4242
1689063028795,-241699,4242
1689063028796,-241699,4242
1689063028797,-241699,4242
1689063028799,-241699,4242
1689063028800,-241699,4242
1689063028801,-241699,4242
1689063028805,-241699,4242
1689063028807,-241699,4242
1689063028809,-241699,4242
1689063028810,-241699,4242
1689063028811,-241699,4242
1689063028815,-241699,4242
1689063028817,-241699,4242
1689063028820,-241699,4242
1689063028822,-241699,4242
1689063028823,-241699,4242
1689063028824,-241699,4242
1689063028825,-241699,4242
1689063028826,-241699,4242
1689063028829,-241699,4242
1689063028830,-241699,4242
1689063028832,-241699,4242
1689063028834,-241699,4242
1689063028835,-241699,4242
1689063028838,-241699,4242
1689063028840,-241699,4242
1689063028842,-241699,4242
1689063028844,-241699,4242
1689063028846,-241699,4242
1689063028850,-241699,4242
1689063028852,-241699,4242
1689063028855,-241699,4242
1689063028857,-241699,4242
1689063028859,-241699,4242
1689063028860,-241699,4242
1689063028861,-241699,4242
1689063028862,-241699,4242
1689063028864,-241699,4242
1689063028865,-241699,4242
1689063028867,-241699,4242
1689063028869,-241699,4242
1689063028872,-241699,4242
1689063028874,-241699,4242
1689063028876,-241699,4242
1689063028878,-241699,4242
1689063028882,-241699,4242
1689063028885,-241699,4242
1689063028888,-241699,4242
1689063028890,-241699,4242
1689063028893,-241699,4242
1689063028895,-241699,4242
1689063028896,-241699,4242
1689063028898,-241699,4242
1689063028899,-241699,4242
1689063028900,-241699,4242
1689063028902,-241699,4242
1689063028903,-241699,4242
1689063028905,-241699,4242
1689063028908,-241699,4242
1689063028909,-241699,4242
1689063028911,-241699,4242
1689063028912,-241699,4242
1689063028917,-241699,4242
1689063028921,-241699,4242
1689063028924,-241699,4242
1689063028925,-241699,4242
1689063028927,-241699,4242
1689063028929,-241699,4242
1689063028930,-241699,4242
1689063028931,-241699,4242
1689063028932,-241699,4242
1689063028933,-241699,4242
1689063028934,-241699,4242
1689063028936,-241699,4242
1689063028940,-241699,4242
1689063028941,-241699,4242
1689063028942,-241699,4242
1689063028943,-241699,4242
1689063028944,-241699,4242
1689063028946,-241699,4242
1689063028951,-241699,4242
1689063028953,-241699,4242
1689063028955,-241699,4242
1689063028956,-241699,4242
1689063028958,-241699,4242
1689063028959,-241699,4242
1689063028960,-241699,4242
1689063028962,-241699,4242
1689063028963,-241699,4242
1689063028965,-241699,4242
1689063028966,-241699,4242
1689063028968,-241699,4242
1689063028974,-241699,4242
1689063028976,-241699,4242
1689063028979,-241699,4242
1689063028984,-241699,4242
1689063028988,-241699,4242
1689063028991,-241699,4242
1689063028995,-241699,4242
1689063028998,-241699,4242
1689063029003,-241699,4242
1689063029008,-241699,4242
1689063029010,-241699,4242
1689063029013,-241699,4242
1689063029017,-241699,4242
1689063029019,-241699,4242
1689063029023,-241699,4242
1689063029025,-241699,4242
1689063029027,-241699,4242
1689063029029,-241699,4242
1689063029030,-241699,4242
1689063029032,-241699,4242
1689063029033,-241699,4242
1689063029035,-241699,4242
1689063029040,-241699,4242
1689063029042,-241699,4242
1689063029044,-241699,4242
1689063029045,-241699,4242
1689063029051,-241699,4242
1689063029054,-241699,4242
1689063029055,-241699,4242
1689063029057,-241699,4242
1689063029059,-241699,4242
1689063029060,-241699,4242
1689063029062,-241699,4242
1689063029063,-241699,4242
1689063029065,-241699,4242
1689063029066,-241699,4242
1689063029071,-241699,4242
1689063029074,-241699,4242
1689063029075,-241699,4242
1689063029077,-241699,4242
1689063029078,-241699,4242
1689063029083,-241699,4242
1689063029087,-241699,4242
1689063029090,-241699,4242
1689063029091,-241699,4242
1689063029092,-241699,4242
1689063029093,-241699,4242
1689063029094,-241699,4242
1689063029095,-241699,4242
1689063029097,-241699,4242
1689063029099,-241699,4242
1689063029101,-241699,4242
1689063029102,-241699,4242
1689063029106,-241699,4242
1689063029108,-241699,4242
1689063029110,-241699,4242
1689063029111,-241699,4242
1689063029112,-241699,4242
1689063029113,-241699,4242
1689063029115,-241699,4242
1689063029117,-241699,4242
1689063029120,-241699,4242
1689063029122,-241699,4242
1689063029124,-241699,4242
1689063029127,-241699,4242
1689063029129,-241699,4242
1689063029131,-241699,4242
1689063029132,-241699,4242
1689063029133,-241699,4242
1689063029134,-241699,4242
1689063029137,-241699,4242
1689063029141,-241699,4242
1689063029142,-241699,4242
1689063029143,-241699,4242
1689063029144,-241699,4242
1689063029145,-241699,4242
1689063029150,-241699,4242
1689063029152,-241699,4242
1689063029154,-241699,4242
1689063029156,-241699,4242
1689063029158,-241699,4242
1689063029159,-241699,4242
1689063029161,-241699,4242
1689063029162,-241699,4242
1689063029163,-241699,4242
1689063029164,-241699,4242
1689063029165,-241699,4242
1689063029167,-241699,4242
1689063029169,-241699,4242
1689063029171,-241699,4242
1689063029172,-241699,4242
1689063029174,-241699,4242
1689063029175,-241699,4242
1689063029176,-241699,4242
1689063029177,-241699,4242
1689063029179,-241699,4242
1689063029183,-241699,4242
1689063029187,-241699,4242
1689063029189,-241699,4242
1689063029191,-241699,4242
1689063029192,-241699,4242
1689063029193,-241699,4242
1689063029194,-241699,4242
1689063029195,-241699,4242
1689063029196,-241699,4242
1689063029198,-241699,4242
1689063029200,-241699,4242
1689063029201,-241699,4242
1689063029202,-241699,4242
1689063029205,-241699,4242
1689063029207,-241699,4242
1689063029209,-241699,4242
1689063029210,-241699,4242
1689063029211,-241699,4242
1689063029213,-241699,4242
1689063029215,-241699,4242
1689063029217,-241699,4242
1689063029219,-241699,4242
1689063029221,-241699,4242
1689063029222,-241699,4242
1689063029224,-241699,4242
1689063029225,-241699,4242
1689063029226,-241699,4242
1689063029228,-241699,4242
1689063029229,-241699,4242
1689063029230,-241699,4242
1689063029232,-241699,4242
1689063029233,-241699,4242
1689063029235,-241699,4242
1689063029236,-241699,4242
1689063029239,-241699,4242
1689063029241,-241699,4242
1689063029242,-241699,4242
1689063029243,-241699,4242
1689063029244,-241699,4242
1689063029245,-241699,4242
1689063029246,-241699,4242
1689063029251,-241699,4242
1689063029254,-241699,4242
1689063029258,-241699,4242
1689063029264,-241699,4242
1689063029272,-241699,4242
1689063029274,-241699,4242
1689063029277,-241699,4242
1689063029279,-241699,4242
1689063029282,-241699,4242
1689063029285,-241699,4242
1689063029288,-241699,4242
1689063029291,-241699,4242
1689063029292,-241699,4242
1689063029293,-241699,4242
1689063029295,-241699,4242
1689063029296,-241699,4242
1689063029298,-241699,4242
1689063029300,-241699,4242
1689063029301,-241699,4242
1689063029303,-241699,4242
1689063029304,-241699,4242
1689063029306,-241699,4242
1689063029309,-241699,4242
1689063029310,-241699,4242
1689063029311,-241699,4242
1689063029312,-241699,4242
1689063029315,-241699,4242
1689063029321,-241699,4242
1689063029323,-241699,4242
1689063029324,-241699,4242
1689063029325,-241699,4242
1689063029327,-241699,4242
1689063029328,-241699,4242
1689063029330,-241699,4242
1689063029331,-241699,4242
1689063029332,-241699,4242
1689063029334,-241699,4242
1689063029335,-241699,4242
1689063029336,-241699,4242
1689063029338,-241699,4242
1689063029340,-241699,4242
1689063029341,-241699,4242
1689063029342,-241699,4242
1689063029353,-241699,4242
1689063029356,-241699,4242
1689063029358,-241699,4242
1689063029360,-241699,4242
1689063029362,-241699,4242
1689063029365,-241699,4242
1689063029369,-241699,4242
1689063029379,-241699,4242
1689063029382,-241699,4242
1689063029384,-241699,4242
1689063029386,-241699,4242
1689063029388,-241699,4242
1689063029390,-241699,4242
1689063029393,-241699,4242
1689063029395,-241699,4242
1689063029396,-241699,4242
1689063029399,-241699,4242
1689063029400,-241699,4242
1689063029401,-241699,4242
1689063029402,-241699,4242
1689063029405,-241699,4242
1689063029408,-241699,4242
1689063029409,-241699,4242
1689063029410,-241699,4242
1689063029411,-241699,4242
1689063029412,-241699,4242
1689063029413,-241699,4242
1689063029419,-241699,4242
1689063029422,-241699,4242
1689063029424,-241699,4242
1689063029425,-241699,4242
1689063029426,-241699,4242
1689063029428,-241699,4242
1689063029429,-241699,4242
1689063029430,-241699,4242
1689063029431,-241699,4242
1689063029432,-241699,4242
1689063029433,-241699,4242
1689063029434,-241699,4242
1689063029435,-241699,4242
1689063029436,-241699,4242
1689063029439,-241699,4242
1689063029440,-241699,4242
1689063029441,-241699,4242
1689063029442,-241699,4242
1689063029443,-241699,4242
1689063029448,-241699,4242
1689063029451,-241699,4242
1689063029454,-241699,4242
1689063029455,-241699,4242
1689063029457,-241699,4242
1689063029458,-241699,4242
1689063029460,-241699,4242
1689063029461,-241699,4242
1689063029462,-241699,4242
1689063029463,-241699,4242
1689063029464,-241699,4242
1689063029465,-241699,4242
1689063029467,-241699,4242
1689063029469,-241699,4242
1689063029470,-241699,4242
1689063029471,-241699,4242
1689063029472,-241699,4242
1689063029473,-241699,4242
1689063029474,-241699,4242
1689063029475,-241699,4242
1689063029477,-241699,4242
1689063029480,-241699,4242
1689063029482,-241699,4242
1689063029484,-241699,4242
1689063029486,-241699,4242
1689063029488,-241699,4242
1689063029489,-241699,4242
1689063029490,-241699,4242
1689063029492,-241699,4242
1689063029493,-241699,4242
1689063029494,-241699,4242
1689063029496,-241699,4242
1689063029497,-241699,4242
1689063029498,-241699,4242
1689063029500,-241699,4242
1689063029501,-241699,4242
1689063029502,-241699,4242
1689063029504,-241699,4242
1689063029506,-241699,4242
1689063029508,-241699,4242
1689063029510,-241699,4242
1689063029511,-241699,4242
1689063029513,-241699,4242
1689063029518,-241699,4242
1689063029520,-241699,4242
1689063029523,-241699,4242
1689063029525,-241699,4242
1689063029528,-241699,4242
1689063029529,-241699,4242
1689063029531,-241699,4242
1689063029532,-241699,4242
1689063029533,-241699,4242
1689063029534,-241699,4242
1689063029535,-241699,4242
1689063029536,-241699,4242
1689063029539,-241699,4242
1689063029541,-241699,4242
1689063029542,-241699,4242
1689063029543,-241699,4242
1689063029544,-241699,4242
1689063029545,-241699,4242
1689063029546,-241699,4242
1689063029551,-241699,4242
1689063029554,-241699,4242
1689063029556,-241699,4242
1689063029557,-241699,4242
1689063029559,-241699,4242
1689063029560,-241699,4242
1689063029561,-241699,4242
1689063029562,-241699,4242
1689063029564,-241699,4242
1689063029565,-241699,4242
1689063029567,-241699,4242
1689063029569,-241699,4242
1689063029570,-241699,4242
1689063029572,-241699,4242
1689063029573,-241699,4242
1689063029575,-241699,4242
1689063029576,-241699,4242
1689063029578,-241699,4242
1689063029583,-241699,4242
1689063029586,-241699,4242
1689063029589,-241699,4242
1689063029591,-241699,4242
1689063029593,-241699,4242
1689063029594,-241699,4242
1689063029595,-241699,4242
1689063029597,-241699,4242
1689063029600,-241699,4242
1689063029601,-241699,4242
1689063029603,-241699,4242
1689063029609,-241699,4242
1689063029611,-241699,4242
1689063029617,-241699,4242
1689063029621,-241699,4242
1689063029624,-241699,4242
1689063029627,-241699,4242
1689063029630,-241699,4242
1689063029632,-241699,4242
1689063029634,-241699,4242
1689063029635,-241699,4242
1689063029637,-241699,4242
1689063029639,-241699,4242
1689063029641,-241699,4242
1689063029643,-241699,4242
1689063029644,-241699,4242
1689063029646,-241699,4242
1689063029648,-241699,4242
1689063029651,-241699,4242
1689063029653,-241699,4242
1689063029655,-241699,4242
1689063029656,-241699,4242
1689063029658,-241699,4242
1689063029660,-241699,4242
1689063029661,-241699,4242
1689063029663,-241699,4242
1689063029664,-241699,4242
1689063029666,-241699,4242
1689063029667,-241699,4242
1689063029669,-241699,4242
1689063029670,-241699,4242
1689063029671,-241699,4242
1689063029673,-241699,4242
1689063029674,-241699,4242
1689063029675,-241699,4242
1689063029676,-241699,4242
1689063029677,-241699,4242
1689063029678,-241699,4242
1689063029680,-241699,4242
1689063029683,-241699,4242
1689063029685,-241699,4242
1689063029687,-241699,4242
1689063029689,-241699,4242
1689063029690,-241699,4242
1689063029691,-241699,4242
1689063029692,-241699,4242
1689063029693,-241699,4242
1689063029694,-241699,4242
1689063029695,-241699,4242
1689063029697,-241699,4242
1689063029699,-241699,4242
1689063029701,-241699,4242
1689063029702,-241699,4242
1689063029703,-241699,4242
1689063029705,-241699,4242
1689063029706,-241699,4242
1689063029708,-241699,4242
1689063029710,-241699,4242
1689063029711,-241699,4242
1689063029713,-241699,4242
1689063029718,-241699,4242
1689063029722,-241699,4242
1689063029723,-241699,4242
1689063029725,-241699,4242
1689063029726,-241699,4242
1689063029728,-241699,4242
1689063029730,-241699,4242
1689063029731,-241699,4242
1689063029733,-241699,4242
1689063029734,-241699,4242
1689063029736,-241699,4242
1689063029738,-241699,4242
1689063029740,-241699,4242
1689063029746,-241699,4242
1689063029750,-241699,4242
1689063029754,-241699,4242
1689063029757,-241699,4242
1689063029760,-241699,4242
1689063029762,-241699,4242
1689063029763,-241699,4242
1689063029765,-241699,4242
1689063029766,-241699,4242
1689063029768,-241699,4242
1689063029770,-241699,4242
1689063029774,-241699,4242
1689063029776,-241699,4242
1689063029778,-241699,4242
1689063029780,-241699,4242
1689063029785,-241699,4242
1689063029789,-241699,4242
1689063029791,-241699,4242
1689063029792,-241699,4242
1689063029794,-241699,4242
1689063029796,-241699,4242
1689063029797,-241699,4242
1689063029799,-241699,4242
1689063029801,-241699,4242
1689063029802,-241699,4242
1689063029804,-241699,4242
1689063029806,-241699,4242
1689063029808,-241699,4242
1689063029810,-241699,4242
1689063029811,-241699,4242
1689063029812,-241699,4242
1689063029813,-241699,4242
1689063029814,-241699,4242
1689063029815,-241699,4242
1689063029817,-241699,4242
1689063029819,-241699,4242
1689063029821,-241699,4242
1689063029823,-241699,4242
1689063029824,-241699,4242
1689063029825,-306152,4242
1689063029826,-306152,4242
1689063029827,-306152,4242
1689063029828,-306152,4242
1689063029829,-306152,4242
1689063029831,-306152,4242
1689063029833,-306152,4242
1689063029834,-306152,4242
1689063029835,-306152,4242
1689063029836,-306152,4242
1689063029840,-306152,4242
1689063029842,-306152,4242
1689063029842,-306152,4242
1689063029843,-306152,4242
1689063029845,-306152,4242
1689063029845,-306152,4242
1689063029846,-306152,4242
1689063029851,-306152,4242
1689063029855,-306152,4242
1689063029860,-306152,4242
1689063029863,-306152,4242
1689063029864,-306152,4242
1689063029866,-306152,4242
1689063029868,-306152,4242
1689063029870,-306152,4242
1689063029872,-306152,4242
1689063029874,-306152,4242
1689063029877,-306152,4242
1689063029879,-306152,4242
1689063029883,-306152,4242
1689063029886,-306152,4242
1689063029889,-306152,4242
1689063029891,-306152,4242
1689063029893,-306152,4242
1689063029895,-306152,4242
1689063029896,-306152,4242
1689063029898,-306152,4242
1689063029900,-306152,4242
1689063029902,-306152,4242
1689063029903,-306152,4242
1689063029905,-306152,4242
1689063029908,-306152,4242
1689063029910,-306152,4242
1689063029911,-306152,4242
1689063029913,-306152,4242
1689063029914,-306152,4242
1689063029916,-306152,4242
1689063029919,-306152,4242
1689063029922,-306152,4242
1689063029924,-306152,4242
1689063029925,-306152,4242
1689063029926,-306152,4242
1689063029928,-306152,4242
1689063029929,-306152,4242
1689063029930,-306152,4242
1689063029931,-306152,4242
1689063029932,-306152,4242
1689063029933,-306152,4242
1689063029934,-306152,4242
1689063029936,-306152,4242
1689063029938,-306152,4242
1689063029941,-306152,4242
1689063029942,-306152,4242
1689063029943,-306152,4242
1689063029944,-306152,4242
1689063029945,-306152,4242
1689063029946,-306152,4242
1689063029948,-306152,4242
1689063029952,-306152,4242
1689063029954,-306152,4242
1689063029955,-306152,4242
1689063029957,-306152,4242
1689063029958,-306152,4242
1689063029959,-306152,4242
1689063029961,-306152,4242
1689063029962,-306152,4242
1689063029963,-306152,4242
1689063029964,-306152,4242
1689063029966,-306152,4242
1689063029968,-306152,4242
1689063029970,-306152,4242
1689063029973,-306152,4242
1689063029976,-306152,4242
1689063029977,-306152,4242
1689063029979,-306152,4242
1689063029983,-306152,4242
1689063029986,-306152,4242
1689063029991,-306152,4242
1689063029994,-306152,4242
1689063029996,-306152,4242
1689063029999,-306152,4242
1689063030001,-306152,4242
1689063030003,-306152,4242
1689063030013,-306152,4242
1689063030019,-306152,4242
1689063030022,-306152,4242
1689063030025,-306152,4242
1689063030027,-306152,4242
1689063030029,-306152,4242
1689063030031,-306152,4242
1689063030032,-306152,4242
1689063030033,-306152,4242
1689063030034,-306152,4242
1689063030035,-306152,4242
1689063030037,-306152,4242
1689063030039,-306152,4242
1689063030041,-306152,4242
1689063030042,-306152,4242
1689063030043,-306152,4242
1689063030044,-306152,4242
1689063030045,-306152,4242
1689063030046,-306152,4242
1689063030052,-306152,4242
1689063030054,-306152,4242
1689063030056,-306152,4242
1689063030058,-306152,4242
1689063030059,-306152,4242
1689063030060,-306152,4242
1689063030062,-306152,4242
1689063030063,-306152,4242
1689063030064,-306152,4242
1689063030065,-306152,4242
1689063030068,-306152,4242
1689063030070,-306152,4242
1689063030071,-306152,4242
1689063030073,-306152,4242
1689063030074,-306152,4242
1689063030075,-306152,4242
1689063030077,-306152,4242
1689063030078,-306152,4242
1689063030082,-306152,4242
1689063030084,-306152,4242
1689063030086,-306152,4242
1689063030089,-306152,4242
1689063030091,-306152,4242
1689063030093,-306152,4242
1689063030094,-306152,4242
1689063030096,-306152,4242
1689063030097,-306152,4242
1689063030099,-306152,4242
1689063030100,-306152,4242
1689063030101,-306152,4242
1689063030102,-306152,4242
1689063030104,-306152,4242
1689063030108,-306152,4242
1689063030109,-306152,4242
1689063030111,-306152,4242
1689063030112,-306152,4242
1689063030113,-306152,4242
1689063030115,-306152,4242
1689063030118,-306152,4242
1689063030122,-306152,4242
1689063030124,-306152,4242
1689063030125,-306152,4242
1689063030127,-306152,4242
1689063030128,-306152,4242
1689063030130,-306152,4242
1689063030131,-306152,4242
1689063030133,-306152,4242
1689063030135,-306152,4242
1689063030136,-306152,4242
1689063030140,-306152,4242
1689063030143,-306152,4242
1689063030144,-306152,4242
1689063030146,-306152,4242
1689063030151,-306152,4242
1689063030154,-306152,4242
1689063030156,-306152,4242
1689063030158,-306152,4242
1689063030159,-306152,4242
1689063030160,-306152,4242
1689063030162,-306152,4242
1689063030163,-306152,4242
1689063030164,-306152,4242
1689063030165,-306152,4242
1689063030166,-306152,4242
1689063030169,-306152,4242
1689063030171,-306152,4242
1689063030173,-306152,4242
1689063030175,-306152,4242
1689063030176,-306152,4242
1689063030178,-306152,4242
1689063030179,-306152,4242
1689063030183,-306152,4242
1689063030186,-306152,4242
1689063030189,-306152,4242
1689063030191,-306152,4242
1689063030193,-306152,4242
1689063030195,-306152,4242
1689063030197,-306152,4242
1689063030199,-306152,4242
1689063030200,-306152,4242
1689063030201,-306152,4242
1689063030202,-306152,4242
1689063030206,-306152,4242
1689063030208,-306152,4242
1689063030210,-306152,4242
1689063030211,-306152,4242
1689063030213,-306152,4242
1689063030217,-306152,4242
1689063030221,-306152,4242
1689063030223,-306152,4242
1689063030225,-306152,4242
1689063030227,-306152,4242
1689063030228,-306152,4242
1689063030229,-306152,4242
1689063030230,-306152,4242
1689063030232,-306152,4242
1689063030233,-306152,4242
1689063030234,-306152,4242
1689063030236,-306152,4242
1689063030237,-306152,4242
1689063030241,-306152,4242
1689063030243,-306152,4242
1689063030244,-306152,4242
1689063030245,-306152,4242
1689063030246,-306152,4242
1689063030254,-306152,4242
1689063030257,-306152,4242
1689063030259,-306152,4242
1689063030261,-306152,4242
1689063030262,-306152,4242
1689063030263,-306152,4242
1689063030265,-306152,4242
1689063030267,-306152,4242
1689063030270,-306152,4242
1689063030272,-306152,4242
1689063030274,-306152,4242
1689063030276,-306152,4242
1689063030277,-306152,4242
1689063030279,-306152,4242
1689063030280,-306152,4242
1689063030284,-306152,4242
1689063030288,-306152,4242
1689063030291,-306152,4242
1689063030294,-306152,4242
1689063030296,-306152,4242
1689063030298,-306152,4242
1689063030300,-306152,4242
1689063030301,-306152,4242
1689063030303,-306152,4242
1689063030307,-306152,4242
1689063030310,-306152,4242
1689063030311,-306152,4242
1689063030312,-306152,4242
1689063030313,-306152,4242
1689063030318,-306152,4242
1689063030321,-306152,4242
1689063030324,-306152,4242
1689063030325,-306152,4242
1689063030326,-306152,4242
1689063030328,-306152,4242
1689063030330,-306152,4242
1689063030331,-306152,4242
1689063030332,-306152,4242
1689063030334,-306152,4242
1689063030335,-306152,4242
1689063030336,-306152,4242
1689063030341,-306152,4242
1689063030343,-306152,4242
1689063030344,-306152,4242
1689063030346,-306152,4242
1689063030351,-306152,4242
1689063030355,-306152,4242
1689063030358,-306152,4242
1689063030360,-306152,4242
1689063030362,-306152,4242
1689063030364,-306152,4242
1689063030366,-306152,4242
1689063030371,-306152,4242
1689063030374,-306152,4242
1689063030377,-306152,4242
1689063030379,-306152,4242
1689063030384,-306152,4242
1689063030389,-306152,4242
1689063030392,-306152,4242
1689063030395,-306152,4242
1689063030397,-306152,4242
1689063030399,-306152,4242
1689063030401,-306152,4242
1689063030407,-306152,4242
1689063030410,-306152,4242
1689063030412,-306152,4242
1689063030416,-306152,4242
1689063030422,-306152,4242
1689063030425,-306152,4242
1689063030428,-306152,4242
1689063030430,-306152,4242
1689063030433,-306152,4242
1689063030435,-306152,4242
1689063030439,-306152,4242
1689063030442,-306152,4242
1689063030445,-306152,4242
1689063030448,-306152,4242
1689063030450,-306152,4242
1689063030454,-306152,4242
1689063030456,-306152,4242
1689063030458,-306152,4242
1689063030460,-306152,4242
1689063030461,-306152,4242
1689063030462,-306152,4242
1689063030463,-306152,4242
1689063030464,-306152,4242
1689063030465,-306152,4242
1689063030466,-306152,4242
1689063030469,-306152,4242
1689063030473,-306152,4242
1689063030475,-306152,4242
1689063030478,-306152,4242
1689063030480,-306152,4242
1689063030484,-306152,4242
1689063030488,-306152,4242
1689063030490,-306152,4242
1689063030492,-306152,4242
1689063030493,-306152,4242
1689063030495,-306152,4242
1689063030497,-306152,4242
1689063030499,-306152,4242
1689063030500,-306152,4242
1689063030502,-306152,4242
1689063030503,-306152,4242
1689063030508,-306152,4242
1689063030511,-306152,4242
1689063030513,-306152,4242
1689063030517,-306152,4242
1689063030522,-306152,4242
1689063030525,-306152,4242
1689063030528,-306152,4242
1689063030531,-306152,4242
1689063030532,-306152,4242
1689063030534,-306152,4242
1689063030536,-306152,4242
1689063030538,-306152,4242
1689063030541,-306152,4242
1689063030543,-306152,4242
1689063030544,-306152,4242
1689063030546,-306152,4242
1689063030551,-306152,4242
1689063030555,-306152,4242
1689063030558,-306152,4242
1689063030560,-306152,4242
1689063030562,-306152,4242
1689063030563,-306152,4242
1689063030565,-306152,4242
1689063030567,-306152,4242
1689063030569,-306152,4242
1689063030570,-306152,4242
1689063030572,-306152,4242
1689063030573,-306152,4242
1689063030575,-306152,4242
1689063030576,-306152,4242
1689063030577,-306152,4242
1689063030579,-306152,4242
1689063030580,-306152,4242
1689063030581,-306152,4242
1689063030585,-306152,4242
1689063030589,-306152,4242
1689063030590,-306152,4242
1689063030592,-306152,4242
1689063030593,-306152,4242
1689063030594,-306152,4242
1689063030595,-306152,4242
1689063030596,-306152,4242
1689063030597,-306152,4242
1689063030599,-306152,4242
1689063030600,-306152,4242
1689063030602,-306152,4242
1689063030603,-306152,4242
1689063030604,-306152,4242
1689063030605,-306152,4242
1689063030609,-306152,4242
1689063030611,-306152,4242
1689063030612,-306152,4242
1689063030614,-306152,4242
1689063030618,-306152,4242
1689063030620,-306152,4242
1689063030621,-306152,4242
1689063030623,-306152,4242
1689063030624,-306152,4242
1689063030625,-306152,4242
1689063030626,-306152,4242
1689063030629,-306152,4242
1689063030630,-306152,4242
1689063030632,-306152,4242
1689063030633,-306152,4242
1689063030635,-306152,4242
1689063030636,-306152,4242
1689063030639,-306152,4242
1689063030641,-306152,4242
1689063030643,-306152,4242
1689063030644,-306152,4242
1689063030645,-306152,4242
1689063030646,-306152,4242
1689063030650,-306152,4242
1689063030654,-306152,4242
1689063030659,-306152,4242
1689063030661,-306152,4242
1689063030663,-306152,4242
1689063030665,-306152,4242
1689063030666,-306152,4242
1689063030668,-306152,4242
1689063030669,-306152,4242
1689063030671,-306152,4242
1689063030674,-306152,4242
1689063030676,-306152,4242
1689063030678,-306152,4242
1689063030679,-306152,4242
1689063030683,-306152,4242
1689063030688,-306152,4242
1689063030690,-306152,4242
1689063030692,-306152,4242
1689063030694,-306152,4242
1689063030695,-306152,4242
1689063030696,-306152,4242
1689063030698,-306152,4242
1689063030700,-306152,4242
1689063030701,-306152,4242
1689063030703,-306152,4242
1689063030704,-306152,4242
1689063030705,-306152,4242
1689063030708,-306152,4242
1689063030709,-306152,4242
1689063030711,-306152,4242
1689063030712,-306152,4242
1689063030713,-306152,4242
1689063030714,-306152,4242
1689063030715,-306152,4242
1689063030718,-306152,4242
1689063030721,-306152,4242
1689063030723,-306152,4242
1689063030724,-306152,4242
1689063030725,-306152,4242
1689063030726,-306152,4242
1689063030727,-306152,4242
1689063030729,-306152,4242
1689063030730,-306152,4242
1689063030731,-306152,4242
1689063030732,-306152,4242
1689063030734,-306152,4242
1689063030735,-306152,4242
1689063030737,-306152,4242
1689063030738,-306152,4242
1689063030740,-306152,4242
1689063030741,-306152,4242
1689063030742,-306152,4242
1689063030744,-306152,4242
1689063030745,-306152,4242
1689063030747,-306152,4242
1689063030754,-306152,4242
1689063030756,-306152,4242
1689063030759,-306152,4242
1689063030763,-306152,4242
1689063030765,-306152,4242
1689063030767,-306152,4242
1689063030769,-306152,4242
1689063030770,-306152,4242
1689063030774,-306152,4242
1689063030777,-306152,4242
1689063030779,-306152,4242
1689063030783,-306152,4242
1689063030786,-306152,4242
1689063030790,-306152,4242
1689063030792,-306152,4242
1689063030794,-306152,4242
1689063030795,-306152,4242
1689063030798,-306152,4242
1689063030800,-306152,4242
1689063030802,-306152,4242
1689063030807,-306152,4242
1689063030810,-306152,4242
1689063030811,-306152,4242
1689063030813,-306152,4242
1689063030818,-306152,4242
1689063030821,-306152,4242
1689063030823,-306152,4242
1689063030824,-306152,4242
1689063030826,-306152,4242
1689063030828,-306152,4242
1689063030829,-306152,4242
1689063030830,-306152,4242
1689063030831,-306152,4242
1689063030833,-306152,4242
1689063030834,-306152,4242
1689063030835,-306152,4242
1689063030836,-306152,4242
1689063030841,-306152,4242
1689063030843,-306152,4242
1689063030844,-306152,4242
1689063030845,-306152,4242
1689063030846,-306152,4242
1689063030847,-306152,4242
1689063030852,-306152,4242
1689063030854,-306152,4242
1689063030856,-306152,4242
1689063030857,-306152,4242
1689063030858,-306152,4242
1689063030859,-306152,4242
1689063030861,-306152,4242
1689063030861,-306152,4242
1689063030863,-306152,4242
1689063030864,-306152,4242
1689063030865,-306152,4242
1689063030866,-306152,4242
1689063030867,-306152,4242
1689063030869,-306152,4242
1689063030870,-306152,4242
1689063030874,-306152,4242
1689063030876,-306152,4242
1689063030877,-306152,4242
1689063030880,-306152,4242
1689063030881,-306152,4242
1689063030885,-306152,4242
1689063030887,-306152,4242
1689063030890,-306152,4242
1689063030891,-306152,4242
1689063030893,-306152,4242
1689063030895,-306152,4242
1689063030896,-306152,4242
1689063030898,-306152,4242
1689063030900,-306152,4242
1689063030901,-306152,4242
1689063030903,-306152,4242
1689063030908,-306152,4242
1689063030910,-306152,4242
1689063030912,-306152,4242
1689063030918,-306152,4242
1689063030921,-306152,4242
1689063030923,-306152,4242
1689063030925,-306152,4242
1689063030928,-306152,4242
1689063030929,-306152,4242
1689063030931,-306152,4242
1689063030933,-306152,4242
1689063030934,-306152,4242
1689063030936,-306152,4242
1689063030938,-306152,4242
1689063030942,-306152,4242
1689063030943,-306152,4242
1689063030944,-306152,4242
1689063030946,-306152,4242
1689063030950,-306152,4242
1689063030953,-306152,4242
1689063030956,-306152,4242
1689063030960,-306152,4242
1689063030962,-306152,4242
1689063030963,-306152,4242
1689063030965,-306152,4242
1689063030967,-306152,4242
1689063030969,-306152,4242
1689063030971,-306152,4242
1689063030973,-306152,4242
1689063030975,-306152,4242
1689063030977,-306152,4242
1689063030979,-306152,4242
1689063030980,-306152,4242
1689063030982,-306152,4242
1689063030985,-306152,4242
1689063030987,-306152,4242
1689063030990,-306152,4242
1689063030992,-306152,4242
1689063030995,-306152,4242
1689063030996,-306152,4242
1689063030998,-306152,4242
1689063030999,-306152,4242
1689063031000,-306152,4242
1689063031002,-306152,4242
1689063031003,-306152,4242
1689063031004,-306152,4242
1689063031005,-306152,4242
1689063031007,-306152,4242
1689063031009,-306152,4242
1689063031010,-306152,4242
1689063031011,-306152,4242
1689063031012,-306152,4242
1689063031013,-306152,4242
1689063031015,-306152,4242
1689063031018,-306152,4242
1689063031021,-306152,4242
1689063031023,-306152,4242
1689063031024,-306152,4242
1689063031025,-306152,4242
1689063031027,-306152,4242
1689063031028,-306152,4242
1689063031029,-306152,4242
1689063031031,-306152,4242
1689063031032,-306152,4242
1689063031033,-306152,4242
1689063031035,-306152,4242
1689063031036,-306152,4242
1689063031038,-306152,4242
1689063031042,-306152,4242
1689063031043,-306152,4242
1689063031045,-306152,4242
1689063031047,-306152,4242
1689063031052,-306152,4242
1689063031055,-306152,4242
1689063031057,-306152,4242
1689063031059,-306152,4242
1689063031061,-306152,4242
1689063031063,-306152,4242
1689063031065,-306152,4242
1689063031066,-306152,4242
1689063031068,-306152,4242
1689063031071,-306152,4242
1689063031076,-306152,4242
1689063031079,-306152,4242
1689063031080,-306152,4242
1689063031086,-306152,4242
1689063031090,-306152,4242
1689063031092,-306152,4242
1689063031094,-306152,4242
1689063031096,-306152,4242
1689063031098,-306152,4242
1689063031099,-306152,4242
1689063031101,-306152,4242
1689063031102,-306152,4242
1689063031103,-306152,4242
1689063031107,-306152,4242
1689063031110,-306152,4242
1689063031111,-306152,4242
1689063031112,-306152,4242
1689063031113,-306152,4242
1689063031114,-306152,4242
1689063031115,-306152,4242
1689063031119,-306152,4242
1689063031122,-306152,4242
1689063031124,-306152,4242
1689063031125,-306152,4242
1689063031126,-306152,4242
1689063031128,-306152,4242
1689063031129,-306152,4242
1689063031131,-306152,4242
1689063031132,-306152,4242
1689063031134,-306152,4242
1689063031136,-306152,4242
1689063031137,-306152,4242
1689063031139,-306152,4242
1689063031142,-306152,4242
1689063031144,-306152,4242
1689063031145,-306152,4242
1689063031147,-306152,4242
1689063031151,-306152,4242
1689063031155,-306152,4242
1689063031158,-306152,4242
1689063031160,-306152,4242
1689063031162,-306152,4242
1689063031163,-306152,4242
1689063031164,-306152,4242
1689063031166,-306152,4242
1689063031168,-306152,4242
1689063031171,-306152,4242
1689063031176,-306152,4242
1689063031178,-306152,4242
1689063031180,-306152,4242
1689063031182,-306152,4242
1689063031188,-306152,4242
1689063031192,-306152,4242
1689063031195,-306152,4242
1689063031198,-306152,4242
1689063031200,-306152,4242
1689063031202,-306152,4242
1689063031204,-306152,4242
1689063031205,-306152,4242
1689063031208,-306152,4242
1689063031210,-306152,4242
1689063031212,-306152,4242
1689063031213,-306152,4242
1689063031215,-306152,4242
1689063031221,-306152,4242
1689063031224,-306152,4242
1689063031225,-306152,4242
1689063031228,-306152,4242
1689063031229,-306152,4242
1689063031230,-306152,4242
1689063031232,-306152,4242
1689063031233,-306152,4242
1689063031234,-306152,4242
1689063031235,-306152,4242
1689063031237,-306152,4242
1689063031241,-306152,4242
1689063031243,-306152,4242
1689063031244,-306152,4242
1689063031245,-306152,4242
1689063031246,-306152,4242
1689063031251,-306152,4242
1689063031254,-306152,4242
1689063031256,-306152,4242
1689063031259,-306152,4242
1689063031260,-306152,4242
1689063031261,-306152,4242
1689063031262,-306152,4242
1689063031263,-306152,4242
1689063031265,-306152,4242
1689063031266,-306152,4242
1689063031269,-306152,4242
1689063031270,-306152,4242
1689063031271,-306152,4242
1689063031275,-306152,4242
1689063031276,-306152,4242
1689063031278,-306152,4242
1689063031279,-306152,4242
1689063031280,-306152,4242
1689063031281,-306152,4242
1689063031284,-306152,4242
1689063031286,-306152,4242
1689063031288,-306152,4242
1689063031290,-306152,4242
1689063031291,-306152,4242
1689063031292,-306152,4242
1689063031294,-306152,4242
1689063031295,-306152,4242
1689063031296,-306152,4242
1689063031298,-306152,4242
1689063031300,-306152,4242
1689063031301,-306152,4242
1689063031303,-243163,4242
1689063031304,-243163,4242
1689063031307,-243163,4242
1689063031309,-243163,4242
1689063031310,-243163,4242
1689063031311,-243163,4242
1689063031313,-243163,4242
1689063031314,-243163,4242
1689063031318,-243163,4242
1689063031320,-243163,4242
1689063031322,-243163,4242
1689063031324,-243163,4242
1689063031326,-243163,4242
1689063031327,-243163,4242
1689063031329,-243163,4242
1689063031330,-243163,4242
1689063031332,-243163,4242
1689063031333,-243163,4242
1689063031334,-243163,4242
1689063031336,-243163,4242
1689063031337,-243163,4242
1689063031342,-243163,4242
1689063031344,-243163,4242
1689063031345,-243163,4242
1689063031347,-243163,4242
1689063031350,-243163,4242
1689063031354,-243163,4242
1689063031356,-243163,4242
1689063031359,-243163,4242
1689063031360,-243163,4242
1689063031362,-243163,4242
1689063031363,-243163,4242
1689063031365,-243163,4242
1689063031366,-243163,4242
1689063031368,-243163,4242
1689063031370,-243163,4242
1689063031371,-243163,4242
1689063031376,-243163,4242
1689063031378,-243163,4242
1689063031379,-243163,4242
1689063031380,-243163,4242
1689063031381,-243163,4242
1689063031384,-243163,4242
1689063031386,-243163,4242
1689063031389,-243163,4242
1689063031391,-243163,4242
1689063031392,-243163,4242
1689063031393,-243163,4242
1689063031394,-243163,4242
1689063031395,-243163,4242
1689063031396,-243163,4242
1689063031398,-243163,4242
1689063031400,-243163,4242
1689063031401,-243163,4242
1689063031403,-243163,4242
1689063031404,-243163,4242
1689063031408,-243163,4242
1689063031411,-243163,4242
1689063031412,-243163,4242
1689063031414,-243163,4242
1689063031415,-243163,4242
1689063031418,-243163,4242
1689063031422,-243163,4242
1689063031426,-243163,4242
1689063031428,-243163,4242
1689063031430,-243163,4242
1689063031432,-243163,4242
1689063031434,-243163,4242
1689063031435,-243163,4242
1689063031437,-243163,4242
1689063031440,-243163,4242
1689063031442,-243163,4242
1689063031444,-243163,4242
1689063031446,-243163,4242
1689063031448,-243163,4242
1689063031453,-243163,4242
1689063031455,-243163,4242
1689063031457,-243163,4242
1689063031459,-243163,4242
1689063031460,-243163,4242
1689063031462,-243163,4242
1689063031463,-243163,4242
1689063031465,-243163,4242
1689063031467,-243163,4242
1689063031469,-243163,4242
1689063031471,-243163,4242
1689063031475,-243163,4242
1689063031478,-243163,4242
1689063031479,-243163,4242
1689063031481,-243163,4242
1689063031482,-243163,4242
1689063031485,-243163,4242
1689063031490,-243163,4242
1689063031492,-243163,4242
1689063031493,-243163,4242
1689063031494,-243163,4242
1689063031496,-243163,4242
1689063031498,-243163,4242
1689063031501,-243163,4242
1689063031502,-243163,4242
1689063031503,-243163,4242
1689063031505,-243163,4242
1689063031509,-243163,4242
1689063031511,-243163,4242
1689063031513,-243163,4242
1689063031515,-243163,4242
1689063031519,-243163,4242
1689063031523,-243163,4242
1689063031526,-243163,4242
1689063031529,-243163,4242
1689063031531,-243163,4242
1689063031533,-243163,4242
1689063031535,-243163,4242
1689063031537,-243163,4242
1689063031539,-243163,4242
1689063031542,-243163,4242
1689063031544,-243163,4242
1689063031546,-243163,4242
1689063031548,-243163,4242
1689063031549,-243163,4242
1689063031551,-243163,4242
1689063031554,-243163,4242
1689063031556,-243163,4242
1689063031558,-243163,4242
1689063031560,-243163,4242
1689063031561,-243163,4242
1689063031562,-243163,4242
1689063031563,-243163,4242
1689063031565,-243163,4242
1689063031566,-243163,4242
1689063031567,-243163,4242
1689063031569,-243163,4242
1689063031570,-243163,4242
1689063031571,-243163,4242
1689063031572,-243163,4242
1689063031574,-243163,4242
1689063031575,-243163,4242
1689063031577,-243163,4242
1689063031578,-243163,4242
1689063031579,-243163,4242
1689063031580,-243163,4242
1689063031581,-243163,4242
1689063031583,-243163,4242
1689063031586,-243163,4242
1689063031589,-243163,4242
1689063031590,-243163,4242
1689063031591,-243163,4242
1689063031592,-243163,4242
1689063031594,-243163,4242
1689063031595,-243163,4242
1689063031596,-243163,4242
1689063031597,-243163,4242
1689063031599,-243163,4242
1689063031600,-243163,4242
1689063031602,-243163,4242
1689063031603,-243163,4242
1689063031604,-243163,4242
1689063031605,-243163,4242
1689063031608,-243163,4242
1689063031610,-243163,4242
1689063031611,-243163,4242
1689063031613,-243163,4242
1689063031614,-243163,4242
1689063031615,-243163,4242
1689063031619,-243163,4242
1689063031622,-243163,4242
1689063031623,-243163,4242
1689063031624,-243163,4242
1689063031626,-243163,4242
1689063031628,-243163,4242
1689063031630,-243163,4242
1689063031633,-243163,4242
1689063031634,-243163,4242
1689063031636,-243163,4242
1689063031638,-243163,4242
1689063031640,-243163,4242
1689063031642,-243163,4242
1689063031643,-243163,4242
1689063031645,-243163,4242
1689063031647,-243163,4242
1689063031651,-243163,4242
1689063031654,-243163,4242
1689063031659,-243163,4242
1689063031662,-243163,4242
1689063031664,-243163,4242
1689063031665,-243163,4242
1689063031668,-243163,4242
1689063031669,-243163,4242
1689063031671,-243163,4242
1689063031676,-243163,4242
1689063031679,-243163,4242
1689063031681,-243163,4242
1689063031686,-243163,4242
1689063031690,-243163,4242
1689063031692,-243163,4242
1689063031694,-243163,4242
1689063031695,-243163,4242
1689063031696,-243163,4242
1689063031699,-243163,4242
1689063031701,-243163,4242
1689063031702,-243163,4242
1689063031704,-243163,4242
1689063031705,-243163,4242
1689063031709,-243163,4242
1689063031711,-243163,4242
1689063031712,-243163,4242
1689063031714,-243163,4242
1689063031715,-243163,4242
1689063031719,-243163,4242
1689063031728,-243163,4242
1689063031730,-243163,4242
1689063031732,-243163,4242
1689063031733,-243163,4242
1689063031734,-243163,4242
1689063031736,-243163,4242
1689063031739,-243163,4242
1689063031741,-243163,4242
1689063031743,-243163,4242
1689063031744,-243163,4242
1689063031745,-243163,4242
1689063031746,-243163,4242
1689063031747,-243163,4242
1689063031751,-243163,4242
1689063031754,-243163,4242
1689063031756,-243163,4242
1689063031757,-243163,4242
1689063031759,-243163,4242
1689063031760,-243163,4242
1689063031762,-243163,4242
1689063031763,-243163,4242
1689063031765,-243163,4242
1689063031767,-243163,4242
1689063031769,-243163,4242
1689063031771,-243163,4242
1689063031776,-243163,4242
1689063031779,-243163,4242
1689063031781,-243163,4242
1689063031784,-243163,4242
1689063031788,-243163,4242
1689063031791,-243163,4242
1689063031794,-243163,4242
1689063031796,-243163,4242
1689063031798,-243163,4242
1689063031800,-243163,4242
1689063031802,-243163,4242
1689063031804,-243163,4242
1689063031808,-243163,4242
1689063031810,-243163,4242
1689063031811,-243163,4242
1689063031812,-243163,4242
1689063031813,-243163,4242
1689063031814,-243163,4242
1689063031819,-243163,4242
1689063031822,-243163,4242
1689063031823,-243163,4242
1689063031825,-243163,4242
1689063031826,-243163,4242
1689063031827,-243163,4242
1689063031828,-243163,4242
1689063031830,-243163,4242
1689063031831,-243163,4242
1689063031833,-243163,4242
1689063031834,-243163,4242
1689063031835,-243163,4242
1689063031836,-243163,4242
1689063031838,-243163,4242
1689063031839,-243163,4242
1689063031841,-243163,4242
1689063031842,-243163,4242
1689063031843,-243163,4242
1689063031845,-243163,4242
1689063031846,-243163,4242
1689063031847,-243163,4242
1689063031849,-243163,4242
1689063031851,-243163,4242
1689063031853,-243163,4242
1689063031856,-243163,4242
1689063031858,-243163,4242
1689063031859,-243163,4242
1689063031860,-243163,4242
1689063031861,-243163,4242
1689063031862,-243163,4242
1689063031863,-243163,4242
1689063031865,-243163,4242
1689063031866,-243163,4242
1689063031869,-243163,4242
1689063031871,-243163,4242
1689063031872,-243163,4242
1689063031876,-243163,4242
1689063031877,-243163,4242
1689063031879,-243163,4242
1689063031880,-243163,4242
1689063031881,-243163,4242
1689063031886,-243163,4242
1689063031888,-243163,4242
1689063031890,-243163,4242
1689063031891,-243163,4242
1689063031892,-243163,4242
1689063031893,-243163,4242
1689063031894,-243163,4242
1689063031896,-243163,4242
1689063031897,-243163,4242
1689063031899,-243163,4242
1689063031900,-243163,4242
1689063031901,-243163,4242
1689063031902,-243163,4242
1689063031904,-243163,4242
1689063031905,-243163,4242
1689063031906,-243163,4242
1689063031909,-243163,4242
1689063031911,-243163,4242
1689063031912,-243163,4242
1689063031914,-243163,4242
1689063031916,-243163,4242
1689063031919,-243163,4242
1689063031922,-243163,4242
1689063031924,-243163,4242
1689063031926,-243163,4242
1689063031928,-243163,4242
1689063031930,-243163,4242
1689063031932,-243163,4242
1689063031934,-243163,4242
1689063031935,-243163,4242
1689063031938,-243163,4242
1689063031942,-243163,4242
1689063031944,-243163,4242
1689063031945,-243163,4242
1689063031947,-243163,4242
1689063031952,-243163,4242
1689063031956,-243163,4242
1689063031958,-243163,4242
1689063031960,-243163,4242
1689063031961,-243163,4242
1689063031962,-243163,4242
1689063031964,-243163,4242
1689063031965,-243163,4242
1689063031966,-243163,4242
1689063031968,-243163,4242
1689063031970,-243163,4242
1689063031971,-243163,4242
1689063031975,-243163,4242
1689063031977,-243163,4242
1689063031979,-243163,4242
1689063031980,-243163,4242
1689063031982,-243163,4242
1689063031984,-243163,4242
1689063031989,-243163,4242
1689063031991,-243163,4242
1689063031992,-243163,4242
1689063031994,-243163,4242
1689063031995,-243163,4242
1689063031996,-243163,4242
1689063031999,-243163,4242
1689063032001,-243163,4242
1689063032002,-243163,4242
1689063032004,-243163,4242
1689063032008,-243163,4242
1689063032010,-243163,4242
1689063032012,-243163,4242
1689063032013,-243163,4242
1689063032014,-243163,4242
1689063032015,-243163,4242
1689063032016,-243163,4242
1689063032020,-243163,4242
1689063032022,-243163,4242
1689063032025,-243163,4242
1689063032027,-243163,4242
1689063032028,-243163,4242
1689063032030,-243163,4242
1689063032031,-243163,4242
1689063032033,-243163,4242
1689063032034,-243163,4242
1689063032035,-243163,4242
1689063032036,-243163,4242
1689063032037,-243163,4242
1689063032040,-243163,4242
1689063032042,-243163,4242
1689063032043,-243163,4242
1689063032045,-243163,4242
1689063032046,-243163,4242
1689063032047,-243163,4242
1689063032049,-243163,4242
1689063032053,-243163,4242
1689063032054,-243163,4242
1689063032056,-243163,4242
1689063032057,-243163,4242
1689063032058,-243163,4242
1689063032060,-243163,4242
1689063032061,-243163,4242
1689063032062,-243163,4242
1689063032063,-243163,4242
1689063032065,-243163,4242
1689063032066,-243163,4242
1689063032068,-243163,4242
1689063032069,-243163,4242
1689063032070,-243163,4242
1689063032071,-243163,4242
1689063032071,-243163,4242
1689063032072,-243163,4242
1689063032074,-243163,4242
1689063032076,-243163,4242
1689063032077,-243163,4242
1689063032079,-243163,4242
1689063032080,-243163,4242
1689063032081,-243163,4242
1689063032083,-243163,4242
1689063032085,-243163,4242
1689063032087,-243163,4242
1689063032089,-243163,4242
1689063032090,-243163,4242
1689063032091,-243163,4242
1689063032093,-243163,4242
1689063032094,-243163,4242
1689063032095,-243163,4242
1689063032097,-243163,4242
1689063032098,-243163,4242
1689063032100,-243163,4242
1689063032101,-243163,4242
1689063032103,-243163,4242
1689063032104,-243163,4242
1689063032107,-243163,4242
1689063032109,-243163,4242
1689063032111,-243163,4242
1689063032113,-243163,4242
1689063032114,-243163,4242
1689063032117,-243163,4242
1689063032119,-243163,4242
1689063032121,-243163,4242
1689063032123,-243163,4242
1689063032124,-243163,4242
1689063032125,-243163,4242
1689063032126,-243163,4242
1689063032127,-243163,4242
1689063032129,-243163,4242
1689063032131,-243163,4242
1689063032133,-243163,4242
1689063032134,-243163,4242
1689063032135,-243163,4242
1689063032137,-243163,4242
1689063032138,-243163,4242
1689063032143,-243163,4242
1689063032145,-243163,4242
1689063032147,-243163,4242
1689063032149,-243163,4242
1689063032152,-243163,4242
1689063032155,-243163,4242
1689063032159,-243163,4242
1689063032161,-243163,4242
1689063032163,-243163,4242
1689063032164,-243163,4242
1689063032165,-243163,4242
1689063032166,-243163,4242
1689063032168,-243163,4242
1689063032169,-243163,4242
1689063032171,-243163,4242
1689063032172,-243163,4242
1689063032177,-243163,4242
1689063032189,-243163,4242
1689063032192,-243163,4242
1689063032193,-243163,4242
1689063032194,-243163,4242
1689063032195,-243163,4242
1689063032196,-243163,4242
1689063032197,-243163,4242
1689063032199,-243163,4242
1689063032200,-243163,4242
1689063032202,-243163,4242
1689063032203,-243163,4242
1689063032204,-243163,4242
1689063032205,-243163,4242
1689063032209,-243163,4242
1689063032211,-243163,4242
1689063032212,-243163,4242
1689063032213,-243163,4242
1689063032214,-243163,4242
1689063032215,-243163,4242
1689063032216,-243163,4242
1689063032219,-243163,4242
1689063032221,-243163,4242
1689063032223,-243163,4242
1689063032224,-243163,4242
1689063032225,-243163,4242
1689063032226,-243163,4242
1689063032227,-243163,4242
1689063032228,-243163,4242
1689063032229,-243163,4242
1689063032230,-243163,4242
1689063032231,-243163,4242
1689063032232,-243163,4242
1689063032233,-243163,4242
1689063032234,-243163,4242
1689063032235,-243163,4242
1689063032236,-243163,4242
1689063032238,-243163,4242
1689063032241,-243163,4242
1689063032243,-243163,4242
1689063032243,-243163,4242
1689063032244,-243163,4242
1689063032245,-243163,4242
1689063032246,-243163,4242
1689063032247,-243163,4242
1689063032253,-243163,4242
1689063032255,-243163,4242
1689063032256,-243163,4242
1689063032257,-243163,4242
1689063032259,-243163,4242
1689063032260,-243163,4242
1689063032261,-243163,4242
1689063032262,-243163,4242
1689063032263,-243163,4242
1689063032265,-243163,4242
1689063032267,-243163,4242
1689063032269,-243163,4242
1689063032271,-243163,4242
1689063032275,-243163,4242
1689063032278,-243163,4242
1689063032280,-243163,4242
1689063032282,-243163,4242
1689063032286,-243163,4242
1689063032289,-243163,4242
1689063032291,-243163,4242
1689063032293,-243163,4242
1689063032295,-243163,4242
1689063032297,-243163,4242
1689063032299,-243163,4242
1689063032301,-243163,4242
1689063032302,-243163,4242
1689063032303,-243163,4242
1689063032304,-243163,4242
1689063032305,-243163,4242
1689063032309,-243163,4242
1689063032310,-243163,4242
1689063032311,-243163,4242
1689063032312,-243163,4242
1689063032314,-243163,4242
1689063032315,-243163,4242
1689063032317,-243163,4242
1689063032320,-243163,4242
1689063032323,-243163,4242
1689063032324,-243163,4242
1689063032325,-243163,4242
1689063032326,-243163,4242
1689063032328,-243163,4242
1689063032329,-243163,4242
1689063032330,-243163,4242
1689063032332,-243163,4242
1689063032333,-243163,4242
1689063032335,-243163,4242
1689063032336,-243163,4242
1689063032339,-243163,4242
1689063032343,-243163,4242
1689063032345,-243163,4242
1689063032347,-243163,4242
1689063032349,-243163,4242
1689063032352,-243163,4242
1689063032355,-243163,4242
1689063032357,-243163,4242
1689063032358,-243163,4242
1689063032360,-243163,4242
1689063032361,-243163,4242
1689063032362,-243163,4242
1689063032363,-243163,4242
1689063032364,-243163,4242
1689063032365,-243163,4242
1689063032366,-243163,4242
1689063032369,-243163,4242
1689063032371,-243163,4242
1689063032372,-243163,4242
1689063032373,-243163,4242
1689063032374,-243163,4242
1689063032376,-243163,4242
1689063032377,-243163,4242
1689063032379,-243163,4242
1689063032380,-243163,4242
1689063032381,-243163,4242
1689063032382,-243163,4242
1689063032385,-243163,4242
1689063032388,-243163,4242
1689063032391,-243163,4242
1689063032393,-243163,4242
1689063032395,-243163,4242
1689063032396,-243163,4242
1689063032398,-243163,4242
1689063032399,-243163,4242
1689063032400,-243163,4242
1689063032401,-243163,4242
1689063032403,-243163,4242
1689063032404,-243163,4242
1689063032405,-243163,4242
1689063032406,-243163,4242
1689063032409,-243163,4242
1689063032410,-243163,4242
1689063032412,-243163,4242
1689063032413,-243163,4242
1689063032414,-243163,4242
1689063032415,-243163,4242
1689063032417,-243163,4242
1689063032421,-243163,4242
1689063032423,-243163,4242
1689063032424,-243163,4242
1689063032425,-243163,4242
1689063032426,-243163,4242
1689063032428,-243163,4242
1689063032429,-243163,4242
1689063032430,-243163,4242
1689063032431,-243163,4242
1689063032433,-243163,4242
1689063032434,-243163,4242
1689063032435,-243163,4242
1689063032436,-243163,4242
1689063032438,-243163,4242
1689063032439,-243163,4242
1689063032442,-243163,4242
1689063032443,-243163,4242
1689063032445,-243163,4242
1689063032446,-243163,4242
1689063032447,-243163,4242
1689063032449,-243163,4242
1689063032452,-243163,4242
1689063032455,-243163,4242
1689063032458,-243163,4242
1689063032460,-243163,4242
1689063032461,-243163,4242
1689063032462,-243163,4242
1689063032464,-243163,4242
1689063032466,-243163,4242
1689063032467,-243163,4242
1689063032469,-243163,4242
1689063032470,-243163,4242
1689063032472,-243163,4242
1689063032477,-243163,4242
1689063032479,-243163,4242
1689063032480,-243163,4242
1689063032482,-243163,4242
1689063032485,-243163,4242
1689063032489,-243163,4242
1689063032491,-243163,4242
1689063032494,-243163,4242
1689063032496,-243163,4242
1689063032498,-243163,4242
1689063032499,-243163,4242
1689063032501,-243163,4242
1689063032502,-243163,4242
1689063032504,-243163,4242
1689063032505,-243163,4242
1689063032506,-243163,4242
1689063032510,-243163,4242
1689063032512,-243163,4242
1689063032513,-243163,4242
1689063032514,-243163,4242
1689063032516,-243163,4242
1689063032522,-243163,4242
1689063032525,-243163,4242
1689063032527,-243163,4242
1689063032529,-243163,4242
1689063032531,-243163,4242
1689063032533,-243163,4242
1689063032535,-243163,4242
1689063032537,-243163,4242
1689063032538,-243163,4242
1689063032540,-243163,4242
1689063032542,-243163,4242
1689063032544,-243163,4242
1689063032545,-243163,4242
1689063032548,-243163,4242
1689063032550,-243163,4242
1689063032554,-243163,4242
1689063032556,-243163,4242
1689063032558,-243163,4242
1689063032560,-243163,4242
1689063032561,-243163,4242
1689063032562,-243163,4242
1689063032563,-243163,4242
1689063032565,-243163,4242
1689063032566,-243163,4242
1689063032569,-243163,4242
1689063032571,-243163,4242
1689063032572,-243163,4242
1689063032576,-243163,4242
1689063032579,-243163,4242
1689063032580,-243163,4242
1689063032582,-243163,4242
1689063032585,-243163,4242
1689063032588,-243163,4242
1689063032590,-243163,4242
1689063032591,-243163,4242
1689063032593,-243163,4242
1689063032594,-243163,4242
1689063032595,-243163,4242
1689063032597,-243163,4242
1689063032598,-243163,4242
1689063032600,-243163,4242
1689063032601,-243163,4242
1689063032602,-243163,4242
1689063032604,-243163,4242
1689063032605,-243163,4242
1689063032606,-243163,4242
1689063032610,-243163,4242
1689063032611,-243163,4242
1689063032613,-243163,4242
1689063032614,-243163,4242
1689063032617,-243163,4242
1689063032619,-243163,4242
1689063032624,-243163,4242
1689063032626,-243163,4242
1689063032628,-243163,4242
1689063032629,-243163,4242
1689063032630,-243163,4242
1689063032631,-243163,4242
1689063032632,-243163,4242
1689063032634,-243163,4242
1689063032635,-243163,4242
1689063032636,-243163,4242
1689063032637,-243163,4242
1689063032639,-243163,4242
1689063032642,-243163,4242
1689063032644,-243163,4242
1689063032646,-243163,4242
1689063032648,-243163,4242
1689063032653,-243163,4242
1689063032656,-243163,4242
1689063032658,-243163,4242
1689063032660,-243163,4242
1689063032662,-243163,4242
1689063032663,-243163,4242
1689063032665,-243163,4242
1689063032666,-243163,4242
1689063032669,-243163,4242
1689063032671,-243163,4242
1689063032672,-243163,4242
1689063032674,-243163,4242
1689063032676,-243163,4242
1689063032678,-243163,4242
1689063032680,-243163,4242
1689063032681,-243163,4242
1689063032683,-243163,4242
1689063032688,-243163,4242
1689063032690,-243163,4242
1689063032692,-243163,4242
1689063032693,-243163,4242
1689063032695,-243163,4242
1689063032696,-243163,4242
1689063032699,-243163,4242
1689063032701,-243163,4242
1689063032702,-243163,4242
1689063032703,-243163,4242
1689063032704,-243163,4242
1689063032705,-243163,4242
1689063032710,-243163,4242
1689063032711,-243163,4242
1689063032712,-243163,4242
1689063032713,-243163,4242
1689063032714,-243163,4242
1689063032715,-243163,4242
1689063032717,-243163,4242
1689063032720,-243163,4242
1689063032724,-243163,4242
1689063032727,-243163,4242
1689063032729,-243163,4242
1689063032730,-243163,4242
1689063032731,-243163,4242
1689063032732,-243163,4242
1689063032734,-243163,4242
1689063032735,-243163,4242
1689063032736,-243163,4242
1689063032737,-243163,4242
1689063032739,-243163,4242
1689063032743,-243163,4242
1689063032745,-243163,4242
1689063032746,-243163,4242
1689063032748,-243163,4242
1689063032749,-243163,4242
1689063032751,-243163,4242
1689063032754,-243163,4242
1689063032756,-243163,4242
1689063032757,-243163,4242
1689063032759,-243163,4242
1689063032760,-243163,4242
1689063032761,-243163,4242
1689063032762,-243163,4242
1689063032764,-243163,4242
1689063032765,-243163,4242
1689063032767,-243163,4242
1689063032768,-243163,4242
1689063032770,-243163,4242
1689063032771,-243163,4242
1689063032772,-243163,4242
1689063032775,-243163,4242
1689063032777,-243163,4242
1689063032779,-243163,4242
1689063032780,-243163,4242
1689063032781,-292968,4242
1689063032784,-292968,4242
1689063032788,-292968,4242
1689063032790,-292968,4242
1689063032792,-292968,4242
1689063032794,-292968,4242
1689063032796,-292968,4242
1689063032798,-292968,4242
1689063032800,-292968,4242
1689063032802,-292968,4242
1689063032804,-292968,4242
1689063032805,-292968,4242
1689063032810,-292968,4242
1689063032812,-292968,4242
1689063032814,-292968,4242
1689063032816,-292968,4242
1689063032820,-292968,4242
1689063032827,-292968,4242
1689063032829,-292968,4242
1689063032831,-292968,4242
1689063032833,-292968,4242
1689063032835,-292968,4242
1689063032837,-292968,4242
1689063032838,-292968,4242
1689063032844,-292968,4242
1689063032846,-292968,4242
1689063032848,-292968,4242
1689063032850,-292968,4242
1689063032852,-292968,4242
1689063032856,-292968,4242
1689063032858,-292968,4242
1689063032860,-292968,4242
1689063032861,-292968,4242
1689063032861,-292968,4242
1689063032863,-292968,4242
1689063032864,-292968,4242
1689063032865,-292968,4242
1689063032866,-292968,4242
1689063032867,-292968,4242
1689063032869,-292968,4242
1689063032870,-292968,4242
1689063032871,-292968,4242
1689063032872,-292968,4242
1689063032873,-292968,4242
1689063032875,-292968,4242
1689063032877,-292968,4242
1689063032878,-292968,4242
1689063032880,-292968,4242
1689063032881,-292968,4242
1689063032882,-292968,4242
1689063032883,-292968,4242
1689063032886,-292968,4242
1689063032889,-292968,4242
1689063032891,-292968,4242
1689063032892,-292968,4242
1689063032894,-292968,4242
1689063032895,-292968,4242
1689063032896,-292968,4242
1689063032898,-292968,4242
1689063032899,-292968,4242
1689063032901,-292968,4242
1689063032902,-292968,4242
1689063032903,-292968,4242
1689063032905,-292968,4242
1689063032907,-292968,4242
1689063032911,-292968,4242
1689063032913,-292968,4242
1689063032915,-292968,4242
1689063032918,-292968,4242
1689063032922,-292968,4242
1689063032924,-292968,4242
1689063032926,-292968,4242
1689063032927,-292968,4242
1689063032928,-292968,4242
1689063032929,-292968,4242
1689063032930,-292968,4242
1689063032932,-292968,4242
1689063032933,-292968,4242
1689063032935,-292968,4242
1689063032936,-292968,4242
1689063032938,-292968,4242
1689063032939,-292968,4242
1689063032941,-292968,4242
1689063032942,-292968,4242
1689063032944,-292968,4242
1689063032945,-292968,4242
1689063032946,-292968,4242
1689063032948,-292968,4242
1689063032950,-292968,4242
1689063032954,-292968,4242
1689063032959,-292968,4242
1689063032962,-292968,4242
1689063032964,-292968,4242
1689063032965,-292968,4242
1689063032967,-292968,4242
1689063032969,-292968,4242
1689063032971,-292968,4242
1689063032972,-292968,4242
1689063032973,-292968,4242
1689063032975,-292968,4242
1689063032977,-292968,4242
1689063032978,-292968,4242
1689063032980,-292968,4242
1689063032981,-292968,4242
1689063032982,-292968,4242
1689063032984,-292968,4242
1689063032987,-292968,4242
1689063032989,-292968,4242
1689063032991,-292968,4242
1689063032993,-292968,4242
1689063032994,-292968,4242
1689063032995,-292968,4242
1689063032996,-292968,4242
1689063032997,-292968,4242
1689063032999,-292968,4242
1689063033000,-292968,4242
1689063033001,-292968,4242
1689063033002,-292968,4242
1689063033003,-292968,4242
1689063033004,-292968,4242
1689063033005,-292968,4242
1689063033007,-292968,4242
1689063033009,-292968,4242
1689063033011,-292968,4242
1689063033012,-292968,4242
1689063033013,-292968,4242
1689063033014,-292968,4242
1689063033015,-292968,4242
1689063033016,-292968,4242
1689063033019,-292968,4242
1689063033022,-292968,4242
1689063033024,-292968,4242
1689063033025,-292968,4242
1689063033026,-292968,4242
1689063033032,-292968,4242
1689063033034,-292968,4242
1689063033036,-292968,4242
1689063033039,-292968,4242
1689063033042,-292968,4242
1689063033044,-292968,4242
1689063033045,-292968,4242
1689063033047,-292968,4242
1689063033049,-292968,4242
1689063033050,-292968,4242
1689063033055,-292968,4242
1689063033057,-292968,4242
1689063033058,-292968,4242
1689063033059,-292968,4242
1689063033060,-292968,4242
1689063033061,-292968,4242
1689063033063,-292968,4242
1689063033064,-292968,4242
1689063033065,-292968,4242
1689063033067,-292968,4242
1689063033068,-292968,4242
1689063033069,-292968,4242
1689063033070,-292968,4242
1689063033071,-292968,4242
1689063033072,-292968,4242
1689063033073,-292968,4242
1689063033077,-292968,4242
1689063033078,-292968,4242
1689063033080,-292968,4242
1689063033081,-292968,4242
1689063033082,-292968,4242
1689063033083,-292968,4242
1689063033086,-292968,4242
1689063033091,-292968,4242
1689063033093,-292968,4242
1689063033095,-292968,4242
1689063033096,-292968,4242
1689063033097,-292968,4242
1689063033099,-292968,4242
1689063033100,-292968,4242
1689063033102,-292968,4242
1689063033103,-292968,4242
1689063033105,-292968,4242
1689063033106,-292968,4242
1689063033107,-292968,4242
1689063033109,-292968,4242
1689063033111,-292968,4242
1689063033119,-292968,4242
1689063033121,-292968,4242
1689063033123,-292968,4242
1689063033125,-292968,4242
1689063033126,-292968,4242
1689063033128,-292968,4242
1689063033129,-292968,4242
1689063033131,-292968,4242
1689063033132,-292968,4242
1689063033135,-292968,4242
1689063033138,-292968,4242
1689063033139,-292968,4242
1689063033141,-292968,4242
1689063033143,-292968,4242
1689063033144,-292968,4242
1689063033146,-292968,4242
1689063033147,-292968,4242
1689063033149,-292968,4242
1689063033150,-292968,4242
1689063033152,-292968,4242
1689063033155,-292968,4242
1689063033159,-292968,4242
1689063033160,-292968,4242
1689063033161,-292968,4242
1689063033162,-292968,4242
1689063033163,-292968,4242
1689063033165,-292968,4242
1689063033166,-292968,4242
1689063033168,-292968,4242
1689063033171,-292968,4242
1689063033173,-292968,4242
1689063033175,-292968,4242
1689063033176,-292968,4242
1689063033178,-292968,4242
1689063033179,-292968,4242
1689063033180,-292968,4242
1689063033182,-292968,4242
1689063033184,-292968,4242
1689063033186,-292968,4242
1689063033188,-292968,4242
1689063033189,-292968,4242
1689063033190,-292968,4242
1689063033191,-292968,4242
1689063033193,-292968,4242
1689063033194,-292968,4242
1689063033195,-292968,4242
1689063033196,-292968,4242
1689063033198,-292968,4242
1689063033199,-292968,4242
1689063033200,-292968,4242
1689063033202,-292968,4242
1689063033203,-292968,4242
1689063033204,-292968,4242
1689063033205,-292968,4242
1689063033206,-292968,4242
1689063033207,-292968,4242
1689063033209,-292968,4242
1689063033211,-292968,4242
1689063033213,-292968,4242
1689063033214,-292968,4242
1689063033215,-292968,4242
1689063033217,-292968,4242
1689063033220,-292968,4242
1689063033223,-292968,4242
1689063033226,-292968,4242
1689063033228,-292968,4242
1689063033230,-292968,4242
1689063033231,-292968,4242
1689063033233,-292968,4242
1689063033234,-292968,4242
1689063033236,-292968,4242
1689063033238,-292968,4242
1689063033239,-292968,4242
1689063033241,-292968,4242
1689063033244,-292968,4242
1689063033246,-292968,4242
1689063033248,-292968,4242
1689063033249,-292968,4242
1689063033253,-292968,4242
1689063033256,-292968,4242
1689063033258,-292968,4242
1689063033260,-292968,4242
1689063033261,-292968,4242
1689063033263,-292968,4242
1689063033265,-292968,4242
1689063033266,-292968,4242
1689063033268,-292968,4242
1689063033269,-292968,4242
1689063033271,-292968,4242
1689063033272,-292968,4242
1689063033273,-292968,4242
1689063033275,-292968,4242
1689063033276,-292968,4242
1689063033278,-292968,4242
1689063033280,-292968,4242
1689063033281,-292968,4242
1689063033283,-292968,4242
1689063033288,-292968,4242
1689063033290,-292968,4242
1689063033292,-292968,4242
1689063033293,-292968,4242
1689063033295,-292968,4242
1689063033296,-292968,4242
1689063033299,-292968,4242
1689063033301,-292968,4242
1689063033302,-292968,4242
1689063033304,-292968,4242
1689063033305,-292968,4242
1689063033307,-292968,4242
1689063033310,-292968,4242
1689063033312,-292968,4242
1689063033314,-292968,4242
1689063033315,-292968,4242
1689063033317,-292968,4242
1689063033323,-292968,4242
1689063033326,-292968,4242
1689063033328,-292968,4242
1689063033330,-292968,4242
1689063033331,-292968,4242
1689063033332,-292968,4242
1689063033333,-292968,4242
1689063033335,-292968,4242
1689063033337,-292968,4242
1689063033338,-292968,4242
1689063033340,-292968,4242
1689063033341,-292968,4242
1689063033343,-292968,4242
1689063033346,-292968,4242
1689063033348,-292968,4242
1689063033353,-292968,4242
1689063033356,-292968,4242
1689063033359,-292968,4242
1689063033361,-292968,4242
1689063033362,-292968,4242
1689063033363,-292968,4242
1689063033365,-292968,4242
1689063033366,-292968,4242
1689063033368,-292968,4242
1689063033370,-292968,4242
1689063033371,-292968,4242
1689063033372,-292968,4242
1689063033374,-292968,4242
1689063033375,-292968,4242
1689063033378,-292968,4242
1689063033379,-292968,4242
1689063033381,-292968,4242
1689063033382,-292968,4242
1689063033383,-292968,4242
1689063033385,-292968,4242
1689063033388,-292968,4242
1689063033390,-292968,4242
1689063033392,-292968,4242
1689063033394,-292968,4242
1689063033395,-292968,4242
1689063033396,-292968,4242
1689063033399,-292968,4242
1689063033402,-292968,4242
1689063033403,-292968,4242
1689063033404,-292968,4242
1689063033406,-292968,4242
1689063033411,-292968,4242
1689063033412,-292968,4242
1689063033414,-292968,4242
1689063033415,-292968,4242
1689063033416,-292968,4242
1689063033418,-292968,4242
1689063033422,-292968,4242
1689063033424,-292968,4242
1689063033426,-292968,4242
1689063033428,-292968,4242
1689063033430,-292968,4242
1689063033431,-292968,4242
1689063033432,-292968,4242
1689063033433,-292968,4242
1689063033434,-292968,4242
1689063033436,-292968,4242
1689063033437,-292968,4242
1689063033438,-292968,4242
1689063033439,-292968,4242
1689063033441,-292968,4242
1689063033442,-292968,4242
1689063033443,-292968,4242
1689063033445,-292968,4242
1689063033446,-292968,4242
1689063033448,-292968,4242
1689063033450,-292968,4242
1689063033455,-292968,4242
1689063033457,-292968,4242
1689063033459,-292968,4242
1689063033460,-292968,4242
1689063033461,-292968,4242
1689063033462,-292968,4242
1689063033463,-292968,4242
1689063033464,-292968,4242
1689063033465,-292968,4242
1689063033467,-292968,4242
1689063033468,-292968,4242
1689063033470,-292968,4242
1689063033471,-292968,4242
1689063033472,-292968,4242
1689063033476,-292968,4242
1689063033479,-292968,4242
1689063033480,-292968,4242
1689063033481,-292968,4242
1689063033484,-292968,4242
1689063033488,-292968,4242
1689063033490,-292968,4242
1689063033492,-292968,4242
1689063033494,-292968,4242
1689063033495,-292968,4242
1689063033497,-292968,4242
1689063033500,-292968,4242
1689063033501,-292968,4242
1689063033503,-292968,4242
1689063033504,-292968,4242
1689063033505,-292968,4242
1689063033506,-292968,4242
1689063033510,-292968,4242
1689063033512,-292968,4242
1689063033514,-292968,4242
1689063033515,-292968,4242
1689063033517,-292968,4242
1689063033520,-292968,4242
1689063033524,-292968,4242
1689063033526,-292968,4242
1689063033529,-292968,4242
1689063033531,-292968,4242
1689063033532,-292968,4242
1689063033534,-292968,4242
1689063033535,-292968,4242
1689063033537,-292968,4242
1689063033539,-292968,4242
1689063033541,-292968,4242
1689063033545,-292968,4242
1689063033547,-292968,4242
1689063033549,-292968,4242
1689063033550,-292968,4242
1689063033553,-292968,4242
1689063033556,-292968,4242
1689063033558,-292968,4242
1689063033560,-292968,4242
1689063033561,-292968,4242
1689063033562,-292968,4242
1689063033563,-292968,4242
1689063033564,-292968,4242
1689063033565,-292968,4242
1689063033566,-292968,4242
1689063033569,-292968,4242
1689063033570,-292968,4242
1689063033571,-292968,4242
1689063033572,-292968,4242
1689063033573,-292968,4242
1689063033577,-292968,4242
1689063033579,-292968,4242
1689063033580,-292968,4242
1689063033581,-292968,4242
1689063033583,-292968,4242
1689063033584,-292968,4242
1689063033586,-292968,4242
1689063033590,-292968,4242
1689063033591,-292968,4242
1689063033593,-292968,4242
1689063033594,-292968,4242
1689063033595,-292968,4242
1689063033596,-292968,4242
1689063033598,-292968,4242
1689063033600,-292968,4242
1689063033601,-292968,4242
1689063033602,-292968,4242
1689063033604,-292968,4242
1689063033605,-292968,4242
1689063033605,-292968,4242
1689063033606,-292968,4242
1689063033611,-292968,4242
1689063033612,-292968,4242
1689063033614,-292968,4242
1689063033615,-292968,4242
1689063033616,-292968,4242
1689063033618,-292968,4242
1689063033620,-292968,4242
1689063033622,-292968,4242
1689063033624,-292968,4242
1689063033625,-292968,4242
1689063033626,-292968,4242
1689063033627,-292968,4242
1689063033629,-292968,4242
1689063033630,-292968,4242
1689063033632,-292968,4242
1689063033633,-292968,4242
1689063033635,-292968,4242
1689063033637,-292968,4242
1689063033638,-292968,4242
1689063033640,-292968,4242
1689063033644,-292968,4242
1689063033645,-292968,4242
1689063033647,-292968,4242
1689063033649,-292968,4242
1689063033650,-292968,4242
1689063033653,-292968,4242
1689063033655,-292968,4242
1689063033659,-292968,4242
1689063033661,-292968,4242
1689063033663,-292968,4242
1689063033664,-292968,4242
1689063033665,-292968,4242
1689063033667,-292968,4242
1689063033669,-292968,4242
1689063033671,-292968,4242
1689063033673,-292968,4242
1689063033674,-292968,4242
1689063033677,-292968,4242
1689063033679,-292968,4242
1689063033681,-292968,4242
1689063033682,-292968,4242
1689063033687,-292968,4242
1689063033690,-292968,4242
1689063033692,-292968,4242
1689063033694,-292968,4242
1689063033695,-292968,4242
1689063033697,-292968,4242
1689063033699,-292968,4242
1689063033701,-292968,4242
1689063033703,-292968,4242
1689063033704,-292968,4242
1689063033706,-292968,4242
1689063033707,-292968,4242
1689063033710,-292968,4242
1689063033712,-292968,4242
1689063033713,-292968,4242
1689063033715,-292968,4242
1689063033717,-292968,4242
1689063033720,-292968,4242
1689063033725,-292968,4242
1689063033728,-292968,4242
1689063033730,-292968,4242
1689063033731,-292968,4242
1689063033733,-292968,4242
1689063033734,-292968,4242
1689063033736,-292968,4242
1689063033739,-292968,4242
1689063033745,-292968,4242
1689063033748,-292968,4242
1689063033749,-292968,4242
1689063033751,-292968,4242
1689063033755,-292968,4242
1689063033757,-292968,4242
1689063033759,-292968,4242
1689063033761,-292968,4242
1689063033762,-292968,4242
1689063033763,-292968,4242
1689063033764,-292968,4242
1689063033765,-292968,4242
1689063033767,-292968,4242
1689063033769,-292968,4242
1689063033770,-292968,4242
1689063033771,-292968,4242
1689063033772,-292968,4242
1689063033773,-292968,4242
1689063033774,-292968,4242
1689063033775,-292968,4242
1689063033776,-292968,4242
1689063033778,-292968,4242
1689063033780,-292968,4242
1689063033781,-292968,4242
1689063033782,-292968,4242
1689063033783,-292968,4242
1689063033784,-292968,4242
1689063033788,-292968,4242
1689063033790,-292968,4242
1689063033792,-292968,4242
1689063033794,-292968,4242
1689063033796,-292968,4242
1689063033797,-292968,4242
1689063033798,-292968,4242
1689063033799,-292968,4242
1689063033800,-292968,4242
1689063033802,-292968,4242
1689063033803,-292968,4242
1689063033804,-292968,4242
1689063033805,-292968,4242
1689063033806,-292968,4242
1689063033807,-292968,4242
1689063033809,-292968,4242
1689063033811,-292968,4242
1689063033812,-292968,4242
1689063033814,-292968,4242
1689063033815,-292968,4242
1689063033816,-292968,4242
1689063033819,-292968,4242
1689063033822,-292968,4242
1689063033824,-292968,4242
1689063033826,-292968,4242
1689063033827,-292968,4242
1689063033829,-292968,4242
1689063033830,-292968,4242
1689063033832,-292968,4242
1689063033833,-292968,4242
1689063033835,-292968,4242
1689063033836,-292968,4242
1689063033838,-292968,4242
1689063033840,-292968,4242
1689063033843,-292968,4242
1689063033845,-292968,4242
1689063033848,-292968,4242
1689063033851,-292968,4242
1689063033856,-292968,4242
1689063033859,-292968,4242
1689063033861,-292968,4242
1689063033862,-292968,4242
1689063033864,-292968,4242
1689063033867,-292968,4242
1689063033870,-292968,4242
1689063033872,-292968,4242
1689063033874,-292968,4242
1689063033878,-292968,4242
1689063033880,-292968,4242
1689063033882,-292968,4242
1689063033884,-292968,4242
1689063033886,-292968,4242
1689063033889,-292968,4242
1689063033891,-292968,4242
1689063033893,-292968,4242
1689063033895,-292968,4242
1689063033896,-292968,4242
1689063033899,-292968,4242
1689063033900,-292968,4242
1689063033902,-292968,4242
1689063033904,-292968,4242
1689063033905,-292968,4242
1689063033907,-292968,4242
1689063033909,-292968,4242
1689063033911,-292968,4242
1689063033912,-292968,4242
1689063033914,-292968,4242
1689063033916,-292968,4242
1689063033918,-292968,4242
1689063033922,-292968,4242
1689063033927,-292968,4242
1689063033929,-292968,4242
1689063033930,-292968,4242
1689063033932,-292968,4242
1689063033933,-292968,4242
1689063033934,-292968,4242
1689063033935,-292968,4242
1689063033936,-292968,4242
1689063033938,-292968,4242
1689063033939,-292968,4242
1689063033940,-292968,4242
1689063033941,-292968,4242
1689063033942,-292968,4242
1689063033944,-292968,4242
1689063033946,-292968,4242
1689063033947,-292968,4242
1689063033948,-292968,4242
1689063033950,-292968,4242
1689063033954,-292968,4242
1689063033956,-292968,4242
1689063033959,-292968,4242
1689063033960,-292968,4242
1689063033961,-292968,4242
1689063033962,-292968,4242
1689063033963,-292968,4242
1689063033965,-292968,4242
1689063033967,-292968,4242
1689063033968,-292968,4242
1689063033970,-292968,4242
1689063033971,-292968,4242
1689063033973,-292968,4242
1689063033974,-292968,4242
1689063033975,-292968,4242
1689063033978,-292968,4242
1689063033980,-292968,4242
1689063033981,-292968,4242
1689063033983,-292968,4242
1689063033985,-292968,4242
1689063033988,-292968,4242
1689063033991,-292968,4242
1689063033992,-292968,4242
1689063033994,-292968,4242
1689063033995,-292968,4242
1689063033997,-292968,4242
1689063033999,-292968,4242
1689063034001,-292968,4242
1689063034003,-292968,4242
1689063034004,-292968,4242
1689063034006,-292968,4242
1689063034008,-292968,4242
1689063034011,-292968,4242
1689063034012,-292968,4242
1689063034013,-292968,4242
1689063034014,-292968,4242
1689063034015,-292968,4242
1689063034017,-292968,4242
1689063034021,-292968,4242
1689063034026,-292968,4242
1689063034028,-292968,4242
1689063034029,-292968,4242
1689063034031,-292968,4242
1689063034032,-292968,4242
1689063034033,-292968,4242
1689063034035,-292968,4242
1689063034036,-292968,4242
1689063034037,-292968,4242
1689063034040,-292968,4242
1689063034044,-292968,4242
1689063034048,-292968,4242
1689063034051,-292968,4242
1689063034054,-292968,4242
1689063034056,-292968,4242
1689063034058,-292968,4242
1689063034059,-292968,4242
1689063034060,-292968,4242
1689063034061,-292968,4242
1689063034063,-292968,4242
1689063034064,-292968,4242
1689063034065,-292968,4242
1689063034067,-292968,4242
1689063034068,-292968,4242
1689063034070,-292968,4242
1689063034072,-292968,4242
1689063034073,-292968,4242
1689063034078,-292968,4242
1689063034080,-292968,4242
1689063034082,-292968,4242
1689063034085,-292968,4242
1689063034091,-292968,4242
1689063034093,-292968,4242
1689063034095,-292968,4242
1689063034096,-292968,4242
1689063034097,-292968,4242
1689063034099,-292968,4242
1689063034100,-292968,4242
1689063034102,-292968,4242
1689063034103,-292968,4242
1689063034104,-292968,4242
1689063034106,-292968,4242
1689063034107,-292968,4242
1689063034111,-292968,4242
1689063034113,-292968,4242
1689063034115,-292968,4242
1689063034117,-292968,4242
1689063034124,-292968,4242
1689063034128,-292968,4242
1689063034130,-292968,4242
1689063034132,-292968,4242
1689063034133,-292968,4242
1689063034135,-292968,4242
1689063034136,-292968,4242
1689063034137,-292968,4242
1689063034139,-292968,4242
1689063034141,-292968,4242
1689063034145,-292968,4242
1689063034148,-292968,4242
1689063034150,-292968,4242
1689063034152,-292968,4242
1689063034156,-292968,4242
1689063034159,-292968,4242
1689063034161,-292968,4242
1689063034163,-292968,4242
1689063034165,-292968,4242
1689063034166,-292968,4242
1689063034169,-292968,4242
1689063034171,-292968,4242
1689063034173,-292968,4242
1689063034175,-292968,4242
1689063034179,-292968,4242
1689063034180,-292968,4242
1689063034181,-292968,4242
1689063034182,-292968,4242
1689063034188,-292968,4242
1689063034190,-292968,4242
1689063034191,-292968,4242
1689063034192,-292968,4242
1689063034193,-292968,4242
1689063034194,-292968,4242
1689063034195,-292968,4242
1689063034196,-292968,4242
1689063034199,-292968,4242
1689063034200,-292968,4242
1689063034202,-292968,4242
1689063034204,-292968,4242
1689063034206,-292968,4242
1689063034208,-292968,4242
1689063034211,-292968,4242
1689063034213,-292968,4242
1689063034214,-292968,4242
1689063034215,-292968,4242
1689063034217,-292968,4242
1689063034222,-292968,4242
1689063034224,-292968,4242
1689063034225,-292968,4242
1689063034228,-292968,4242
1689063034230,-292968,4242
1689063034232,-292968,4242
1689063034236,-292968,4242
1689063034240,-292968,4242
1689063034245,-292968,4242
1689063034247,-292968,4242
1689063034249,-292968,4242
1689063034255,-292968,4242
1689063034259,-270995,4242
1689063034261,-270995,4242
1689063034262,-270995,4242
1689063034264,-270995,4242
1689063034265,-270995,4242
1689063034268,-270995,4242
1689063034270,-270995,4242
1689063034272,-270995,4242
1689063034273,-270995,4242
1689063034278,-270995,4242
1689063034279,-270995,4242
1689063034280,-270995,4242
1689063034281,-270995,4242
1689063034283,-270995,4242
1689063034287,-270995,4242
1689063034289,-270995,4242
1689063034290,-270995,4242
1689063034291,-270995,4242
1689063034292,-270995,4242
1689063034293,-270995,4242
1689063034295,-270995,4242
1689063034296,-270995,4242
1689063034297,-270995,4242
1689063034298,-270995,4242
1689063034299,-270995,4242
1689063034301,-270995,4242
1689063034302,-270995,4242
1689063034305,-270995,4242
1689063034306,-270995,4242
1689063034310,-270995,4242
1689063034312,-270995,4242
1689063034313,-270995,4242
1689063034314,-270995,4242
1689063034315,-270995,4242
1689063034316,-270995,4242
1689063034319,-270995,4242
1689063034321,-270995,4242
1689063034322,-270995,4242
1689063034324,-270995,4242
1689063034325,-270995,4242
1689063034326,-270995,4242
1689063034328,-270995,4242
1689063034329,-270995,4242
1689063034331,-270995,4242
1689063034332,-270995,4242
1689063034333,-270995,4242
1689063034335,-270995,4242
1689063034336,-270995,4242
1689063034339,-270995,4242
1689063034340,-270995,4242
1689063034344,-270995,4242
1689063034346,-270995,4242
1689063034348,-270995,4242
1689063034350,-270995,4242
1689063034354,-270995,4242
1689063034357,-270995,4242
1689063034359,-270995,4242
1689063034360,-270995,4242
1689063034363,-270995,4242
1689063034365,-270995,4242
1689063034366,-270995,4242
1689063034370,-270995,4242
1689063034375,-270995,4242
1689063034378,-270995,4242
1689063034380,-270995,4242
1689063034382,-270995,4242
1689063034383,-270995,4242
1689063034390,-270995,4242
1689063034392,-270995,4242
1689063034393,-270995,4242
1689063034394,-270995,4242
1689063034395,-270995,4242
1689063034396,-270995,4242
1689063034397,-270995,4242
1689063034398,-270995,4242
1689063034400,-270995,4242
1689063034401,-270995,4242
1689063034403,-270995,4242
1689063034405,-270995,4242
1689063034407,-270995,4242
1689063034409,-270995,4242
1689063034411,-270995,4242
1689063034412,-270995,4242
1689063034414,-270995,4242
1689063034415,-270995,4242
1689063034416,-270995,4242
1689063034420,-270995,4242
1689063034422,-270995,4242
1689063034423,-270995,4242
1689063034424,-270995,4242
1689063034425,-270995,4242
1689063034426,-270995,4242
1689063034429,-270995,4242
1689063034431,-270995,4242
1689063034432,-270995,4242
1689063034434,-270995,4242
1689063034438,-270995,4242
1689063034440,-270995,4242
1689063034446,-270995,4242
1689063034450,-270995,4242
1689063034453,-270995,4242
1689063034457,-270995,4242
1689063034459,-270995,4242
1689063034461,-270995,4242
1689063034462,-270995,4242
1689063034464,-270995,4242
1689063034465,-270995,4242
1689063034468,-270995,4242
1689063034472,-270995,4242
1689063034475,-270995,4242
1689063034480,-270995,4242
1689063034482,-270995,4242
1689063034484,-270995,4242
1689063034489,-270995,4242
1689063034491,-270995,4242
1689063034492,-270995,4242
1689063034494,-270995,4242
1689063034495,-270995,4242
1689063034496,-270995,4242
1689063034497,-270995,4242
1689063034499,-270995,4242
1689063034500,-270995,4242
1689063034502,-270995,4242
1689063034504,-270995,4242
1689063034506,-270995,4242
1689063034511,-270995,4242
1689063034513,-270995,4242
1689063034514,-270995,4242
1689063034516,-270995,4242
1689063034518,-270995,4242
1689063034522,-270995,4242
1689063034524,-270995,4242
1689063034525,-270995,4242
1689063034526,-270995,4242
1689063034527,-270995,4242
1689063034529,-270995,4242
1689063034530,-270995,4242
1689063034531,-270995,4242
1689063034532,-270995,4242
1689063034534,-270995,4242
1689063034536,-270995,4242
1689063034538,-270995,4242
1689063034540,-270995,4242
1689063034541,-270995,4242
1689063034542,-270995,4242
1689063034543,-270995,4242
1689063034545,-270995,4242
1689063034546,-270995,4242
1689063034547,-270995,4242
1689063034548,-270995,4242
1689063034550,-270995,4242
1689063034554,-270995,4242
1689063034556,-270995,4242
1689063034559,-270995,4242
1689063034561,-270995,4242
1689063034563,-270995,4242
1689063034565,-270995,4242
1689063034567,-270995,4242
1689063034570,-270995,4242
1689063034572,-270995,4242
1689063034575,-270995,4242
1689063034578,-270995,4242
1689063034580,-270995,4242
1689063034582,-270995,4242
1689063034584,-270995,4242
1689063034589,-270995,4242
1689063034591,-270995,4242
1689063034592,-270995,4242
1689063034593,-270995,4242
1689063034595,-270995,4242
1689063034596,-270995,4242
1689063034599,-270995,4242
1689063034600,-270995,4242
1689063034603,-270995,4242
1689063034605,-270995,4242
1689063034609,-270995,4242
1689063034613,-270995,4242
1689063034615,-270995,4242
1689063034617,-270995,4242
1689063034622,-270995,4242
1689063034625,-270995,4242
1689063034626,-270995,4242
1689063034628,-270995,4242
1689063034630,-270995,4242
1689063034631,-270995,4242
1689063034633,-270995,4242
1689063034635,-270995,4242
1689063034638,-270995,4242
1689063034641,-270995,4242
1689063034647,-270995,4242
1689063034649,-270995,4242
1689063034651,-270995,4242
1689063034658,-270995,4242
1689063034660,-270995,4242
1689063034661,-270995,4242
1689063034662,-270995,4242
1689063034663,-270995,4242
1689063034664,-270995,4242
1689063034665,-270995,4242
1689063034666,-270995,4242
1689063034669,-270995,4242
1689063034670,-270995,4242
1689063034672,-270995,4242
1689063034673,-270995,4242
1689063034674,-270995,4242
1689063034675,-270995,4242
1689063034676,-270995,4242
1689063034678,-270995,4242
1689063034680,-270995,4242
1689063034681,-270995,4242
1689063034682,-270995,4242
1689063034684,-270995,4242
1689063034685,-270995,4242
1689063034687,-270995,4242
1689063034689,-270995,4242
1689063034691,-270995,4242
1689063034693,-270995,4242
1689063034694,-270995,4242
1689063034696,-270995,4242
1689063034697,-270995,4242
1689063034699,-270995,4242
1689063034701,-270995,4242
1689063034704,-270995,4242
1689063034706,-270995,4242
1689063034709,-270995,4242
1689063034711,-270995,4242
1689063034713,-270995,4242
1689063034714,-270995,4242
1689063034716,-270995,4242
1689063034718,-270995,4242
1689063034721,-270995,4242
1689063034723,-270995,4242
1689063034725,-270995,4242
1689063034726,-270995,4242
1689063034728,-270995,4242
1689063034729,-270995,4242
1689063034731,-270995,4242
1689063034732,-270995,4242
1689063034736,-270995,4242
1689063034741,-270995,4242
1689063034745,-270995,4242
1689063034748,-270995,4242
1689063034750,-270995,4242
1689063034754,-270995,4242
1689063034757,-270995,4242
1689063034759,-270995,4242
1689063034761,-270995,4242
1689063034762,-270995,4242
1689063034764,-270995,4242
1689063034765,-270995,4242
1689063034767,-270995,4242
1689063034769,-270995,4242
1689063034772,-270995,4242
1689063034774,-270995,4242
1689063034776,-270995,4242
1689063034778,-270995,4242
1689063034780,-270995,4242
1689063034781,-270995,4242
1689063034783,-270995,4242
1689063034785,-270995,4242
1689063034790,-270995,4242
1689063034791,-270995,4242
1689063034793,-270995,4242
1689063034795,-270995,4242
1689063034796,-270995,4242
1689063034798,-270995,4242
1689063034799,-270995,4242
1689063034802,-270995,4242
1689063034804,-270995,4242
1689063034806,-270995,4242
1689063034811,-270995,4242
1689063034813,-270995,4242
1689063034815,-270995,4242
1689063034816,-270995,4242
1689063034822,-270995,4242
1689063034823,-270995,4242
1689063034825,-270995,4242
1689063034826,-270995,4242
1689063034828,-270995,4242
1689063034830,-270995,4242
1689063034831,-270995,4242
1689063034833,-270995,4242
1689063034834,-270995,4242
1689063034837,-270995,4242
1689063034840,-270995,4242
1689063034844,-270995,4242
1689063034847,-270995,4242
1689063034849,-270995,4242
1689063034851,-270995,4242
1689063034854,-270995,4242
1689063034856,-270995,4242
1689063034859,-270995,4242
1689063034860,-270995,4242
1689063034861,-270995,4242
1689063034863,-270995,4242
1689063034864,-270995,4242
1689063034865,-270995,4242
1689063034867,-270995,4242
1689063034870,-270995,4242
1689063034873,-270995,4242
1689063034875,-270995,4242
1689063034877,-270995,4242
1689063034879,-270995,4242
1689063034881,-270995,4242
1689063034883,-270995,4242
1689063034885,-270995,4242
1689063034886,-270995,4242
1689063034888,-270995,4242
1689063034890,-270995,4242
1689063034892,-270995,4242
1689063034893,-270995,4242
1689063034894,-270995,4242
1689063034895,-270995,4242
1689063034896,-270995,4242
1689063034897,-270995,4242
1689063034899,-270995,4242
1689063034900,-270995,4242
1689063034902,-270995,4242
1689063034905,-270995,4242
1689063034906,-270995,4242
1689063034908,-270995,4242
1689063034910,-270995,4242
1689063034911,-270995,4242
1689063034913,-270995,4242
1689063034915,-270995,4242
1689063034917,-270995,4242
1689063034924,-270995,4242
1689063034926,-270995,4242
1689063034928,-270995,4242
1689063034930,-270995,4242
1689063034931,-270995,4242
1689063034933,-270995,4242
1689063034938,-270995,4242
1689063034942,-270995,4242
1689063034948,-270995,4242
1689063034951,-270995,4242
1689063034956,-270995,4242
1689063034958,-270995,4242
1689063034961,-270995,4242
1689063034962,-270995,4242
1689063034964,-270995,4242
1689063034965,-270995,4242
1689063034968,-270995,4242
1689063034971,-270995,4242
1689063034973,-270995,4242
1689063034974,-270995,4242
1689063034976,-270995,4242
1689063034978,-270995,4242
1689063034980,-270995,4242
1689063034981,-270995,4242
1689063034983,-270995,4242
1689063034984,-270995,4242
1689063034988,-270995,4242
1689063034991,-270995,4242
1689063034992,-270995,4242
1689063034993,-270995,4242
1689063034995,-270995,4242
1689063034996,-270995,4242
1689063034998,-270995,4242
1689063034999,-270995,4242
1689063035001,-270995,4242
1689063035003,-270995,4242
1689063035005,-270995,4242
1689063035007,-270995,4242
1689063035012,-270995,4242
1689063035014,-270995,4242
1689063035015,-270995,4242
1689063035019,-270995,4242
1689063035023,-270995,4242
1689063035025,-270995,4242
1689063035027,-270995,4242
1689063035029,-270995,4242
1689063035030,-270995,4242
1689063035031,-270995,4242
1689063035032,-270995,4242
1689063035034,-270995,4242
1689063035036,-270995,4242
1689063035038,-270995,4242
1689063035040,-270995,4242
1689063035042,-270995,4242
1689063035045,-270995,4242
1689063035048,-270995,4242
1689063035058,-270995,4242
1689063035061,-270995,4242
1689063035064,-270995,4242
1689063035066,-270995,4242
1689063035070,-270995,4242
1689063035073,-270995,4242
1689063035076,-270995,4242
1689063035079,-270995,4242
1689063035080,-270995,4242
1689063035082,-270995,4242
1689063035084,-270995,4242
1689063035087,-270995,4242
1689063035091,-270995,4242
1689063035093,-270995,4242
1689063035094,-270995,4242
1689063035096,-270995,4242
1689063035098,-270995,4242
1689063035101,-270995,4242
1689063035103,-270995,4242
1689063035106,-270995,4242
1689063035109,-270995,4242
1689063035114,-270995,4242
1689063035116,-270995,4242
1689063035122,-270995,4242
1689063035125,-270995,4242
1689063035129,-270995,4242
1689063035132,-270995,4242
1689063035134,-270995,4242
1689063035137,-270995,4242
1689063035140,-270995,4242
1689063035142,-270995,4242
1689063035146,-270995,4242
1689063035150,-270995,4242
1689063035167,-270995,4242
1689063035170,-270995,4242
1689063035173,-270995,4242
1689063035176,-270995,4242
1689063035180,-270995,4242
1689063035184,-270995,4242
1689063035189,-270995,4242
1689063035196,-270995,4242
1689063035198,-270995,4242
1689063035201,-270995,4242
1689063035205,-270995,4242
1689063035208,-270995,4242
1689063035211,-270995,4242
1689063035214,-270995,4242
1689063035219,-270995,4242
1689063035223,-270995,4242
1689063035227,-270995,4242
1689063035229,-270995,4242
1689063035233,-270995,4242
1689063035239,-270995,4242
1689063035242,-270995,4242
1689063035244,-270995,4242
1689063035247,-270995,4242
1689063035249,-270995,4242
1689063035253,-270995,4242
1689063035259,-270995,4242
1689063035260,-270995,4242
1689063035262,-270995,4242
1689063035262,-270995,4242
1689063035263,-270995,4242
1689063035264,-270995,4242
1689063035265,-270995,4242
1689063035270,-270995,4242
1689063035272,-270995,4242
1689063035274,-270995,4242
1689063035276,-270995,4242
1689063035279,-270995,4242
1689063035284,-270995,4242
1689063035287,-270995,4242
1689063035290,-270995,4242
1689063035292,-270995,4242
1689063035293,-270995,4242
1689063035295,-270995,4242
1689063035296,-270995,4242
1689063035298,-270995,4242
1689063035301,-270995,4242
1689063035304,-270995,4242
1689063035306,-270995,4242
1689063035313,-270995,4242
1689063035315,-270995,4242
1689063035317,-270995,4242
1689063035319,-270995,4242
1689063035321,-270995,4242
1689063035322,-270995,4242
1689063035323,-270995,4242
1689063035324,-270995,4242
1689063035325,-270995,4242
1689063035326,-270995,4242
1689063035328,-270995,4242
1689063035329,-270995,4242
1689063035330,-270995,4242
1689063035331,-270995,4242
1689063035332,-270995,4242
1689063035334,-270995,4242
1689063035336,-270995,4242
1689063035337,-270995,4242
1689063035339,-270995,4242
1689063035340,-270995,4242
1689063035341,-270995,4242
1689063035342,-270995,4242
1689063035342,-270995,4242
1689063035344,-270995,4242
1689063035345,-270995,4242
1689063035346,-270995,4242
1689063035348,-270995,4242
1689063035349,-270995,4242
1689063035350,-270995,4242
1689063035351,-270995,4242
1689063035354,-270995,4242
1689063035356,-270995,4242
1689063035357,-270995,4242
1689063035358,-270995,4242
1689063035359,-270995,4242
1689063035360,-270995,4242
1689063035361,-270995,4242
1689063035362,-270995,4242
1689063035363,-270995,4242
1689063035363,-270995,4242
1689063035364,-270995,4242
1689063035365,-270995,4242
1689063035367,-270995,4242
1689063035369,-270995,4242
1689063035370,-270995,4242
1689063035372,-270995,4242
1689063035373,-270995,4242
1689063035374,-270995,4242
1689063035375,-270995,4242
1689063035378,-270995,4242
1689063035379,-270995,4242
1689063035381,-270995,4242
1689063035382,-270995,4242
1689063035383,-270995,4242
1689063035385,-270995,4242
1689063035387,-270995,4242
1689063035391,-270995,4242
1689063035392,-270995,4242
1689063035394,-270995,4242
1689063035395,-270995,4242
1689063035396,-270995,4242
1689063035397,-270995,4242
1689063035399,-270995,4242
1689063035400,-270995,4242
1689063035402,-270995,4242
1689063035403,-270995,4242
1689063035405,-270995,4242
1689063035408,-270995,4242
1689063035410,-270995,4242
1689063035412,-270995,4242
1689063035413,-270995,4242
1689063035414,-270995,4242
1689063035415,-270995,4242
1689063035417,-270995,4242
1689063035420,-270995,4242
1689063035422,-270995,4242
1689063035423,-270995,4242
1689063035424,-270995,4242
1689063035426,-270995,4242
1689063035427,-270995,4242
1689063035428,-270995,4242
1689063035430,-270995,4242
1689063035432,-270995,4242
1689063035434,-270995,4242
1689063035436,-270995,4242
1689063035438,-270995,4242
1689063035440,-270995,4242
1689063035441,-270995,4242
1689063035442,-270995,4242
1689063035443,-270995,4242
1689063035445,-270995,4242
1689063035446,-270995,4242
1689063035447,-270995,4242
1689063035449,-270995,4242
1689063035451,-270995,4242
1689063035452,-270995,4242
1689063035455,-270995,4242
1689063035462,-270995,4242
1689063035463,-270995,4242
1689063035465,-270995,4242
1689063035466,-270995,4242
1689063035468,-270995,4242
1689063035470,-270995,4242
1689063035472,-270995,4242
1689063035473,-270995,4242
1689063035474,-270995,4242
1689063035475,-270995,4242
1689063035476,-270995,4242
1689063035478,-270995,4242
1689063035480,-270995,4242
1689063035481,-270995,4242
1689063035483,-270995,4242
1689063035484,-270995,4242
1689063035489,-270995,4242
1689063035490,-270995,4242
1689063035492,-270995,4242
1689063035493,-270995,4242
1689063035495,-270995,4242
1689063035496,-270995,4242
1689063035498,-270995,4242
1689063035500,-270995,4242
1689063035501,-270995,4242
1689063035503,-270995,4242
1689063035505,-270995,4242
1689063035507,-270995,4242
1689063035511,-270995,4242
1689063035513,-270995,4242
1689063035515,-270995,4242
1689063035521,-270995,4242
1689063035523,-270995,4242
1689063035524,-270995,4242
1689063035525,-270995,4242
1689063035527,-270995,4242
1689063035528,-270995,4242
1689063035529,-270995,4242
1689063035530,-270995,4242
1689063035531,-270995,4242
1689063035532,-270995,4242
1689063035534,-270995,4242
1689063035536,-270995,4242
1689063035539,-270995,4242
1689063035541,-270995,4242
1689063035542,-270995,4242
1689063035544,-270995,4242
1689063035545,-270995,4242
1689063035547,-270995,4242
1689063035549,-270995,4242
1689063035551,-270995,4242
1689063035552,-270995,4242
1689063035554,-270995,4242
1689063035555,-270995,4242
1689063035557,-270995,4242
1689063035559,-270995,4242
1689063035561,-270995,4242
1689063035562,-270995,4242
1689063035564,-270995,4242
1689063035566,-270995,4242
1689063035568,-270995,4242
1689063035570,-270995,4242
1689063035571,-270995,4242
1689063035573,-270995,4242
1689063035574,-270995,4242
1689063035576,-270995,4242
1689063035579,-270995,4242
1689063035580,-270995,4242
1689063035582,-270995,4242
1689063035583,-270995,4242
1689063035585,-270995,4242
1689063035590,-270995,4242
1689063035592,-270995,4242
1689063035593,-270995,4242
1689063035594,-270995,4242
1689063035596,-270995,4242
1689063035598,-270995,4242
1689063035599,-270995,4242
1689063035600,-270995,4242
1689063035602,-270995,4242
1689063035605,-270995,4242
1689063035609,-270995,4242
1689063035613,-270995,4242
1689063035614,-270995,4242
1689063035615,-270995,4242
1689063035617,-270995,4242
1689063035619,-270995,4242
1689063035620,-270995,4242
1689063035622,-270995,4242
1689063035623,-270995,4242
1689063035625,-270995,4242
1689063035626,-270995,4242
1689063035627,-270995,4242
1689063035629,-270995,4242
1689063035630,-270995,4242
1689063035632,-270995,4242
1689063035633,-270995,4242
1689063035638,-270995,4242
1689063035641,-270995,4242
1689063035642,-270995,4242
1689063035644,-270995,4242
1689063035646,-270995,4242
1689063035649,-270995,4242
1689063035650,-270995,4242
1689063035652,-270995,4242
1689063035654,-270995,4242
1689063035656,-270995,4242
1689063035658,-270995,4242
1689063035660,-270995,4242
1689063035661,-270995,4242
1689063035662,-270995,4242
1689063035664,-270995,4242
1689063035665,-270995,4242
1689063035666,-270995,4242
1689063035669,-270995,4242
1689063035672,-270995,4242
1689063035673,-270995,4242
1689063035675,-270995,4242
1689063035679,-270995,4242
1689063035682,-270995,4242
1689063035683,-270995,4242
1689063035684,-270995,4242
1689063035686,-270995,4242
1689063035690,-270995,4242
1689063035692,-270995,4242
1689063035694,-270995,4242
1689063035695,-270995,4242
1689063035696,-270995,4242
1689063035697,-270995,4242
1689063035699,-270995,4242
1689063035700,-270995,4242
1689063035702,-270995,4242
1689063035705,-270995,4242
1689063035708,-270995,4242
1689063035713,-270995,4242
1689063035716,-270995,4242
1689063035718,-270995,4242
1689063035723,-270995,4242
1689063035726,-270995,4242
1689063035728,-270995,4242
1689063035730,-270995,4242
1689063035731,-270995,4242
1689063035733,-270995,4242
1689063035735,-270995,4242
1689063035737,-269531,4242
1689063035739,-269531,4242
1689063035740,-269531,4242
1689063035742,-269531,4242
1689063035743,-269531,4242
1689063035744,-269531,4242
1689063035746,-269531,4242
1689063035748,-269531,4242
1689063035750,-269531,4242
1689063035751,-269531,4242
1689063035753,-269531,4242
1689063035754,-269531,4242
1689063035756,-269531,4242
1689063035759,-269531,4242
1689063035760,-269531,4242
1689063035762,-269531,4242
1689063035763,-269531,4242
1689063035764,-269531,4242
1689063035765,-269531,4242
1689063035767,-269531,4242
1689063035771,-269531,4242
1689063035773,-269531,4242
1689063035774,-269531,4242
1689063035776,-269531,4242
1689063035778,-269531,4242
1689063035780,-269531,4242
1689063035781,-269531,4242
1689063035783,-269531,4242
1689063035784,-269531,4242
1689063035786,-269531,4242
1689063035790,-269531,4242
1689063035793,-269531,4242
1689063035795,-269531,4242
1689063035796,-269531,4242
1689063035798,-269531,4242
1689063035801,-269531,4242
1689063035804,-269531,4242
1689063035806,-269531,4242
1689063035808,-269531,4242
1689063035812,-269531,4242
1689063035815,-269531,4242
1689063035817,-269531,4242
1689063035819,-269531,4242
1689063035821,-269531,4242
1689063035823,-269531,4242
1689063035824,-269531,4242
1689063035826,-269531,4242
1689063035828,-269531,4242
1689063035830,-269531,4242
1689063035832,-269531,4242
1689063035834,-269531,4242
1689063035836,-269531,4242
1689063035839,-269531,4242
1689063035842,-269531,4242
1689063035846,-269531,4242
1689063035848,-269531,4242
1689063035851,-269531,4242
1689063035853,-269531,4242
1689063035855,-269531,4242
1689063035858,-269531,4242
1689063035860,-269531,4242
1689063035861,-269531,4242
1689063035863,-269531,4242
1689063035864,-269531,4242
1689063035865,-269531,4242
1689063035868,-269531,4242
1689063035871,-269531,4242
1689063035873,-269531,4242
1689063035875,-269531,4242
1689063035876,-269531,4242
1689063035879,-269531,4242
1689063035881,-269531,4242
1689063035883,-269531,4242
1689063035885,-269531,4242
1689063035886,-269531,4242
1689063035890,-269531,4242
1689063035892,-269531,4242
1689063035894,-269531,4242
1689063035895,-269531,4242
1689063035896,-269531,4242
1689063035898,-269531,4242
1689063035899,-269531,4242
1689063035901,-269531,4242
1689063035903,-269531,4242
1689063035905,-269531,4242
1689063035907,-269531,4242
1689063035909,-269531,4242
1689063035911,-269531,4242
1689063035914,-269531,4242
1689063035915,-269531,4242
1689063035917,-269531,4242
1689063035919,-269531,4242
1689063035921,-269531,4242
1689063035925,-269531,4242
1689063035926,-269531,4242
1689063035929,-269531,4242
1689063035930,-269531,4242
1689063035932,-269531,4242
1689063035933,-269531,4242
1689063035935,-269531,4242
1689063035938,-269531,4242
1689063035940,-269531,4242
1689063035942,-269531,4242
1689063035945,-269531,4242
1689063035948,-269531,4242
1689063035950,-269531,4242
1689063035951,-269531,4242
1689063035952,-269531,4242
1689063035956,-269531,4242
1689063035959,-269531,4242
1689063035960,-269531,4242
1689063035961,-269531,4242
1689063035962,-269531,4242
1689063035964,-269531,4242
1689063035965,-269531,4242
1689063035966,-269531,4242
1689063035968,-269531,4242
1689063035971,-269531,4242
1689063035973,-269531,4242
1689063035975,-269531,4242
1689063035986,-269531,4242
1689063035991,-269531,4242
1689063035993,-269531,4242
1689063035994,-269531,4242
1689063035995,-269531,4242
1689063035997,-269531,4242
1689063035998,-269531,4242
1689063036000,-269531,4242
1689063036001,-269531,4242
1689063036004,-269531,4242
1689063036006,-269531,4242
1689063036008,-269531,4242
1689063036009,-269531,4242
1689063036010,-269531,4242
1689063036011,-269531,4242
1689063036012,-269531,4242
1689063036014,-269531,4242
1689063036015,-269531,4242
1689063036017,-269531,4242
1689063036018,-269531,4242
1689063036022,-269531,4242
1689063036024,-269531,4242
1689063036025,-269531,4242
1689063036027,-269531,4242
1689063036029,-269531,4242
1689063036031,-269531,4242
1689063036032,-269531,4242
1689063036035,-269531,4242
1689063036038,-269531,4242
1689063036040,-269531,4242
1689063036042,-269531,4242
1689063036043,-269531,4242
1689063036045,-269531,4242
1689063036047,-269531,4242
1689063036049,-269531,4242
1689063036051,-269531,4242
1689063036053,-269531,4242
1689063036054,-269531,4242
1689063036055,-269531,4242
1689063036056,-269531,4242
1689063036060,-269531,4242
1689063036062,-269531,4242
1689063036063,-269531,4242
1689063036065,-269531,4242
1689063036066,-269531,4242
1689063036068,-269531,4242
1689063036070,-269531,4242
1689063036072,-269531,4242
1689063036074,-269531,4242
1689063036077,-269531,4242
1689063036080,-269531,4242
1689063036082,-269531,4242
1689063036083,-269531,4242
1689063036084,-269531,4242
1689063036086,-269531,4242
1689063036087,-269531,4242
1689063036089,-269531,4242
1689063036091,-269531,4242
1689063036093,-269531,4242
1689063036094,-269531,4242
1689063036095,-269531,4242
1689063036096,-269531,4242
1689063036097,-269531,4242
1689063036099,-269531,4242
1689063036100,-269531,4242
1689063036102,-269531,4242
1689063036104,-269531,4242
1689063036106,-269531,4242
1689063036108,-269531,4242
1689063036110,-269531,4242
1689063036111,-269531,4242
1689063036113,-269531,4242
1689063036114,-269531,4242
1689063036115,-269531,4242
1689063036116,-269531,4242
1689063036118,-269531,4242
1689063036123,-269531,4242
1689063036125,-269531,4242
1689063036128,-269531,4242
1689063036130,-269531,4242
1689063036131,-269531,4242
1689063036133,-269531,4242
1689063036136,-269531,4242
1689063036138,-269531,4242
1689063036140,-269531,4242
1689063036142,-269531,4242
1689063036144,-269531,4242
1689063036146,-269531,4242
1689063036149,-269531,4242
1689063036151,-269531,4242
1689063036153,-269531,4242
1689063036154,-269531,4242
1689063036156,-269531,4242
1689063036158,-269531,4242
1689063036160,-269531,4242
1689063036162,-269531,4242
1689063036163,-269531,4242
1689063036165,-269531,4242
1689063036166,-269531,4242
1689063036170,-269531,4242
1689063036173,-269531,4242
1689063036174,-269531,4242
1689063036175,-269531,4242
1689063036176,-269531,4242
1689063036178,-269531,4242
1689063036180,-269531,4242
1689063036183,-269531,4242
1689063036184,-269531,4242
1689063036186,-269531,4242
1689063036187,-269531,4242
1689063036189,-269531,4242
1689063036191,-269531,4242
1689063036192,-269531,4242
1689063036193,-269531,4242
1689063036194,-269531,4242
1689063036196,-269531,4242
1689063036197,-269531,4242
1689063036199,-269531,4242
1689063036200,-269531,4242
1689063036202,-269531,4242
1689063036204,-269531,4242
1689063036206,-269531,4242
1689063036209,-269531,4242
1689063036211,-269531,4242
1689063036213,-269531,4242
1689063036214,-269531,4242
1689063036215,-269531,4242
1689063036217,-269531,4242
1689063036219,-269531,4242
1689063036221,-269531,4242
1689063036223,-269531,4242
1689063036225,-269531,4242
1689063036227,-269531,4242
1689063036228,-269531,4242
1689063036230,-269531,4242
1689063036231,-269531,4242
1689063036233,-269531,4242
1689063036235,-269531,4242
1689063036237,-269531,4242
1689063036240,-269531,4242
1689063036241,-269531,4242
1689063036242,-269531,4242
1689063036244,-269531,4242
1689063036247,-269531,4242
1689063036249,-269531,4242
1689063036251,-269531,4242
1689063036253,-269531,4242
1689063036254,-269531,4242
1689063036257,-269531,4242
1689063036259,-269531,4242
1689063036261,-269531,4242
1689063036262,-269531,4242
1689063036263,-269531,4242
1689063036264,-269531,4242
1689063036265,-269531,4242
1689063036266,-269531,4242
1689063036268,-269531,4242
1689063036271,-269531,4242
1689063036273,-269531,4242
1689063036275,-269531,4242
1689063036279,-269531,4242
1689063036282,-269531,4242
1689063036284,-269531,4242
1689063036286,-269531,4242
1689063036293,-269531,4242
1689063036298,-269531,4242
1689063036301,-269531,4242
1689063036305,-269531,4242
1689063036311,-269531,4242
1689063036315,-269531,4242
1689063036318,-269531,4242
1689063036321,-269531,4242
1689063036325,-269531,4242
1689063036328,-269531,4242
1689063036331,-269531,4242
1689063036333,-269531,4242
1689063036336,-269531,4242
1689063036339,-269531,4242
1689063036342,-269531,4242
1689063036345,-269531,4242
1689063036348,-269531,4242
1689063036350,-269531,4242
1689063036352,-269531,4242
1689063036353,-269531,4242
1689063036354,-269531,4242
1689063036357,-269531,4242
1689063036359,-269531,4242
1689063036361,-269531,4242
1689063036362,-269531,4242
1689063036363,-269531,4242
1689063036364,-269531,4242
1689063036365,-269531,4242
1689063036367,-269531,4242
1689063036369,-269531,4242
1689063036371,-269531,4242
1689063036373,-269531,4242
1689063036374,-269531,4242
1689063036375,-269531,4242
1689063036378,-269531,4242
1689063036380,-269531,4242
1689063036382,-269531,4242
1689063036384,-269531,4242
1689063036385,-269531,4242
1689063036386,-269531,4242
1689063036391,-269531,4242
1689063036393,-269531,4242
1689063036395,-269531,4242
1689063036396,-269531,4242
1689063036398,-269531,4242
1689063036400,-269531,4242
1689063036403,-269531,4242
1689063036406,-269531,4242
1689063036408,-269531,4242
1689063036412,-269531,4242
1689063036414,-269531,4242
1689063036416,-269531,4242
1689063036417,-269531,4242
1689063036419,-269531,4242
1689063036423,-269531,4242
1689063036425,-269531,4242
1689063036427,-269531,4242
1689063036429,-269531,4242
1689063036436,-269531,4242
1689063036439,-269531,4242
1689063036441,-269531,4242
1689063036443,-269531,4242
1689063036445,-269531,4242
1689063036448,-269531,4242
1689063036452,-269531,4242
1689063036455,-269531,4242
1689063036469,-269531,4242
1689063036472,-269531,4242
1689063036475,-269531,4242
1689063036478,-269531,4242
1689063036483,-269531,4242
1689063036485,-269531,4242
1689063036493,-269531,4242
1689063036495,-269531,4242
1689063036498,-269531,4242
1689063036502,-269531,4242
1689063036506,-269531,4242
1689063036509,-269531,4242
1689063036515,-269531,4242
1689063036521,-269531,4242
1689063036528,-269531,4242
1689063036531,-269531,4242
1689063036533,-269531,4242
1689063036536,-269531,4242
1689063036545,-269531,4242
1689063036549,-269531,4242
1689063036552,-269531,4242
1689063036554,-269531,4242
1689063036559,-269531,4242
1689063036562,-269531,4242
1689063036564,-269531,4242
1689063036566,-269531,4242
1689063036570,-269531,4242
1689063036573,-269531,4242
1689063036576,-269531,4242
1689063036581,-269531,4242
1689063036584,-269531,4242
1689063036587,-269531,4242
1689063036594,-269531,4242
1689063036596,-269531,4242
1689063036599,-269531,4242
1689063036601,-269531,4242
1689063036605,-269531,4242
1689063036608,-269531,4242
1689063036614,-269531,4242
1689063036617,-269531,4242
1689063036620,-269531,4242
1689063036627,-269531,4242
1689063036630,-269531,4242
1689063036632,-269531,4242
1689063036635,-269531,4242
1689063036638,-269531,4242
1689063036643,-269531,4242
1689063036647,-269531,4242
1689063036650,-269531,4242
1689063036652,-269531,4242
1689063036653,-269531,4242
1689063036655,-269531,4242
1689063036659,-269531,4242
1689063036661,-269531,4242
1689063036663,-269531,4242
1689063036664,-269531,4242
1689063036666,-269531,4242
1689063036668,-269531,4242
1689063036671,-269531,4242
1689063036672,-269531,4242
1689063036674,-269531,4242
1689063036675,-269531,4242
1689063036676,-269531,4242
1689063036679,-269531,4242
1689063036681,-269531,4242
1689063036683,-269531,4242
1689063036684,-269531,4242
1689063036686,-269531,4242
1689063036687,-269531,4242
1689063036691,-269531,4242
1689063036693,-269531,4242
1689063036695,-269531,4242
1689063036696,-269531,4242
1689063036697,-269531,4242
1689063036698,-269531,4242
1689063036700,-269531,4242
1689063036701,-269531,4242
1689063036703,-269531,4242
1689063036705,-269531,4242
1689063036706,-269531,4242
1689063036708,-269531,4242
1689063036709,-269531,4242
1689063036713,-269531,4242
1689063036715,-269531,4242
1689063036717,-269531,4242
1689063036718,-269531,4242
1689063036720,-269531,4242
1689063036724,-269531,4242
1689063036726,-269531,4242
1689063036728,-269531,4242
1689063036729,-269531,4242
1689063036731,-269531,4242
1689063036732,-269531,4242
1689063036733,-269531,4242
1689063036735,-269531,4242
1689063036737,-269531,4242
1689063036739,-269531,4242
1689063036740,-269531,4242
1689063036742,-269531,4242
1689063036743,-269531,4242
1689063036746,-269531,4242
1689063036748,-269531,4242
1689063036751,-269531,4242
1689063036753,-269531,4242
1689063036754,-269531,4242
1689063036757,-269531,4242
1689063036758,-269531,4242
1689063036760,-269531,4242
1689063036761,-269531,4242
1689063036763,-269531,4242
1689063036764,-269531,4242
1689063036766,-269531,4242
1689063036768,-269531,4242
1689063036771,-269531,4242
1689063036773,-269531,4242
1689063036775,-269531,4242
1689063036780,-269531,4242
1689063036782,-269531,4242
1689063036784,-269531,4242
1689063036785,-269531,4242
1689063036787,-269531,4242
1689063036789,-269531,4242
1689063036792,-269531,4242
1689063036794,-269531,4242
1689063036795,-269531,4242
1689063036797,-269531,4242
1689063036798,-269531,4242
1689063036800,-269531,4242
1689063036803,-269531,4242
1689063036806,-269531,4242
1689063036808,-269531,4242
1689063036810,-269531,4242
1689063036813,-269531,4242
1689063036816,-269531,4242
1689063036819,-269531,4242
1689063036822,-269531,4242
1689063036825,-269531,4242
1689063036827,-269531,4242
1689063036830,-269531,4242
1689063036831,-269531,4242
1689063036833,-269531,4242
1689063036837,-269531,4242
1689063036840,-269531,4242
1689063036842,-269531,4242
1689063036848,-269531,4242
1689063036852,-269531,4242
1689063036854,-269531,4242
1689063036859,-269531,4242
1689063036861,-269531,4242
1689063036863,-269531,4242
1689063036865,-269531,4242
1689063036867,-269531,4242
1689063036870,-269531,4242
1689063036874,-269531,4242
1689063036877,-269531,4242
1689063036881,-269531,4242
1689063036884,-269531,4242
1689063036886,-269531,4242
1689063036891,-269531,4242
1689063036893,-269531,4242
1689063036895,-269531,4242
1689063036897,-269531,4242
1689063036899,-269531,4242
1689063036901,-269531,4242
1689063036905,-269531,4242
1689063036907,-269531,4242
1689063036909,-269531,4242
1689063036914,-269531,4242
1689063036916,-269531,4242
1689063036918,-269531,4242
1689063036919,-269531,4242
1689063036924,-269531,4242
1689063036926,-269531,4242
1689063036928,-269531,4242
1689063036929,-269531,4242
1689063036930,-269531,4242
1689063036931,-269531,4242
1689063036932,-269531,4242
1689063036934,-269531,4242
1689063036935,-269531,4242
1689063036938,-269531,4242
1689063036940,-269531,4242
1689063036941,-269531,4242
1689063036942,-269531,4242
1689063036943,-269531,4242
1689063036948,-269531,4242
1689063036950,-269531,4242
1689063036951,-269531,4242
1689063036952,-269531,4242
1689063036953,-269531,4242
1689063036959,-269531,4242
1689063036961,-269531,4242
1689063036962,-269531,4242
1689063036963,-269531,4242
1689063036964,-269531,4242
1689063036965,-269531,4242
1689063036967,-269531,4242
1689063036969,-269531,4242
1689063036970,-269531,4242
1689063036972,-269531,4242
1689063036973,-269531,4242
1689063036974,-269531,4242
1689063036975,-269531,4242
1689063036976,-269531,4242
1689063036979,-269531,4242
1689063036981,-269531,4242
1689063036982,-269531,4242
1689063036983,-269531,4242
1689063036984,-269531,4242
1689063036985,-269531,4242
1689063036986,-269531,4242
1689063036989,-269531,4242
1689063036991,-269531,4242
1689063036992,-269531,4242
1689063036993,-269531,4242
1689063036994,-269531,4242
1689063036995,-269531,4242
1689063036996,-269531,4242
1689063036998,-269531,4242
1689063036999,-269531,4242
1689063037000,-269531,4242
1689063037001,-269531,4242
1689063037003,-269531,4242
1689063037006,-269531,4242
1689063037008,-269531,4242
1689063037010,-269531,4242
1689063037014,-269531,4242
1689063037016,-269531,4242
1689063037017,-269531,4242
1689063037019,-269531,4242
1689063037022,-269531,4242
1689063037024,-269531,4242
1689063037026,-269531,4242
1689063037027,-269531,4242
1689063037029,-269531,4242
1689063037030,-269531,4242
1689063037031,-269531,4242
1689063037033,-269531,4242
1689063037034,-269531,4242
1689063037036,-269531,4242
1689063037038,-269531,4242
1689063037039,-269531,4242
1689063037041,-269531,4242
1689063037042,-269531,4242
1689063037043,-269531,4242
1689063037046,-269531,4242
1689063037048,-269531,4242
1689063037050,-269531,4242
1689063037051,-269531,4242
1689063037052,-269531,4242
1689063037053,-269531,4242
1689063037055,-269531,4242
1689063037058,-269531,4242
1689063037059,-269531,4242
1689063037061,-269531,4242
1689063037062,-269531,4242
1689063037063,-269531,4242
1689063037065,-269531,4242
1689063037066,-269531,4242
1689063037069,-269531,4242
1689063037076,-269531,4242
1689063037082,-269531,4242
1689063037084,-269531,4242
1689063037086,-269531,4242
1689063037092,-269531,4242
1689063037094,-269531,4242
1689063037095,-269531,4242
1689063037096,-269531,4242
1689063037098,-269531,4242
1689063037099,-269531,4242
1689063037101,-269531,4242
1689063037103,-269531,4242
1689063037106,-269531,4242
1689063037109,-269531,4242
1689063037113,-269531,4242
1689063037115,-269531,4242
1689063037116,-269531,4242
1689063037118,-269531,4242
1689063037123,-269531,4242
1689063037126,-269531,4242
1689063037128,-269531,4242
1689063037130,-269531,4242
1689063037131,-269531,4242
1689063037132,-269531,4242
1689063037133,-269531,4242
1689063037135,-269531,4242
1689063037137,-269531,4242
1689063037139,-269531,4242
1689063037141,-269531,4242
1689063037142,-269531,4242
1689063037143,-269531,4242
1689063037147,-269531,4242
1689063037149,-269531,4242
1689063037152,-269531,4242
1689063037153,-269531,4242
1689063037158,-269531,4242
1689063037160,-269531,4242
1689063037162,-269531,4242
1689063037163,-269531,4242
1689063037165,-269531,4242
1689063037167,-269531,4242
1689063037171,-269531,4242
1689063037173,-269531,4242
1689063037175,-269531,4242
1689063037190,-269531,4242
1689063037192,-269531,4242
1689063037194,-269531,4242
1689063037201,-269531,4242
1689063037204,-269531,4242
1689063037206,-269531,4242
1689063037209,-269531,4242
1689063037210,-269531,4242
1689063037213,-269531,4242
1689063037216,-243163,4242
1689063037217,-243163,4242
1689063037219,-243163,4242
1689063037220,-243163,4242
1689063037224,-243163,4242
1689063037226,-243163,4242
1689063037228,-243163,4242
1689063037230,-243163,4242
1689063037231,-243163,4242
1689063037232,-243163,4242
1689063037233,-243163,4242
1689063037235,-243163,4242
1689063037237,-243163,4242
1689063037239,-243163,4242
1689063037242,-243163,4242
1689063037245,-243163,4242
1689063037247,-243163,4242
1689063037249,-243163,4242
1689063037251,-243163,4242
1689063037252,-243163,4242
1689063037254,-243163,4242
1689063037259,-243163,4242
1689063037262,-243163,4242
1689063037263,-243163,4242
1689063037265,-243163,4242
1689063037267,-243163,4242
1689063037272,-243163,4242
1689063037274,-243163,4242
1689063037277,-243163,4242
1689063037282,-243163,4242
1689063037285,-243163,4242
1689063037287,-243163,4242
1689063037290,-243163,4242
1689063037294,-243163,4242
1689063037295,-243163,4242
1689063037298,-243163,4242
1689063037300,-243163,4242
1689063037303,-243163,4242
1689063037306,-243163,4242
1689063037309,-243163,4242
1689063037310,-243163,4242
1689063037314,-243163,4242
1689063037316,-243163,4242
1689063037319,-243163,4242
1689063037325,-243163,4242
1689063037327,-243163,4242
1689063037329,-243163,4242
1689063037330,-243163,4242
1689063037332,-243163,4242
1689063037333,-243163,4242
1689063037335,-243163,4242
1689063037337,-243163,4242
1689063037340,-243163,4242
1689063037341,-243163,4242
1689063037342,-243163,4242
1689063037343,-243163,4242
1689063037344,-243163,4242
1689063037345,-243163,4242
1689063037348,-243163,4242
1689063037350,-243163,4242
1689063037352,-243163,4242
1689063037353,-243163,4242
1689063037355,-243163,4242
1689063037358,-243163,4242
1689063037359,-243163,4242
1689063037360,-243163,4242
1689063037362,-243163,4242
1689063037363,-243163,4242
1689063037364,-243163,4242
1689063037365,-243163,4242
1689063037368,-243163,4242
1689063037371,-243163,4242
1689063037373,-243163,4242
1689063037375,-243163,4242
1689063037377,-243163,4242
1689063037379,-243163,4242
1689063037381,-243163,4242
1689063037382,-243163,4242
1689063037384,-243163,4242
1689063037386,-243163,4242
1689063037387,-243163,4242
1689063037389,-243163,4242
1689063037393,-243163,4242
1689063037394,-243163,4242
1689063037395,-243163,4242
1689063037397,-243163,4242
1689063037399,-243163,4242
1689063037402,-243163,4242
1689063037405,-243163,4242
1689063037408,-243163,4242
1689063037410,-243163,4242
1689063037414,-243163,4242
1689063037417,-243163,4242
1689063037419,-243163,4242
1689063037420,-243163,4242
1689063037425,-243163,4242
1689063037427,-243163,4242
1689063037428,-243163,4242
1689063037430,-243163,4242
1689063037431,-243163,4242
1689063037438,-243163,4242
1689063037440,-243163,4242
1689063037442,-243163,4242
1689063037443,-243163,4242
1689063037447,-243163,4242
1689063037462,-243163,4242
1689063037466,-243163,4242
1689063037470,-243163,4242
1689063037472,-243163,4242
1689063037474,-243163,4242
1689063037476,-243163,4242
1689063037480,-243163,4242
1689063037482,-243163,4242
1689063037484,-243163,4242
1689063037485,-243163,4242
1689063037487,-243163,4242
1689063037491,-243163,4242
1689063037493,-243163,4242
1689063037495,-243163,4242
1689063037497,-243163,4242
1689063037499,-243163,4242
1689063037503,-243163,4242
1689063037505,-243163,4242
1689063037508,-243163,4242
1689063037510,-243163,4242
1689063037511,-243163,4242
1689063037515,-243163,4242
1689063037518,-243163,4242
1689063037520,-243163,4242
1689063037525,-243163,4242
1689063037528,-243163,4242
1689063037530,-243163,4242
1689063037532,-243163,4242
1689063037533,-243163,4242
1689063037537,-243163,4242
1689063037540,-243163,4242
1689063037542,-243163,4242
1689063037543,-243163,4242
1689063037548,-243163,4242
1689063037551,-243163,4242
1689063037553,-243163,4242
1689063037554,-243163,4242
1689063037560,-243163,4242
1689063037562,-243163,4242
1689063037564,-243163,4242
1689063037565,-243163,4242
1689063037567,-243163,4242
1689063037570,-243163,4242
1689063037573,-243163,4242
1689063037575,-243163,4242
1689063037576,-243163,4242
1689063037583,-243163,4242
1689063037585,-243163,4242
1689063037588,-243163,4242
1689063037594,-243163,4242
1689063037596,-243163,4242
1689063037599,-243163,4242
1689063037601,-243163,4242
1689063037603,-243163,4242
1689063037606,-243163,4242
1689063037609,-243163,4242
1689063037614,-243163,4242
1689063037616,-243163,4242
1689063037618,-243163,4242
1689063037620,-243163,4242
1689063037621,-243163,4242
1689063037622,-243163,4242
1689063037626,-243163,4242
1689063037628,-243163,4242
1689063037630,-243163,4242
1689063037631,-243163,4242
1689063037632,-243163,4242
1689063037633,-243163,4242
1689063037635,-243163,4242
1689063037637,-243163,4242
1689063037640,-243163,4242
1689063037641,-243163,4242
1689063037642,-243163,4242
1689063037644,-243163,4242
1689063037647,-243163,4242
1689063037649,-243163,4242
1689063037651,-243163,4242
1689063037652,-243163,4242
1689063037653,-243163,4242
1689063037656,-243163,4242
1689063037659,-243163,4242
1689063037660,-243163,4242
1689063037661,-243163,4242
1689063037663,-243163,4242
1689063037664,-243163,4242
1689063037665,-243163,4242
1689063037666,-243163,4242
1689063037667,-243163,4242
1689063037669,-243163,4242
1689063037672,-243163,4242
1689063037673,-243163,4242
1689063037674,-243163,4242
1689063037675,-243163,4242
1689063037676,-243163,4242
1689063037680,-243163,4242
1689063037682,-243163,4242
1689063037684,-243163,4242
1689063037685,-243163,4242
1689063037687,-243163,4242
1689063037693,-243163,4242
1689063037695,-243163,4242
1689063037696,-243163,4242
1689063037698,-243163,4242
1689063037700,-243163,4242
1689063037703,-243163,4242
1689063037706,-243163,4242
1689063037708,-243163,4242
1689063037710,-243163,4242
1689063037712,-243163,4242
1689063037714,-243163,4242
1689063037716,-243163,4242
1689063037718,-243163,4242
1689063037721,-243163,4242
1689063037725,-243163,4242
1689063037728,-243163,4242
1689063037730,-243163,4242
1689063037731,-243163,4242
1689063037732,-243163,4242
1689063037734,-243163,4242
1689063037735,-243163,4242
1689063037738,-243163,4242
1689063037741,-243163,4242
1689063037744,-243163,4242
1689063037745,-243163,4242
1689063037747,-243163,4242
1689063037749,-243163,4242
1689063037751,-243163,4242
1689063037753,-243163,4242
1689063037754,-243163,4242
1689063037758,-243163,4242
1689063037760,-243163,4242
1689063037761,-243163,4242
1689063037763,-243163,4242
1689063037764,-243163,4242
1689063037766,-243163,4242
1689063037768,-243163,4242
1689063037770,-243163,4242
1689063037772,-243163,4242
1689063037773,-243163,4242
1689063037775,-243163,4242
1689063037776,-243163,4242
1689063037777,-243163,4242
1689063037778,-243163,4242
1689063037780,-243163,4242
1689063037782,-243163,4242
1689063037783,-243163,4242
1689063037785,-243163,4242
1689063037786,-243163,4242
1689063037788,-243163,4242
1689063037791,-243163,4242
1689063037793,-243163,4242
1689063037794,-243163,4242
1689063037795,-243163,4242
1689063037796,-243163,4242
1689063037798,-243163,4242
1689063037800,-243163,4242
1689063037802,-243163,4242
1689063037805,-243163,4242
1689063037807,-243163,4242
1689063037809,-243163,4242
1689063037811,-243163,4242
1689063037812,-243163,4242
1689063037814,-243163,4242
1689063037815,-243163,4242
1689063037818,-243163,4242
1689063037824,-243163,4242
1689063037827,-243163,4242
1689063037831,-243163,4242
1689063037833,-243163,4242
1689063037836,-243163,4242
1689063037838,-243163,4242
1689063037840,-243163,4242
1689063037842,-243163,4242
1689063037843,-243163,4242
1689063037844,-243163,4242
1689063037848,-243163,4242
1689063037850,-243163,4242
1689063037851,-243163,4242
1689063037853,-243163,4242
1689063037857,-243163,4242
1689063037860,-243163,4242
1689063037861,-243163,4242
1689063037863,-243163,4242
1689063037864,-243163,4242
1689063037866,-243163,4242
1689063037867,-243163,4242
1689063037869,-243163,4242
1689063037872,-243163,4242
1689063037874,-243163,4242
1689063037877,-243163,4242
1689063037879,-243163,4242
1689063037881,-243163,4242
1689063037883,-243163,4242
1689063037885,-243163,4242
1689063037886,-243163,4242
1689063037888,-243163,4242
1689063037890,-243163,4242
1689063037891,-243163,4242
1689063037893,-243163,4242
1689063037894,-243163,4242
1689063037895,-243163,4242
1689063037896,-243163,4242
1689063037898,-243163,4242
1689063037899,-243163,4242
1689063037901,-243163,4242
1689063037902,-243163,4242
1689063037905,-243163,4242
1689063037907,-243163,4242
1689063037909,-243163,4242
1689063037910,-243163,4242
1689063037915,-243163,4242
1689063037918,-243163,4242
1689063037920,-243163,4242
1689063037921,-243163,4242
1689063037926,-243163,4242
1689063037929,-243163,4242
1689063037931,-243163,4242
1689063037933,-243163,4242
1689063037935,-243163,4242
1689063037937,-243163,4242
1689063037940,-243163,4242
1689063037942,-243163,4242
1689063037944,-243163,4242
1689063037946,-243163,4242
1689063037950,-243163,4242
1689063037952,-243163,4242
1689063037954,-243163,4242
1689063037955,-243163,4242
1689063037959,-243163,4242
1689063037962,-243163,4242
1689063037964,-243163,4242
1689063037965,-243163,4242
1689063037967,-243163,4242
1689063037970,-243163,4242
1689063037977,-243163,4242
1689063037982,-243163,4242
1689063037985,-243163,4242
1689063037986,-243163,4242
1689063037993,-243163,4242
1689063037996,-243163,4242
1689063037998,-243163,4242
1689063038000,-243163,4242
1689063038002,-243163,4242
1689063038005,-243163,4242
1689063038008,-243163,4242
1689063038010,-243163,4242
1689063038013,-243163,4242
1689063038016,-243163,4242
1689063038019,-243163,4242
1689063038020,-243163,4242
1689063038021,-243163,4242
1689063038022,-243163,4242
1689063038024,-243163,4242
1689063038025,-243163,4242
1689063038027,-243163,4242
1689063038028,-243163,4242
1689063038030,-243163,4242
1689063038031,-243163,4242
1689063038032,-243163,4242
1689063038032,-243163,4242
1689063038034,-243163,4242
1689063038036,-243163,4242
1689063038041,-243163,4242
1689063038043,-243163,4242
1689063038046,-243163,4242
1689063038049,-243163,4242
1689063038051,-243163,4242
1689063038052,-243163,4242
1689063038054,-243163,4242
1689063038056,-243163,4242
1689063038058,-243163,4242
1689063038060,-243163,4242
1689063038061,-243163,4242
1689063038063,-243163,4242
1689063038064,-243163,4242
1689063038065,-243163,4242
1689063038069,-243163,4242
1689063038072,-243163,4242
1689063038075,-243163,4242
1689063038077,-243163,4242
1689063038081,-243163,4242
1689063038084,-243163,4242
1689063038091,-243163,4242
1689063038095,-243163,4242
1689063038098,-243163,4242
1689063038100,-243163,4242
1689063038103,-243163,4242
1689063038106,-243163,4242
1689063038110,-243163,4242
1689063038112,-243163,4242
1689063038115,-243163,4242
1689063038118,-243163,4242
1689063038119,-243163,4242
1689063038120,-243163,4242
1689063038121,-243163,4242
1689063038123,-243163,4242
1689063038125,-243163,4242
1689063038127,-243163,4242
1689063038129,-243163,4242
1689063038130,-243163,4242
1689063038131,-243163,4242
1689063038132,-243163,4242
1689063038133,-243163,4242
1689063038135,-243163,4242
1689063038137,-243163,4242
1689063038139,-243163,4242
1689063038141,-243163,4242
1689063038142,-243163,4242
1689063038143,-243163,4242
1689063038144,-243163,4242
1689063038145,-243163,4242
1689063038147,-243163,4242
1689063038150,-243163,4242
1689063038153,-243163,4242
1689063038154,-243163,4242
1689063038161,-243163,4242
1689063038163,-243163,4242
1689063038165,-243163,4242
1689063038167,-243163,4242
1689063038170,-243163,4242
1689063038173,-243163,4242
1689063038175,-243163,4242
1689063038177,-243163,4242
1689063038179,-243163,4242
1689063038183,-243163,4242
1689063038187,-243163,4242
1689063038189,-243163,4242
1689063038191,-243163,4242
1689063038195,-243163,4242
1689063038198,-243163,4242
1689063038201,-243163,4242
1689063038204,-243163,4242
1689063038211,-243163,4242
1689063038214,-243163,4242
1689063038218,-243163,4242
1689063038222,-243163,4242
1689063038225,-243163,4242
1689063038227,-243163,4242
1689063038229,-243163,4242
1689063038232,-243163,4242
1689063038235,-243163,4242
1689063038238,-243163,4242
1689063038240,-243163,4242
1689063038241,-243163,4242
1689063038242,-243163,4242
1689063038243,-243163,4242
1689063038244,-243163,4242
1689063038246,-243163,4242
1689063038249,-243163,4242
1689063038251,-243163,4242
1689063038253,-243163,4242
1689063038254,-243163,4242
1689063038256,-243163,4242
1689063038260,-243163,4242
1689063038262,-243163,4242
1689063038264,-243163,4242
1689063038265,-243163,4242
1689063038269,-243163,4242
1689063038273,-243163,4242
1689063038274,-243163,4242
1689063038276,-243163,4242
1689063038278,-243163,4242
1689063038282,-243163,4242
1689063038284,-243163,4242
1689063038286,-243163,4242
1689063038288,-243163,4242
1689063038292,-243163,4242
1689063038294,-243163,4242
1689063038295,-243163,4242
1689063038296,-243163,4242
1689063038298,-243163,4242
1689063038299,-243163,4242
1689063038300,-243163,4242
1689063038302,-243163,4242
1689063038304,-243163,4242
1689063038306,-243163,4242
1689063038307,-243163,4242
1689063038309,-243163,4242
1689063038310,-243163,4242
1689063038311,-243163,4242
1689063038314,-243163,4242
1689063038317,-243163,4242
1689063038319,-243163,4242
1689063038320,-243163,4242
1689063038322,-243163,4242
1689063038326,-243163,4242
1689063038328,-243163,4242
1689063038329,-243163,4242
1689063038330,-243163,4242
1689063038331,-243163,4242
1689063038334,-243163,4242
1689063038336,-243163,4242
1689063038338,-243163,4242
1689063038341,-243163,4242
1689063038343,-243163,4242
1689063038344,-243163,4242
1689063038348,-243163,4242
1689063038350,-243163,4242
1689063038351,-243163,4242
1689063038353,-243163,4242
1689063038354,-243163,4242
1689063038356,-243163,4242
1689063038359,-243163,4242
1689063038361,-243163,4242
1689063038363,-243163,4242
1689063038366,-243163,4242
1689063038369,-243163,4242
1689063038372,-243163,4242
1689063038374,-243163,4242
1689063038376,-243163,4242
1689063038378,-243163,4242
1689063038382,-243163,4242
1689063038384,-243163,4242
1689063038386,-243163,4242
1689063038388,-243163,4242
1689063038395,-243163,4242
1689063038397,-243163,4242
1689063038399,-243163,4242
1689063038401,-243163,4242
1689063038404,-243163,4242
1689063038406,-243163,4242
1689063038409,-243163,4242
1689063038411,-243163,4242
1689063038413,-243163,4242
1689063038416,-243163,4242
1689063038419,-243163,4242
1689063038421,-243163,4242
1689063038425,-243163,4242
1689063038428,-243163,4242
1689063038430,-243163,4242
1689063038431,-243163,4242
1689063038432,-243163,4242
1689063038437,-243163,4242
1689063038442,-243163,4242
1689063038445,-243163,4242
1689063038448,-243163,4242
1689063038451,-243163,4242
1689063038453,-243163,4242
1689063038455,-243163,4242
1689063038456,-243163,4242
1689063038460,-243163,4242
1689063038463,-243163,4242
1689063038465,-243163,4242
1689063038468,-243163,4242
1689063038471,-243163,4242
1689063038473,-243163,4242
1689063038475,-243163,4242
1689063038476,-243163,4242
1689063038479,-243163,4242
1689063038483,-243163,4242
1689063038485,-243163,4242
1689063038488,-243163,4242
1689063038492,-243163,4242
1689063038494,-243163,4242
1689063038496,-243163,4242
1689063038498,-243163,4242
1689063038501,-243163,4242
1689063038507,-243163,4242
1689063038509,-243163,4242
1689063038511,-243163,4242
1689063038514,-243163,4242
1689063038517,-243163,4242
1689063038520,-243163,4242
1689063038523,-243163,4242
1689063038528,-243163,4242
1689063038532,-243163,4242
1689063038541,-243163,4242
1689063038543,-243163,4242
1689063038546,-243163,4242
1689063038552,-243163,4242
1689063038554,-243163,4242
1689063038557,-243163,4242
1689063038559,-243163,4242
1689063038561,-243163,4242
1689063038562,-243163,4242
1689063038564,-243163,4242
1689063038567,-243163,4242
1689063038569,-243163,4242
1689063038573,-243163,4242
1689063038575,-243163,4242
1689063038577,-243163,4242
1689063038579,-243163,4242
1689063038583,-243163,4242
1689063038589,-243163,4242
1689063038592,-243163,4242
1689063038596,-243163,4242
1689063038599,-243163,4242
1689063038602,-243163,4242
1689063038604,-243163,4242
1689063038607,-243163,4242
1689063038609,-243163,4242
1689063038610,-243163,4242
1689063038611,-243163,4242
1689063038613,-243163,4242
1689063038614,-243163,4242
1689063038615,-243163,4242
1689063038617,-243163,4242
1689063038620,-243163,4242
1689063038624,-243163,4242
1689063038627,-243163,4242
1689063038630,-243163,4242
1689063038633,-243163,4242
1689063038636,-243163,4242
1689063038638,-243163,4242
1689063038640,-243163,4242
1689063038641,-243163,4242
1689063038642,-243163,4242
1689063038643,-243163,4242
1689063038644,-243163,4242
1689063038645,-243163,4242
1689063038648,-243163,4242
1689063038651,-243163,4242
1689063038658,-243163,4242
1689063038660,-243163,4242
1689063038661,-243163,4242
1689063038663,-243163,4242
1689063038664,-243163,4242
1689063038665,-243163,4242
1689063038667,-243163,4242
1689063038669,-243163,4242
1689063038671,-243163,4242
1689063038673,-243163,4242
1689063038674,-243163,4242
1689063038675,-243163,4242
1689063038676,-243163,4242
1689063038678,-243163,4242
1689063038682,-243163,4242
1689063038684,-243163,4242
1689063038685,-243163,4242
1689063038687,-243163,4242
1689063038689,-243163,4242
1689063038693,-298339,4242
1689063038695,-298339,4242
1689063038696,-298339,4242
1689063038698,-298339,4242
1689063038699,-298339,4242
1689063038701,-298339,4242
1689063038703,-298339,4242
1689063038705,-298339,4242
1689063038707,-298339,4242
1689063038709,-298339,4242
1689063038710,-298339,4242
1689063038711,-298339,4242
1689063038715,-298339,4242
1689063038717,-298339,4242
1689063038719,-298339,4242
1689063038720,-298339,4242
1689063038725,-298339,4242
1689063038727,-298339,4242
1689063038729,-298339,4242
1689063038731,-298339,4242
1689063038732,-298339,4242
1689063038733,-298339,4242
1689063038736,-298339,4242
1689063038738,-298339,4242
1689063038740,-298339,4242
1689063038741,-298339,4242
1689063038742,-298339,4242
1689063038743,-298339,4242
1689063038744,-298339,4242
1689063038746,-298339,4242
1689063038749,-298339,4242
1689063038751,-298339,4242
1689063038753,-298339,4242
1689063038755,-298339,4242
1689063038759,-298339,4242
1689063038761,-298339,4242
1689063038767,-298339,4242
1689063038770,-298339,4242
1689063038774,-298339,4242
1689063038777,-298339,4242
1689063038779,-298339,4242
1689063038783,-298339,4242
1689063038785,-298339,4242
1689063038788,-298339,4242
1689063038790,-298339,4242
1689063038792,-298339,4242
1689063038794,-298339,4242
1689063038795,-298339,4242
1689063038797,-298339,4242
1689063038799,-298339,4242
1689063038800,-298339,4242
1689063038803,-298339,4242
1689063038806,-298339,4242
1689063038808,-298339,4242
1689063038810,-298339,4242
1689063038811,-298339,4242
1689063038813,-298339,4242
1689063038814,-298339,4242
1689063038816,-298339,4242
1689063038819,-298339,4242
1689063038820,-298339,4242
1689063038822,-298339,4242
1689063038823,-298339,4242
1689063038825,-298339,4242
1689063038827,-298339,4242
1689063038829,-298339,4242
1689063038830,-298339,4242
1689063038831,-298339,4242
1689063038832,-298339,4242
1689063038833,-298339,4242
1689063038835,-298339,4242
1689063038837,-298339,4242
1689063038839,-298339,4242
1689063038840,-298339,4242
1689063038841,-298339,4242
1689063038842,-298339,4242
1689063038843,-298339,4242
1689063038844,-298339,4242
1689063038845,-298339,4242
1689063038847,-298339,4242
1689063038849,-298339,4242
1689063038851,-298339,4242
1689063038853,-298339,4242
1689063038854,-298339,4242
1689063038858,-298339,4242
1689063038860,-298339,4242
1689063038862,-298339,4242
1689063038864,-298339,4242
1689063038866,-298339,4242
1689063038868,-298339,4242
1689063038871,-298339,4242
1689063038873,-298339,4242
1689063038876,-298339,4242
1689063038879,-298339,4242
1689063038881,-298339,4242
1689063038883,-298339,4242
1689063038885,-298339,4242
1689063038887,-298339,4242
1689063038888,-298339,4242
1689063038893,-298339,4242
1689063038895,-298339,4242
1689063038896,-298339,4242
1689063038898,-298339,4242
1689063038899,-298339,4242
1689063038900,-298339,4242
1689063038902,-298339,4242
1689063038904,-298339,4242
1689063038906,-298339,4242
1689063038908,-298339,4242
1689063038909,-298339,4242
1689063038910,-298339,4242
1689063038911,-298339,4242
1689063038912,-298339,4242
1689063038917,-298339,4242
1689063038918,-298339,4242
1689063038919,-298339,4242
1689063038921,-298339,4242
1689063038926,-298339,4242
1689063038928,-298339,4242
1689063038930,-298339,4242
1689063038931,-298339,4242
1689063038932,-298339,4242
1689063038933,-298339,4242
1689063038934,-298339,4242
1689063038935,-298339,4242
1689063038937,-298339,4242
1689063038939,-298339,4242
1689063038939,-298339,4242
1689063038940,-298339,4242
1689063038941,-298339,4242
1689063038942,-298339,4242
1689063038943,-298339,4242
1689063038944,-298339,4242
1689063038945,-298339,4242
1689063038946,-298339,4242
1689063038949,-298339,4242
1689063038950,-298339,4242
1689063038951,-298339,4242
1689063038953,-298339,4242
1689063038954,-298339,4242
1689063038957,-298339,4242
1689063038960,-298339,4242
1689063038962,-298339,4242
1689063038963,-298339,4242
1689063038965,-298339,4242
1689063038966,-298339,4242
1689063038968,-298339,4242
1689063038970,-298339,4242
1689063038973,-298339,4242
1689063038974,-298339,4242
1689063038976,-298339,4242
1689063038978,-298339,4242
1689063038980,-298339,4242
1689063038983,-298339,4242
1689063038985,-298339,4242
1689063038987,-298339,4242
1689063038989,-298339,4242
1689063038990,-298339,4242
1689063038991,-298339,4242
1689063038993,-298339,4242
1689063038994,-298339,4242
1689063038995,-298339,4242
1689063038996,-298339,4242
1689063038998,-298339,4242
1689063038999,-298339,4242
1689063039001,-298339,4242
1689063039003,-298339,4242
1689063039005,-298339,4242
1689063039008,-298339,4242
1689063039012,-298339,4242
1689063039014,-298339,4242
1689063039017,-298339,4242
1689063039019,-298339,4242
1689063039020,-298339,4242
1689063039021,-298339,4242
1689063039022,-298339,4242
1689063039024,-298339,4242
1689063039026,-298339,4242
1689063039029,-298339,4242
1689063039030,-298339,4242
1689063039032,-298339,4242
1689063039033,-298339,4242
1689063039035,-298339,4242
1689063039038,-298339,4242
1689063039040,-298339,4242
1689063039042,-298339,4242
1689063039043,-298339,4242
1689063039044,-298339,4242
1689063039046,-298339,4242
1689063039048,-298339,4242
1689063039050,-298339,4242
1689063039052,-298339,4242
1689063039054,-298339,4242
1689063039055,-298339,4242
1689063039056,-298339,4242
1689063039058,-298339,4242
1689063039060,-298339,4242
1689063039062,-298339,4242
1689063039063,-298339,4242
1689063039064,-298339,4242
1689063039066,-298339,4242
1689063039068,-298339,4242
1689063039070,-298339,4242
1689063039073,-298339,4242
1689063039074,-298339,4242
1689063039075,-298339,4242
1689063039076,-298339,4242
1689063039077,-298339,4242
1689063039079,-298339,4242
1689063039080,-298339,4242
1689063039082,-298339,4242
1689063039084,-298339,4242
1689063039085,-298339,4242
1689063039086,-298339,4242
1689063039088,-298339,4242
1689063039093,-298339,4242
1689063039095,-298339,4242
1689063039098,-298339,4242
1689063039100,-298339,4242
1689063039103,-298339,4242
1689063039106,-298339,4242
1689063039109,-298339,4242
1689063039111,-298339,4242
1689063039112,-298339,4242
1689063039118,-298339,4242
1689063039121,-298339,4242
1689063039122,-298339,4242
1689063039128,-298339,4242
1689063039130,-298339,4242
1689063039131,-298339,4242
1689063039132,-298339,4242
1689063039134,-298339,4242
1689063039135,-298339,4242
1689063039138,-298339,4242
1689063039143,-298339,4242
1689063039145,-298339,4242
1689063039151,-298339,4242
1689063039153,-298339,4242
1689063039154,-298339,4242
1689063039155,-298339,4242
1689063039158,-298339,4242
1689063039163,-298339,4242
1689063039165,-298339,4242
1689063039167,-298339,4242
1689063039170,-298339,4242
1689063039173,-298339,4242
1689063039175,-298339,4242
1689063039176,-298339,4242
1689063039178,-298339,4242
1689063039179,-298339,4242
1689063039180,-298339,4242
1689063039182,-298339,4242
1689063039184,-298339,4242
1689063039186,-298339,4242
1689063039188,-298339,4242
1689063039189,-298339,4242
1689063039194,-298339,4242
1689063039196,-298339,4242
1689063039198,-298339,4242
1689063039199,-298339,4242
1689063039201,-298339,4242
1689063039203,-298339,4242
1689063039206,-298339,4242
1689063039208,-298339,4242
1689063039209,-298339,4242
1689063039210,-298339,4242
1689063039211,-298339,4242
1689063039212,-298339,4242
1689063039213,-298339,4242
1689063039215,-298339,4242
1689063039217,-298339,4242
1689063039219,-298339,4242
1689063039221,-298339,4242
1689063039222,-298339,4242
1689063039224,-298339,4242
1689063039226,-298339,4242
1689063039230,-298339,4242
1689063039231,-298339,4242
1689063039232,-298339,4242
1689063039233,-298339,4242
1689063039235,-298339,4242
1689063039237,-298339,4242
1689063039239,-298339,4242
1689063039240,-298339,4242
1689063039241,-298339,4242
1689063039242,-298339,4242
1689063039243,-298339,4242
1689063039244,-298339,4242
1689063039245,-298339,4242
1689063039246,-298339,4242
1689063039250,-298339,4242
1689063039252,-298339,4242
1689063039253,-298339,4242
1689063039254,-298339,4242
1689063039255,-298339,4242
1689063039256,-298339,4242
1689063039259,-298339,4242
1689063039261,-298339,4242
1689063039262,-298339,4242
1689063039263,-298339,4242
1689063039265,-298339,4242
1689063039266,-298339,4242
1689063039268,-298339,4242
1689063039271,-298339,4242
1689063039273,-298339,4242
1689063039276,-298339,4242
1689063039279,-298339,4242
1689063039283,-298339,4242
1689063039286,-298339,4242
1689063039287,-298339,4242
1689063039289,-298339,4242
1689063039296,-298339,4242
1689063039298,-298339,4242
1689063039300,-298339,4242
1689063039303,-298339,4242
1689063039306,-298339,4242
1689063039309,-298339,4242
1689063039311,-298339,4242
1689063039313,-298339,4242
1689063039319,-298339,4242
1689063039322,-298339,4242
1689063039324,-298339,4242
1689063039328,-298339,4242
1689063039331,-298339,4242
1689063039333,-298339,4242
1689063039335,-298339,4242
1689063039338,-298339,4242
1689063039340,-298339,4242
1689063039342,-298339,4242
1689063039343,-298339,4242
1689063039345,-298339,4242
1689063039349,-298339,4242
1689063039352,-298339,4242
1689063039354,-298339,4242
1689063039355,-298339,4242
1689063039358,-298339,4242
1689063039362,-298339,4242
1689063039364,-298339,4242
1689063039366,-298339,4242
1689063039368,-298339,4242
1689063039370,-298339,4242
1689063039372,-298339,4242
1689063039374,-298339,4242
1689063039375,-298339,4242
1689063039376,-298339,4242
1689063039378,-298339,4242
1689063039382,-298339,4242
1689063039385,-298339,4242
1689063039386,-298339,4242
1689063039388,-298339,4242
1689063039390,-298339,4242
1689063039394,-298339,4242
1689063039396,-298339,4242
1689063039398,-298339,4242
1689063039401,-298339,4242
1689063039404,-298339,4242
1689063039407,-298339,4242
1689063039411,-298339,4242
1689063039416,-298339,4242
1689063039419,-298339,4242
1689063039421,-298339,4242
1689063039422,-298339,4242
1689063039435,-298339,4242
1689063039439,-298339,4242
1689063039441,-298339,4242
1689063039442,-298339,4242
1689063039444,-298339,4242
1689063039445,-298339,4242
1689063039446,-298339,4242
1689063039451,-298339,4242
1689063039454,-298339,4242
1689063039457,-298339,4242
1689063039459,-298339,4242
1689063039462,-298339,4242
1689063039465,-298339,4242
1689063039468,-298339,4242
1689063039474,-298339,4242
1689063039476,-298339,4242
1689063039478,-298339,4242
1689063039482,-298339,4242
1689063039485,-298339,4242
1689063039488,-298339,4242
1689063039490,-298339,4242
1689063039494,-298339,4242
1689063039496,-298339,4242
1689063039499,-298339,4242
1689063039501,-298339,4242
1689063039504,-298339,4242
1689063039508,-298339,4242
1689063039511,-298339,4242
1689063039512,-298339,4242
1689063039513,-298339,4242
1689063039518,-298339,4242
1689063039519,-298339,4242
1689063039520,-298339,4242
1689063039522,-298339,4242
1689063039525,-298339,4242
1689063039528,-298339,4242
1689063039530,-298339,4242
1689063039532,-298339,4242
1689063039536,-298339,4242
1689063039539,-298339,4242
1689063039541,-298339,4242
1689063039543,-298339,4242
1689063039545,-298339,4242
1689063039547,-298339,4242
1689063039551,-298339,4242
1689063039553,-298339,4242
1689063039555,-298339,4242
1689063039560,-298339,4242
1689063039563,-298339,4242
1689063039565,-298339,4242
1689063039567,-298339,4242
1689063039571,-298339,4242
1689063039573,-298339,4242
1689063039575,-298339,4242
1689063039577,-298339,4242
1689063039579,-298339,4242
1689063039583,-298339,4242
1689063039586,-298339,4242
1689063039588,-298339,4242
1689063039589,-298339,4242
1689063039591,-298339,4242
1689063039594,-298339,4242
1689063039596,-298339,4242
1689063039601,-298339,4242
1689063039604,-298339,4242
1689063039607,-298339,4242
1689063039610,-298339,4242
1689063039613,-298339,4242
1689063039618,-298339,4242
1689063039620,-298339,4242
1689063039622,-298339,4242
1689063039628,-298339,4242
1689063039631,-298339,4242
1689063039632,-298339,4242
1689063039634,-298339,4242
1689063039635,-298339,4242
1689063039638,-298339,4242
1689063039640,-298339,4242
1689063039642,-298339,4242
1689063039643,-298339,4242
1689063039644,-298339,4242
1689063039645,-298339,4242
1689063039646,-298339,4242
1689063039650,-298339,4242
1689063039652,-298339,4242
1689063039653,-298339,4242
1689063039655,-298339,4242
1689063039656,-298339,4242
1689063039659,-298339,4242
1689063039661,-298339,4242
1689063039662,-298339,4242
1689063039663,-298339,4242
1689063039665,-298339,4242
1689063039666,-298339,4242
1689063039668,-298339,4242
1689063039670,-298339,4242
1689063039672,-298339,4242
1689063039673,-298339,4242
1689063039674,-298339,4242
1689063039675,-298339,4242
1689063039676,-298339,4242
1689063039677,-298339,4242
1689063039678,-298339,4242
1689063039679,-298339,4242
1689063039680,-298339,4242
1689063039682,-298339,4242
1689063039683,-298339,4242
1689063039684,-298339,4242
1689063039685,-298339,4242
1689063039687,-298339,4242
1689063039688,-298339,4242
1689063039691,-298339,4242
1689063039693,-298339,4242
1689063039694,-298339,4242
1689063039695,-298339,4242
1689063039696,-298339,4242
1689063039697,-298339,4242
1689063039699,-298339,4242
1689063039701,-298339,4242
1689063039703,-298339,4242
1689063039705,-298339,4242
1689063039706,-298339,4242
1689063039707,-298339,4242
1689063039709,-298339,4242
1689063039710,-298339,4242
1689063039711,-298339,4242
1689063039713,-298339,4242
1689063039715,-298339,4242
1689063039717,-298339,4242
1689063039719,-298339,4242
1689063039721,-298339,4242
1689063039722,-298339,4242
1689063039728,-298339,4242
1689063039730,-298339,4242
1689063039732,-298339,4242
1689063039735,-298339,4242
1689063039737,-298339,4242
1689063039740,-298339,4242
1689063039743,-298339,4242
1689063039745,-298339,4242
1689063039748,-298339,4242
1689063039751,-298339,4242
1689063039753,-298339,4242
1689063039754,-298339,4242
1689063039756,-298339,4242
1689063039761,-298339,4242
1689063039764,-298339,4242
1689063039766,-298339,4242
1689063039771,-298339,4242
1689063039774,-298339,4242
1689063039778,-298339,4242
1689063039782,-298339,4242
1689063039785,-298339,4242
1689063039788,-298339,4242
1689063039791,-298339,4242
1689063039799,-298339,4242
1689063039802,-298339,4242
1689063039806,-298339,4242
1689063039809,-298339,4242
1689063039811,-298339,4242
1689063039812,-298339,4242
1689063039813,-298339,4242
1689063039819,-298339,4242
1689063039821,-298339,4242
1689063039822,-298339,4242
1689063039823,-298339,4242
1689063039829,-298339,4242
1689063039831,-298339,4242
1689063039832,-298339,4242
1689063039833,-298339,4242
1689063039834,-298339,4242
1689063039837,-298339,4242
1689063039842,-298339,4242
1689063039846,-298339,4242
1689063039848,-298339,4242
1689063039851,-298339,4242
1689063039852,-298339,4242
1689063039854,-298339,4242
1689063039855,-298339,4242
1689063039856,-298339,4242
1689063039861,-298339,4242
1689063039863,-298339,4242
1689063039864,-298339,4242
1689063039866,-298339,4242
1689063039868,-298339,4242
1689063039871,-298339,4242
1689063039873,-298339,4242
1689063039875,-298339,4242
1689063039876,-298339,4242
1689063039878,-298339,4242
1689063039880,-298339,4242
1689063039883,-298339,4242
1689063039885,-298339,4242
1689063039886,-298339,4242
1689063039888,-298339,4242
1689063039890,-298339,4242
1689063039894,-298339,4242
1689063039896,-298339,4242
1689063039898,-298339,4242
1689063039900,-298339,4242
1689063039902,-298339,4242
1689063039904,-298339,4242
1689063039906,-298339,4242
1689063039909,-298339,4242
1689063039910,-298339,4242
1689063039912,-298339,4242
1689063039916,-298339,4242
1689063039919,-298339,4242
1689063039921,-298339,4242
1689063039923,-298339,4242
1689063039927,-298339,4242
1689063039929,-298339,4242
1689063039931,-298339,4242
1689063039933,-298339,4242
1689063039935,-298339,4242
1689063039938,-298339,4242
1689063039940,-298339,4242
1689063039942,-298339,4242
1689063039943,-298339,4242
1689063039945,-298339,4242
1689063039946,-298339,4242
1689063039950,-298339,4242
1689063039952,-298339,4242
1689063039953,-298339,4242
1689063039954,-298339,4242
1689063039955,-298339,4242
1689063039956,-298339,4242
1689063039958,-298339,4242
1689063039961,-298339,4242
1689063039962,-298339,4242
1689063039963,-298339,4242
1689063039964,-298339,4242
1689063039966,-298339,4242
1689063039967,-298339,4242
1689063039969,-298339,4242
1689063039971,-298339,4242
1689063039973,-298339,4242
1689063039975,-298339,4242
1689063039976,-298339,4242
1689063039978,-298339,4242
1689063039979,-298339,4242
1689063039980,-298339,4242
1689063039982,-298339,4242
1689063039984,-298339,4242
1689063039985,-298339,4242
1689063039987,-298339,4242
1689063039988,-298339,4242
1689063039990,-298339,4242
1689063039994,-298339,4242
1689063039997,-298339,4242
1689063039999,-298339,4242
1689063040001,-298339,4242
1689063040003,-298339,4242
1689063040005,-298339,4242
1689063040008,-298339,4242
1689063040009,-298339,4242
1689063040011,-298339,4242
1689063040012,-298339,4242
1689063040013,-298339,4242
1689063040016,-298339,4242
1689063040019,-298339,4242
1689063040020,-298339,4242
1689063040022,-298339,4242
1689063040026,-298339,4242
1689063040029,-298339,4242
1689063040030,-298339,4242
1689063040031,-298339,4242
1689063040032,-298339,4242
1689063040033,-298339,4242
1689063040035,-298339,4242
1689063040037,-298339,4242
1689063040039,-298339,4242
1689063040040,-298339,4242
1689063040041,-298339,4242
1689063040042,-298339,4242
1689063040043,-298339,4242
1689063040044,-298339,4242
1689063040045,-298339,4242
1689063040046,-298339,4242
1689063040051,-298339,4242
1689063040053,-298339,4242
1689063040054,-298339,4242
1689063040055,-298339,4242
1689063040056,-298339,4242
1689063040057,-298339,4242
1689063040061,-298339,4242
1689063040063,-298339,4242
1689063040064,-298339,4242
1689063040065,-298339,4242
1689063040066,-298339,4242
1689063040068,-298339,4242
1689063040070,-298339,4242
1689063040072,-298339,4242
1689063040073,-298339,4242
1689063040074,-298339,4242
1689063040075,-298339,4242
1689063040076,-298339,4242
1689063040077,-298339,4242
1689063040079,-298339,4242
1689063040079,-298339,4242
1689063040080,-298339,4242
1689063040082,-298339,4242
1689063040083,-298339,4242
1689063040085,-298339,4242
1689063040086,-298339,4242
1689063040087,-298339,4242
1689063040088,-298339,4242
1689063040089,-298339,4242
1689063040090,-298339,4242
1689063040091,-298339,4242
1689063040093,-298339,4242
1689063040094,-298339,4242
1689063040095,-298339,4242
1689063040096,-298339,4242
1689063040097,-298339,4242
1689063040098,-298339,4242
1689063040099,-298339,4242
1689063040101,-298339,4242
1689063040102,-298339,4242
1689063040104,-298339,4242
1689063040106,-298339,4242
1689063040108,-298339,4242
1689063040109,-298339,4242
1689063040110,-298339,4242
1689063040112,-298339,4242
1689063040115,-298339,4242
1689063040117,-298339,4242
1689063040119,-298339,4242
1689063040120,-298339,4242
1689063040122,-298339,4242
1689063040125,-298339,4242
1689063040127,-298339,4242
1689063040129,-298339,4242
1689063040130,-298339,4242
1689063040131,-298339,4242
1689063040132,-298339,4242
1689063040135,-298339,4242
1689063040138,-298339,4242
1689063040139,-298339,4242
1689063040141,-298339,4242
1689063040142,-298339,4242
1689063040143,-298339,4242
1689063040144,-298339,4242
1689063040146,-298339,4242
1689063040149,-298339,4242
1689063040151,-298339,4242
1689063040153,-298339,4242
1689063040154,-298339,4242
1689063040155,-298339,4242
1689063040156,-298339,4242
1689063040157,-298339,4242
1689063040159,-298339,4242
1689063040161,-298339,4242
1689063040163,-298339,4242
1689063040165,-298339,4242
1689063040166,-298339,4242
1689063040170,-298339,4242
1689063040172,-294433,4242
1689063040173,-294433,4242
1689063040174,-294433,4242
1689063040175,-294433,4242
1689063040177,-294433,4242
1689063040178,-294433,4242
1689063040179,-294433,4242
1689063040180,-294433,4242
1689063040181,-294433,4242
1689063040183,-294433,4242
1689063040185,-294433,4242
1689063040186,-294433,4242
1689063040187,-294433,4242
1689063040188,-294433,4242
1689063040189,-294433,4242
1689063040191,-294433,4242
1689063040192,-294433,4242
1689063040194,-294433,4242
1689063040196,-294433,4242
1689063040199,-294433,4242
1689063040200,-294433,4242
1689063040202,-294433,4242
1689063040204,-294433,4242
1689063040206,-294433,4242
1689063040208,-294433,4242
1689063040210,-294433,4242
1689063040212,-294433,4242
1689063040214,-294433,4242
1689063040215,-294433,4242
1689063040218,-294433,4242
1689063040220,-294433,4242
1689063040221,-294433,4242
1689063040222,-294433,4242
1689063040223,-294433,4242
1689063040225,-294433,4242
1689063040227,-294433,4242
1689063040230,-294433,4242
1689063040232,-294433,4242
1689063040233,-294433,4242
1689063040238,-294433,4242
1689063040240,-294433,4242
1689063040242,-294433,4242
1689063040243,-294433,4242
1689063040244,-294433,4242
1689063040246,-294433,4242
1689063040247,-294433,4242
1689063040251,-294433,4242
1689063040253,-294433,4242
1689063040255,-294433,4242
1689063040256,-294433,4242
1689063040262,-294433,4242
1689063040264,-294433,4242
1689063040266,-294433,4242
1689063040268,-294433,4242
1689063040272,-294433,4242
1689063040274,-294433,4242
1689063040275,-294433,4242
1689063040276,-294433,4242
1689063040278,-294433,4242
1689063040280,-294433,4242
1689063040283,-294433,4242
1689063040285,-294433,4242
1689063040286,-294433,4242
1689063040290,-294433,4242
1689063040293,-294433,4242
1689063040295,-294433,4242
1689063040296,-294433,4242
1689063040298,-294433,4242
1689063040299,-294433,4242
1689063040300,-294433,4242
1689063040302,-294433,4242
1689063040305,-294433,4242
1689063040306,-294433,4242
1689063040308,-294433,4242
1689063040310,-294433,4242
1689063040311,-294433,4242
1689063040312,-294433,4242
1689063040315,-294433,4242
1689063040319,-294433,4242
1689063040321,-294433,4242
1689063040323,-294433,4242
1689063040329,-294433,4242
1689063040331,-294433,4242
1689063040333,-294433,4242
1689063040336,-294433,4242
1689063040339,-294433,4242
1689063040342,-294433,4242
1689063040345,-294433,4242
1689063040351,-294433,4242
1689063040354,-294433,4242
1689063040355,-294433,4242
1689063040358,-294433,4242
1689063040363,-294433,4242
1689063040365,-294433,4242
1689063040368,-294433,4242
1689063040371,-294433,4242
1689063040373,-294433,4242
1689063040374,-294433,4242
1689063040376,-294433,4242
1689063040377,-294433,4242
1689063040379,-294433,4242
1689063040380,-294433,4242
1689063040384,-294433,4242
1689063040386,-294433,4242
1689063040388,-294433,4242
1689063040389,-294433,4242
1689063040390,-294433,4242
1689063040391,-294433,4242
1689063040396,-294433,4242
1689063040398,-294433,4242
1689063040399,-294433,4242
1689063040400,-294433,4242
1689063040402,-294433,4242
1689063040404,-294433,4242
1689063040406,-294433,4242
1689063040409,-294433,4242
1689063040410,-294433,4242
1689063040411,-294433,4242
1689063040412,-294433,4242
1689063040412,-294433,4242
1689063040415,-294433,4242
1689063040419,-294433,4242
1689063040420,-294433,4242
1689063040421,-294433,4242
1689063040422,-294433,4242
1689063040422,-294433,4242
1689063040425,-294433,4242
1689063040427,-294433,4242
1689063040428,-294433,4242
1689063040430,-294433,4242
1689063040430,-294433,4242
1689063040431,-294433,4242
1689063040433,-294433,4242
1689063040435,-294433,4242
1689063040438,-294433,4242
1689063040440,-294433,4242
1689063040441,-294433,4242
1689063040442,-294433,4242
1689063040443,-294433,4242
1689063040444,-294433,4242
1689063040444,-294433,4242
1689063040445,-294433,4242
1689063040446,-294433,4242
1689063040449,-294433,4242
1689063040450,-294433,4242
1689063040452,-294433,4242
1689063040453,-294433,4242
1689063040459,-294433,4242
1689063040461,-294433,4242
1689063040462,-294433,4242
1689063040463,-294433,4242
1689063040464,-294433,4242
1689063040465,-294433,4242
1689063040466,-294433,4242
1689063040468,-294433,4242
1689063040470,-294433,4242
1689063040471,-294433,4242
1689063040473,-294433,4242
1689063040474,-294433,4242
1689063040475,-294433,4242
1689063040476,-294433,4242
1689063040477,-294433,4242
1689063040478,-294433,4242
1689063040479,-294433,4242
1689063040481,-294433,4242
1689063040482,-294433,4242
1689063040483,-294433,4242
1689063040485,-294433,4242
1689063040486,-294433,4242
1689063040487,-294433,4242
1689063040489,-294433,4242
1689063040493,-294433,4242
1689063040495,-294433,4242
1689063040497,-294433,4242
1689063040498,-294433,4242
1689063040500,-294433,4242
1689063040501,-294433,4242
1689063040502,-294433,4242
1689063040505,-294433,4242
1689063040507,-294433,4242
1689063040508,-294433,4242
1689063040509,-294433,4242
1689063040510,-294433,4242
1689063040511,-294433,4242
1689063040513,-294433,4242
1689063040515,-294433,4242
1689063040518,-294433,4242
1689063040519,-294433,4242
1689063040521,-294433,4242
1689063040522,-294433,4242
1689063040528,-294433,4242
1689063040531,-294433,4242
1689063040533,-294433,4242
1689063040537,-294433,4242
1689063040539,-294433,4242
1689063040542,-294433,4242
1689063040544,-294433,4242
1689063040545,-294433,4242
1689063040550,-294433,4242
1689063040552,-294433,4242
1689063040554,-294433,4242
1689063040555,-294433,4242
1689063040556,-294433,4242
1689063040562,-294433,4242
1689063040564,-294433,4242
1689063040566,-294433,4242
1689063040569,-294433,4242
1689063040575,-294433,4242
1689063040578,-294433,4242
1689063040581,-294433,4242
1689063040584,-294433,4242
1689063040586,-294433,4242
1689063040589,-294433,4242
1689063040590,-294433,4242
1689063040594,-294433,4242
1689063040598,-294433,4242
1689063040600,-294433,4242
1689063040602,-294433,4242
1689063040605,-294433,4242
1689063040608,-294433,4242
1689063040609,-294433,4242
1689063040611,-294433,4242
1689063040612,-294433,4242
1689063040613,-294433,4242
1689063040614,-294433,4242
1689063040617,-294433,4242
1689063040619,-294433,4242
1689063040621,-294433,4242
1689063040621,-294433,4242
1689063040622,-294433,4242
1689063040623,-294433,4242
1689063040627,-294433,4242
1689063040630,-294433,4242
1689063040631,-294433,4242
1689063040632,-294433,4242
1689063040634,-294433,4242
1689063040636,-294433,4242
1689063040638,-294433,4242
1689063040640,-294433,4242
1689063040641,-294433,4242
1689063040642,-294433,4242
1689063040643,-294433,4242
1689063040644,-294433,4242
1689063040645,-294433,4242
1689063040646,-294433,4242
1689063040649,-294433,4242
1689063040652,-294433,4242
1689063040654,-294433,4242
1689063040655,-294433,4242
1689063040656,-294433,4242
1689063040661,-294433,4242
1689063040663,-294433,4242
1689063040664,-294433,4242
1689063040666,-294433,4242
1689063040669,-294433,4242
1689063040672,-294433,4242
1689063040673,-294433,4242
1689063040675,-294433,4242
1689063040676,-294433,4242
1689063040677,-294433,4242
1689063040679,-294433,4242
1689063040680,-294433,4242
1689063040685,-294433,4242
1689063040687,-294433,4242
1689063040689,-294433,4242
1689063040691,-294433,4242
1689063040694,-294433,4242
1689063040697,-294433,4242
1689063040700,-294433,4242
1689063040704,-294433,4242
1689063040710,-294433,4242
1689063040713,-294433,4242
1689063040717,-294433,4242
1689063040720,-294433,4242
1689063040723,-294433,4242
1689063040725,-294433,4242
1689063040728,-294433,4242
1689063040732,-294433,4242
1689063040734,-294433,4242
1689063040738,-294433,4242
1689063040742,-294433,4242
1689063040744,-294433,4242
1689063040746,-294433,4242
1689063040750,-294433,4242
1689063040752,-294433,4242
1689063040753,-294433,4242
1689063040754,-294433,4242
1689063040755,-294433,4242
1689063040756,-294433,4242
1689063040758,-294433,4242
1689063040759,-294433,4242
1689063040761,-294433,4242
1689063040763,-294433,4242
1689063040764,-294433,4242
1689063040765,-294433,4242
1689063040766,-294433,4242
1689063040769,-294433,4242
1689063040771,-294433,4242
1689063040773,-294433,4242
1689063040775,-294433,4242
1689063040776,-294433,4242
1689063040779,-294433,4242
1689063040780,-294433,4242
1689063040786,-294433,4242
1689063040789,-294433,4242
1689063040791,-294433,4242
1689063040794,-294433,4242
1689063040797,-294433,4242
1689063040800,-294433,4242
1689063040803,-294433,4242
1689063040806,-294433,4242
1689063040810,-294433,4242
1689063040813,-294433,4242
1689063040818,-294433,4242
1689063040820,-294433,4242
1689063040822,-294433,4242
1689063040824,-294433,4242
1689063040826,-294433,4242
1689063040830,-294433,4242
1689063040836,-294433,4242
1689063040839,-294433,4242
1689063040842,-294433,4242
1689063040844,-294433,4242
1689063040847,-294433,4242
1689063040851,-294433,4242
1689063040853,-294433,4242
1689063040855,-294433,4242
1689063040856,-294433,4242
1689063040857,-294433,4242
1689063040862,-294433,4242
1689063040863,-294433,4242
1689063040864,-294433,4242
1689063040865,-294433,4242
1689063040867,-294433,4242
1689063040869,-294433,4242
1689063040872,-294433,4242
1689063040874,-294433,4242
1689063040875,-294433,4242
1689063040876,-294433,4242
1689063040877,-294433,4242
1689063040878,-294433,4242
1689063040880,-294433,4242
1689063040881,-294433,4242
1689063040882,-294433,4242
1689063040884,-294433,4242
1689063040886,-294433,4242
1689063040887,-294433,4242
1689063040888,-294433,4242
1689063040890,-294433,4242
1689063040891,-294433,4242
1689063040893,-294433,4242
1689063040895,-294433,4242
1689063040896,-294433,4242
1689063040898,-294433,4242
1689063040899,-294433,4242
1689063040901,-294433,4242
1689063040903,-294433,4242
1689063040906,-294433,4242
1689063040909,-294433,4242
1689063040911,-294433,4242
1689063040913,-294433,4242
1689063040914,-294433,4242
1689063040916,-294433,4242
1689063040918,-294433,4242
1689063040921,-294433,4242
1689063040922,-294433,4242
1689063040924,-294433,4242
1689063040926,-294433,4242
1689063040929,-294433,4242
1689063040931,-294433,4242
1689063040932,-294433,4242
1689063040934,-294433,4242
1689063040937,-294433,4242
1689063040940,-294433,4242
1689063040941,-294433,4242
1689063040943,-294433,4242
1689063040944,-294433,4242
1689063040946,-294433,4242
1689063040948,-294433,4242
1689063040951,-294433,4242
1689063040953,-294433,4242
1689063040954,-294433,4242
1689063040956,-294433,4242
1689063040957,-294433,4242
1689063040963,-294433,4242
1689063040965,-294433,4242
1689063040968,-294433,4242
1689063040972,-294433,4242
1689063040974,-294433,4242
1689063040976,-294433,4242
1689063040978,-294433,4242
1689063040980,-294433,4242
1689063040981,-294433,4242
1689063040983,-294433,4242
1689063040985,-294433,4242
1689063040988,-294433,4242
1689063040990,-294433,4242
1689063040992,-294433,4242
1689063040996,-294433,4242
1689063040999,-294433,4242
1689063041000,-294433,4242
1689063041002,-294433,4242
1689063041004,-294433,4242
1689063041006,-294433,4242
1689063041008,-294433,4242
1689063041010,-294433,4242
1689063041011,-294433,4242
1689063041012,-294433,4242
1689063041014,-294433,4242
1689063041015,-294433,4242
1689063041017,-294433,4242
1689063041019,-294433,4242
1689063041021,-294433,4242
1689063041022,-294433,4242
1689063041024,-294433,4242
1689063041025,-294433,4242
1689063041028,-294433,4242
1689063041030,-294433,4242
1689063041031,-294433,4242
1689063041032,-294433,4242
1689063041033,-294433,4242
1689063041034,-294433,4242
1689063041036,-294433,4242
1689063041038,-294433,4242
1689063041041,-294433,4242
1689063041044,-294433,4242
1689063041046,-294433,4242
1689063041047,-294433,4242
1689063041049,-294433,4242
1689063041051,-294433,4242
1689063041052,-294433,4242
1689063041053,-294433,4242
1689063041055,-294433,4242
1689063041056,-294433,4242
1689063041062,-294433,4242
1689063041065,-294433,4242
1689063041066,-294433,4242
1689063041071,-294433,4242
1689063041074,-294433,4242
1689063041077,-294433,4242
1689063041079,-294433,4242
1689063041082,-294433,4242
1689063041086,-294433,4242
1689063041088,-294433,4242
1689063041091,-294433,4242
1689063041098,-294433,4242
1689063041101,-294433,4242
1689063041106,-294433,4242
1689063041108,-294433,4242
1689063041111,-294433,4242
1689063041113,-294433,4242
1689063041115,-294433,4242
1689063041119,-294433,4242
1689063041127,-294433,4242
1689063041132,-294433,4242
1689063041135,-294433,4242
1689063041139,-294433,4242
1689063041142,-294433,4242
1689063041145,-294433,4242
1689063041152,-294433,4242
1689063041155,-294433,4242
1689063041156,-294433,4242
1689063041162,-294433,4242
1689063041164,-294433,4242
1689063041166,-294433,4242
1689063041168,-294433,4242
1689063041171,-294433,4242
1689063041173,-294433,4242
1689063041175,-294433,4242
1689063041177,-294433,4242
1689063041179,-294433,4242
1689063041181,-294433,4242
1689063041186,-294433,4242
1689063041191,-294433,4242
1689063041193,-294433,4242
1689063041196,-294433,4242
1689063041197,-294433,4242
1689063041199,-294433,4242
1689063041200,-294433,4242
1689063041202,-294433,4242
1689063041204,-294433,4242
1689063041205,-294433,4242
1689063041207,-294433,4242
1689063041208,-294433,4242
1689063041210,-294433,4242
1689063041211,-294433,4242
1689063041212,-294433,4242
1689063041213,-294433,4242
1689063041214,-294433,4242
1689063041216,-294433,4242
1689063041219,-294433,4242
1689063041220,-294433,4242
1689063041222,-294433,4242
1689063041223,-294433,4242
1689063041225,-294433,4242
1689063041229,-294433,4242
1689063041230,-294433,4242
1689063041232,-294433,4242
1689063041234,-294433,4242
1689063041237,-294433,4242
1689063041240,-294433,4242
1689063041241,-294433,4242
1689063041242,-294433,4242
1689063041243,-294433,4242
1689063041245,-294433,4242
1689063041246,-294433,4242
1689063041247,-294433,4242
1689063041251,-294433,4242
1689063041253,-294433,4242
1689063041254,-294433,4242
1689063041256,-294433,4242
1689063041257,-294433,4242
1689063041259,-294433,4242
1689063041261,-294433,4242
1689063041263,-294433,4242
1689063041265,-294433,4242
1689063041266,-294433,4242
1689063041268,-294433,4242
1689063041271,-294433,4242
1689063041276,-294433,4242
1689063041279,-294433,4242
1689063041281,-294433,4242
1689063041282,-294433,4242
1689063041285,-294433,4242
1689063041287,-294433,4242
1689063041289,-294433,4242
1689063041290,-294433,4242
1689063041291,-294433,4242
1689063041292,-294433,4242
1689063041296,-294433,4242
1689063041298,-294433,4242
1689063041299,-294433,4242
1689063041301,-294433,4242
1689063041303,-294433,4242
1689063041305,-294433,4242
1689063041307,-294433,4242
1689063041309,-294433,4242
1689063041310,-294433,4242
1689063041312,-294433,4242
1689063041313,-294433,4242
1689063041315,-294433,4242
1689063041319,-294433,4242
1689063041321,-294433,4242
1689063041323,-294433,4242
1689063041324,-294433,4242
1689063041329,-294433,4242
1689063041333,-294433,4242
1689063041335,-294433,4242
1689063041338,-294433,4242
1689063041341,-294433,4242
1689063041343,-294433,4242
1689063041345,-294433,4242
1689063041351,-294433,4242
1689063041353,-294433,4242
1689063041355,-294433,4242
1689063041356,-294433,4242
1689063041359,-294433,4242
1689063041368,-294433,4242
1689063041371,-294433,4242
1689063041373,-294433,4242
1689063041375,-294433,4242
1689063041377,-294433,4242
1689063041378,-294433,4242
1689063041380,-294433,4242
1689063041382,-294433,4242
1689063041386,-294433,4242
1689063041388,-294433,4242
1689063041390,-294433,4242
1689063041396,-294433,4242
1689063041400,-294433,4242
1689063041401,-294433,4242
1689063041404,-294433,4242
1689063041407,-294433,4242
1689063041409,-294433,4242
1689063041413,-294433,4242
1689063041414,-294433,4242
1689063041416,-294433,4242
1689063041418,-294433,4242
1689063041420,-294433,4242
1689063041421,-294433,4242
1689063041423,-294433,4242
1689063041424,-294433,4242
1689063041426,-294433,4242
1689063041428,-294433,4242
1689063041431,-294433,4242
1689063041437,-294433,4242
1689063041440,-294433,4242
1689063041441,-294433,4242
1689063041443,-294433,4242
1689063041444,-294433,4242
1689063041445,-294433,4242
1689063041446,-294433,4242
1689063041451,-294433,4242
1689063041454,-294433,4242
1689063041458,-294433,4242
1689063041464,-294433,4242
1689063041466,-294433,4242
1689063041469,-294433,4242
1689063041472,-294433,4242
1689063041474,-294433,4242
1689063041476,-294433,4242
1689063041478,-294433,4242
1689063041480,-294433,4242
1689063041485,-294433,4242
1689063041487,-294433,4242
1689063041489,-294433,4242
1689063041491,-294433,4242
1689063041496,-294433,4242
1689063041498,-294433,4242
1689063041499,-294433,4242
1689063041501,-294433,4242
1689063041503,-294433,4242
1689063041505,-294433,4242
1689063041507,-294433,4242
1689063041510,-294433,4242
1689063041512,-294433,4242
1689063041513,-294433,4242
1689063041515,-294433,4242
1689063041518,-294433,4242
1689063041520,-294433,4242
1689063041522,-294433,4242
1689063041524,-294433,4242
1689063041528,-294433,4242
1689063041532,-294433,4242
1689063041534,-294433,4242
1689063041537,-294433,4242
1689063041539,-294433,4242
1689063041541,-294433,4242
1689063041544,-294433,4242
1689063041546,-294433,4242
1689063041548,-294433,4242
1689063041573,-294433,4242
1689063041577,-294433,4242
1689063041579,-294433,4242
1689063041580,-294433,4242
1689063041581,-294433,4242
1689063041583,-294433,4242
1689063041585,-294433,4242
1689063041588,-294433,4242
1689063041591,-294433,4242
1689063041599,-294433,4242
1689063041603,-294433,4242
1689063041606,-294433,4242
1689063041609,-294433,4242
1689063041611,-294433,4242
1689063041612,-294433,4242
1689063041614,-294433,4242
1689063041616,-294433,4242
1689063041619,-294433,4242
1689063041621,-294433,4242
1689063041622,-294433,4242
1689063041624,-294433,4242
1689063041631,-294433,4242
1689063041633,-294433,4242
1689063041635,-294433,4242
1689063041638,-294433,4242
1689063041643,-294433,4242
1689063041645,-294433,4242
1689063041648,-294433,4242
1689063041650,-251464,4242
1689063041652,-251464,4242
1689063041654,-251464,4242
1689063041656,-251464,4242
1689063041658,-251464,4242
1689063041660,-251464,4242
1689063041662,-251464,4242
1689063041664,-251464,4242
1689063041666,-251464,4242
1689063041668,-251464,4242
1689063041671,-251464,4242
1689063041673,-251464,4242
1689063041674,-251464,4242
1689063041676,-251464,4242
1689063041677,-251464,4242
1689063041679,-251464,4242
1689063041680,-251464,4242
1689063041681,-251464,4242
1689063041682,-251464,4242
1689063041684,-251464,4242
1689063041686,-251464,4242
1689063041687,-251464,4242
1689063041689,-251464,4242
1689063041690,-251464,4242
1689063041691,-251464,4242
1689063041692,-251464,4242
1689063041695,-251464,4242
1689063041698,-251464,4242
1689063041700,-251464,4242
1689063041702,-251464,4242
1689063041704,-251464,4242
1689063041706,-251464,4242
1689063041709,-251464,4242
1689063041710,-251464,4242
1689063041711,-251464,4242
1689063041714,-251464,4242
1689063041720,-251464,4242
1689063041723,-251464,4242
1689063041725,-251464,4242
1689063041735,-251464,4242
1689063041737,-251464,4242
1689063041743,-251464,4242
1689063041747,-251464,4242
1689063041757,-251464,4242
1689063041766,-251464,4242
1689063041769,-251464,4242
1689063041772,-251464,4242
1689063041774,-251464,4242
1689063041776,-251464,4242
1689063041778,-251464,4242
1689063041780,-251464,4242
1689063041782,-251464,4242
1689063041787,-251464,4242
1689063041790,-251464,4242
1689063041794,-251464,4242
1689063041797,-251464,4242
1689063041799,-251464,4242
1689063041802,-251464,4242
1689063041805,-251464,4242
1689063041807,-251464,4242
1689063041815,-251464,4242
1689063041818,-251464,4242
1689063041822,-251464,4242
1689063041825,-251464,4242
1689063041828,-251464,4242
1689063041830,-251464,4242
1689063041832,-251464,4242
1689063041837,-251464,4242
1689063041841,-251464,4242
1689063041843,-251464,4242
1689063041845,-251464,4242
1689063041847,-251464,4242
1689063041848,-251464,4242
1689063041849,-251464,4242
1689063041851,-251464,4242
1689063041853,-251464,4242
1689063041855,-251464,4242
1689063041857,-251464,4242
1689063041861,-251464,4242
1689063041862,-251464,4242
1689063041863,-251464,4242
1689063041865,-251464,4242
1689063041866,-251464,4242
1689063041870,-251464,4242
1689063041872,-251464,4242
1689063041873,-251464,4242
1689063041876,-251464,4242
1689063041877,-251464,4242
1689063041879,-251464,4242
1689063041880,-251464,4242
1689063041881,-251464,4242
1689063041882,-251464,4242
1689063041884,-251464,4242
1689063041886,-251464,4242
1689063041887,-251464,4242
1689063041889,-251464,4242
1689063041890,-251464,4242
1689063041891,-251464,4242
1689063041892,-251464,4242
1689063041893,-251464,4242
1689063041895,-251464,4242
1689063041896,-251464,4242
1689063041898,-251464,4242
1689063041899,-251464,4242
1689063041902,-251464,4242
1689063041904,-251464,4242
1689063041905,-251464,4242
1689063041906,-251464,4242
1689063041907,-251464,4242
1689063041909,-251464,4242
1689063041911,-251464,4242
1689063041912,-251464,4242
1689063041913,-251464,4242
1689063041915,-251464,4242
1689063041916,-251464,4242
1689063041919,-251464,4242
1689063041921,-251464,4242
1689063041923,-251464,4242
1689063041924,-251464,4242
1689063041928,-251464,4242
1689063041931,-251464,4242
1689063041933,-251464,4242
1689063041934,-251464,4242
1689063041936,-251464,4242
1689063041939,-251464,4242
1689063041941,-251464,4242
1689063041943,-251464,4242
1689063041944,-251464,4242
1689063041946,-251464,4242
1689063041947,-251464,4242
1689063041951,-251464,4242
1689063041953,-251464,4242
1689063041955,-251464,4242
1689063041956,-251464,4242
1689063041958,-251464,4242
1689063041964,-251464,4242
1689063041965,-251464,4242
1689063041968,-251464,4242
1689063041971,-251464,4242
1689063041973,-251464,4242
1689063041977,-251464,4242
1689063041980,-251464,4242
1689063041981,-251464,4242
1689063041985,-251464,4242
1689063041989,-251464,4242
1689063041990,-251464,4242
1689063041995,-251464,4242
1689063041998,-251464,4242
1689063042001,-251464,4242
1689063042003,-251464,4242
1689063042006,-251464,4242
1689063042009,-251464,4242
1689063042010,-251464,4242
1689063042011,-251464,4242
1689063042012,-251464,4242
1689063042013,-251464,4242
1689063042014,-251464,4242
1689063042015,-251464,4242
1689063042020,-251464,4242
1689063042021,-251464,4242
1689063042022,-251464,4242
1689063042023,-251464,4242
1689063042024,-251464,4242
1689063042025,-251464,4242
1689063042029,-251464,4242
1689063042031,-251464,4242
1689063042033,-251464,4242
1689063042036,-251464,4242
1689063042038,-251464,4242
1689063042040,-251464,4242
1689063042041,-251464,4242
1689063042043,-251464,4242
1689063042044,-251464,4242
1689063042045,-251464,4242
1689063042046,-251464,4242
1689063042047,-251464,4242
1689063042051,-251464,4242
1689063042053,-251464,4242
1689063042055,-251464,4242
1689063042056,-251464,4242
1689063042058,-251464,4242
1689063042061,-251464,4242
1689063042063,-251464,4242
1689063042065,-251464,4242
1689063042066,-251464,4242
1689063042068,-251464,4242
1689063042070,-251464,4242
1689063042072,-251464,4242
1689063042073,-251464,4242
1689063042075,-251464,4242
1689063042076,-251464,4242
1689063042077,-251464,4242
1689063042079,-251464,4242
1689063042080,-251464,4242
1689063042081,-251464,4242
1689063042085,-251464,4242
1689063042088,-251464,4242
1689063042090,-251464,4242
1689063042091,-251464,4242
1689063042093,-251464,4242
1689063042095,-251464,4242
1689063042098,-251464,4242
1689063042101,-251464,4242
1689063042105,-251464,4242
1689063042108,-251464,4242
1689063042111,-251464,4242
1689063042113,-251464,4242
1689063042116,-251464,4242
1689063042120,-251464,4242
1689063042123,-251464,4242
1689063042126,-251464,4242
1689063042133,-251464,4242
1689063042137,-251464,4242
1689063042139,-251464,4242
1689063042141,-251464,4242
1689063042145,-251464,4242
1689063042149,-251464,4242
1689063042153,-251464,4242
1689063042155,-251464,4242
1689063042157,-251464,4242
1689063042159,-251464,4242
1689063042163,-251464,4242
1689063042166,-251464,4242
1689063042170,-251464,4242
1689063042172,-251464,4242
1689063042174,-251464,4242
1689063042175,-251464,4242
1689063042182,-251464,4242
1689063042188,-251464,4242
1689063042191,-251464,4242
1689063042192,-251464,4242
1689063042197,-251464,4242
1689063042199,-251464,4242
1689063042201,-251464,4242
1689063042204,-251464,4242
1689063042206,-251464,4242
1689063042209,-251464,4242
1689063042211,-251464,4242
1689063042213,-251464,4242
1689063042214,-251464,4242
1689063042215,-251464,4242
1689063042216,-251464,4242
1689063042218,-251464,4242
1689063042220,-251464,4242
1689063042221,-251464,4242
1689063042222,-251464,4242
1689063042223,-251464,4242
1689063042224,-251464,4242
1689063042225,-251464,4242
1689063042226,-251464,4242
1689063042229,-251464,4242
1689063042231,-251464,4242
1689063042232,-251464,4242
1689063042233,-251464,4242
1689063042235,-251464,4242
1689063042237,-251464,4242
1689063042239,-251464,4242
1689063042241,-251464,4242
1689063042242,-251464,4242
1689063042243,-251464,4242
1689063042244,-251464,4242
1689063042245,-251464,4242
1689063042246,-251464,4242
1689063042247,-251464,4242
1689063042249,-251464,4242
1689063042250,-251464,4242
1689063042252,-251464,4242
1689063042253,-251464,4242
1689063042255,-251464,4242
1689063042256,-251464,4242
1689063042258,-251464,4242
1689063042261,-251464,4242
1689063042263,-251464,4242
1689063042264,-251464,4242
1689063042265,-251464,4242
1689063042266,-251464,4242
1689063042269,-251464,4242
1689063042271,-251464,4242
1689063042272,-251464,4242
1689063042274,-251464,4242
1689063042275,-251464,4242
1689063042276,-251464,4242
1689063042278,-251464,4242
1689063042279,-251464,4242
1689063042281,-251464,4242
1689063042285,-251464,4242
1689063042289,-251464,4242
1689063042290,-251464,4242
1689063042291,-251464,4242
1689063042292,-251464,4242
1689063042293,-251464,4242
1689063042295,-251464,4242
1689063042299,-251464,4242
1689063042300,-251464,4242
1689063042302,-251464,4242
1689063042304,-251464,4242
1689063042306,-251464,4242
1689063042307,-251464,4242
1689063042309,-251464,4242
1689063042311,-251464,4242
1689063042312,-251464,4242
1689063042314,-251464,4242
1689063042318,-251464,4242
1689063042321,-251464,4242
1689063042323,-251464,4242
1689063042325,-251464,4242
1689063042326,-251464,4242
1689063042330,-251464,4242
1689063042331,-251464,4242
1689063042332,-251464,4242
1689063042334,-251464,4242
1689063042335,-251464,4242
1689063042337,-251464,4242
1689063042339,-251464,4242
1689063042341,-251464,4242
1689063042343,-251464,4242
1689063042345,-251464,4242
1689063042347,-251464,4242
1689063042349,-251464,4242
1689063042350,-251464,4242
1689063042352,-251464,4242
1689063042354,-251464,4242
1689063042355,-251464,4242
1689063042356,-251464,4242
1689063042358,-251464,4242
1689063042362,-251464,4242
1689063042363,-251464,4242
1689063042365,-251464,4242
1689063042366,-251464,4242
1689063042368,-251464,4242
1689063042370,-251464,4242
1689063042372,-251464,4242
1689063042374,-251464,4242
1689063042375,-251464,4242
1689063042377,-251464,4242
1689063042379,-251464,4242
1689063042381,-251464,4242
1689063042385,-251464,4242
1689063042389,-251464,4242
1689063042390,-251464,4242
1689063042392,-251464,4242
1689063042397,-251464,4242
1689063042400,-251464,4242
1689063042402,-251464,4242
1689063042405,-251464,4242
1689063042407,-251464,4242
1689063042409,-251464,4242
1689063042411,-251464,4242
1689063042412,-251464,4242
1689063042413,-251464,4242
1689063042415,-251464,4242
1689063042418,-251464,4242
1689063042421,-251464,4242
1689063042423,-251464,4242
1689063042424,-251464,4242
1689063042425,-251464,4242
1689063042426,-251464,4242
1689063042432,-251464,4242
1689063042434,-251464,4242
1689063042437,-251464,4242
1689063042439,-251464,4242
1689063042441,-251464,4242
1689063042443,-251464,4242
1689063042445,-251464,4242
1689063042446,-251464,4242
1689063042449,-251464,4242
1689063042458,-251464,4242
1689063042460,-251464,4242
1689063042463,-251464,4242
1689063042466,-251464,4242
1689063042470,-251464,4242
1689063042473,-251464,4242
1689063042475,-251464,4242
1689063042476,-251464,4242
1689063042478,-251464,4242
1689063042479,-251464,4242
1689063042480,-251464,4242
1689063042482,-251464,4242
1689063042486,-251464,4242
1689063042488,-251464,4242
1689063042490,-251464,4242
1689063042491,-251464,4242
1689063042492,-251464,4242
1689063042494,-251464,4242
1689063042496,-251464,4242
1689063042498,-251464,4242
1689063042499,-251464,4242
1689063042501,-251464,4242
1689063042503,-251464,4242
1689063042505,-251464,4242
1689063042506,-251464,4242
1689063042508,-251464,4242
1689063042509,-251464,4242
1689063042510,-251464,4242
1689063042512,-251464,4242
1689063042513,-251464,4242
1689063042514,-251464,4242
1689063042515,-251464,4242
1689063042518,-251464,4242
1689063042520,-251464,4242
1689063042522,-251464,4242
1689063042523,-251464,4242
1689063042525,-251464,4242
1689063042528,-251464,4242
1689063042530,-251464,4242
1689063042531,-251464,4242
1689063042533,-251464,4242
1689063042536,-251464,4242
1689063042540,-251464,4242
1689063042542,-251464,4242
1689063042544,-251464,4242
1689063042545,-251464,4242
1689063042547,-251464,4242
1689063042551,-251464,4242
1689063042554,-251464,4242
1689063042556,-251464,4242
1689063042557,-251464,4242
1689063042559,-251464,4242
1689063042561,-251464,4242
1689063042564,-251464,4242
1689063042566,-251464,4242
1689063042568,-251464,4242
1689063042571,-251464,4242
1689063042576,-251464,4242
1689063042579,-251464,4242
1689063042581,-251464,4242
1689063042582,-251464,4242
1689063042584,-251464,4242
1689063042586,-251464,4242
1689063042588,-251464,4242
1689063042589,-251464,4242
1689063042591,-251464,4242
1689063042592,-251464,4242
1689063042598,-251464,4242
1689063042601,-251464,4242
1689063042605,-251464,4242
1689063042608,-251464,4242
1689063042610,-251464,4242
1689063042612,-251464,4242
1689063042614,-251464,4242
1689063042615,-251464,4242
1689063042618,-251464,4242
1689063042619,-251464,4242
1689063042621,-251464,4242
1689063042622,-251464,4242
1689063042622,-251464,4242
1689063042623,-251464,4242
1689063042624,-251464,4242
1689063042625,-251464,4242
1689063042628,-251464,4242
1689063042630,-251464,4242
1689063042631,-251464,4242
1689063042632,-251464,4242
1689063042633,-251464,4242
1689063042634,-251464,4242
1689063042636,-251464,4242
1689063042638,-251464,4242
1689063042640,-251464,4242
1689063042641,-251464,4242
1689063042642,-251464,4242
1689063042643,-251464,4242
1689063042645,-251464,4242
1689063042646,-251464,4242
1689063042648,-251464,4242
1689063042649,-251464,4242
1689063042651,-251464,4242
1689063042654,-251464,4242
1689063042655,-251464,4242
1689063042656,-251464,4242
1689063042658,-251464,4242
1689063042659,-251464,4242
1689063042663,-251464,4242
1689063042665,-251464,4242
1689063042666,-251464,4242
1689063042670,-251464,4242
1689063042672,-251464,4242
1689063042674,-251464,4242
1689063042675,-251464,4242
1689063042677,-251464,4242
1689063042678,-251464,4242
1689063042680,-251464,4242
1689063042682,-251464,4242
1689063042686,-251464,4242
1689063042689,-251464,4242
1689063042690,-251464,4242
1689063042691,-251464,4242
1689063042693,-251464,4242
1689063042697,-251464,4242
1689063042700,-251464,4242
1689063042702,-251464,4242
1689063042704,-251464,4242
1689063042706,-251464,4242
1689063042710,-251464,4242
1689063042712,-251464,4242
1689063042714,-251464,4242
1689063042716,-251464,4242
1689063042721,-251464,4242
1689063042723,-251464,4242
1689063042724,-251464,4242
1689063042725,-251464,4242
1689063042729,-251464,4242
1689063042732,-251464,4242
1689063042733,-251464,4242
1689063042735,-251464,4242
1689063042737,-251464,4242
1689063042739,-251464,4242
1689063042741,-251464,4242
1689063042742,-251464,4242
1689063042744,-251464,4242
1689063042745,-251464,4242
1689063042747,-251464,4242
1689063042750,-251464,4242
1689063042753,-251464,4242
1689063042755,-251464,4242
1689063042756,-251464,4242
1689063042758,-251464,4242
1689063042763,-251464,4242
1689063042766,-251464,4242
1689063042768,-251464,4242
1689063042770,-251464,4242
1689063042772,-251464,4242
1689063042774,-251464,4242
1689063042776,-251464,4242
1689063042778,-251464,4242
1689063042780,-251464,4242
1689063042782,-251464,4242
1689063042787,-251464,4242
1689063042789,-251464,4242
1689063042791,-251464,4242
1689063042792,-251464,4242
1689063042794,-251464,4242
1689063042797,-251464,4242
1689063042798,-251464,4242
1689063042800,-251464,4242
1689063042802,-251464,4242
1689063042805,-251464,4242
1689063042807,-251464,4242
1689063042812,-251464,4242
1689063042814,-251464,4242
1689063042815,-251464,4242
1689063042821,-251464,4242
1689063042822,-251464,4242
1689063042824,-251464,4242
1689063042825,-251464,4242
1689063042826,-251464,4242
1689063042831,-251464,4242
1689063042834,-251464,4242
1689063042836,-251464,4242
1689063042839,-251464,4242
1689063042842,-251464,4242
1689063042843,-251464,4242
1689063042845,-251464,4242
1689063042846,-251464,4242
1689063042849,-251464,4242
1689063042850,-251464,4242
1689063042853,-251464,4242
1689063042854,-251464,4242
1689063042855,-251464,4242
1689063042856,-251464,4242
1689063042857,-251464,4242
1689063042859,-251464,4242
1689063042861,-251464,4242
1689063042862,-251464,4242
1689063042864,-251464,4242
1689063042865,-251464,4242
1689063042867,-251464,4242
1689063042869,-251464,4242
1689063042872,-251464,4242
1689063042874,-251464,4242
1689063042875,-251464,4242
1689063042876,-251464,4242
1689063042878,-251464,4242
1689063042879,-251464,4242
1689063042880,-251464,4242
1689063042881,-251464,4242
1689063042882,-251464,4242
1689063042883,-251464,4242
1689063042884,-251464,4242
1689063042886,-251464,4242
1689063042888,-251464,4242
1689063042890,-251464,4242
1689063042892,-251464,4242
1689063042893,-251464,4242
1689063042897,-251464,4242
1689063042899,-251464,4242
1689063042901,-251464,4242
1689063042903,-251464,4242
1689063042905,-251464,4242
1689063042906,-251464,4242
1689063042908,-251464,4242
1689063042909,-251464,4242
1689063042911,-251464,4242
1689063042912,-251464,4242
1689063042913,-251464,4242
1689063042914,-251464,4242
1689063042916,-251464,4242
1689063042919,-251464,4242
1689063042922,-251464,4242
1689063042923,-251464,4242
1689063042924,-251464,4242
1689063042926,-251464,4242
1689063042928,-251464,4242
1689063042931,-251464,4242
1689063042933,-251464,4242
1689063042935,-251464,4242
1689063042938,-251464,4242
1689063042943,-251464,4242
1689063042945,-251464,4242
1689063042947,-251464,4242
1689063042949,-251464,4242
1689063042955,-251464,4242
1689063042956,-251464,4242
1689063042958,-251464,4242
1689063042960,-251464,4242
1689063042965,-251464,4242
1689063042966,-251464,4242
1689063042969,-251464,4242
1689063042971,-251464,4242
1689063042973,-251464,4242
1689063042975,-251464,4242
1689063042976,-251464,4242
1689063042978,-251464,4242
1689063042980,-251464,4242
1689063042981,-251464,4242
1689063042983,-251464,4242
1689063042984,-251464,4242
1689063042986,-251464,4242
1689063042988,-251464,4242
1689063042990,-251464,4242
1689063042991,-251464,4242
1689063042992,-251464,4242
1689063042994,-251464,4242
1689063042995,-251464,4242
1689063042997,-251464,4242
1689063042999,-251464,4242
1689063043001,-251464,4242
1689063043003,-251464,4242
1689063043004,-251464,4242
1689063043006,-251464,4242
1689063043008,-251464,4242
1689063043009,-251464,4242
1689063043011,-251464,4242
1689063043012,-251464,4242
1689063043013,-251464,4242
1689063043014,-251464,4242
1689063043016,-251464,4242
1689063043018,-251464,4242
1689063043020,-251464,4242
1689063043022,-251464,4242
1689063043023,-251464,4242
1689063043024,-251464,4242
1689063043025,-251464,4242
1689063043027,-251464,4242
1689063043032,-251464,4242
1689063043035,-251464,4242
1689063043037,-251464,4242
1689063043039,-251464,4242
1689063043041,-251464,4242
1689063043042,-251464,4242
1689063043043,-251464,4242
1689063043045,-251464,4242
1689063043046,-251464,4242
1689063043048,-251464,4242
1689063043052,-251464,4242
1689063043054,-251464,4242
1689063043055,-251464,4242
1689063043056,-251464,4242
1689063043057,-251464,4242
1689063043059,-251464,4242
1689063043063,-251464,4242
1689063043064,-251464,4242
1689063043066,-251464,4242
1689063043067,-251464,4242
1689063043069,-251464,4242
1689063043071,-251464,4242
1689063043075,-251464,4242
1689063043078,-251464,4242
1689063043080,-251464,4242
1689063043081,-251464,4242
1689063043082,-251464,4242
1689063043083,-251464,4242
1689063043085,-251464,4242
1689063043086,-251464,4242
1689063043088,-251464,4242
1689063043089,-251464,4242
1689063043091,-251464,4242
1689063043092,-251464,4242
1689063043093,-251464,4242
1689063043094,-251464,4242
1689063043095,-251464,4242
1689063043097,-251464,4242
1689063043099,-251464,4242
1689063043100,-251464,4242
1689063043102,-251464,4242
1689063043104,-251464,4242
1689063043106,-251464,4242
1689063043108,-251464,4242
1689063043110,-251464,4242
1689063043111,-251464,4242
1689063043112,-251464,4242
1689063043113,-251464,4242
1689063043115,-251464,4242
1689063043117,-251464,4242
1689063043119,-251464,4242
1689063043121,-251464,4242
1689063043123,-251464,4242
1689063043125,-251464,4242
1689063043126,-320312,4242
1689063043129,-320312,4242
1689063043132,-320312,4242
1689063043135,-320312,4242
1689063043144,-320312,4242
1689063043150,-320312,4242
1689063043154,-320312,4242
1689063043155,-320312,4242
1689063043157,-320312,4242
1689063043159,-320312,4242
1689063043164,-320312,4242
1689063043166,-320312,4242
1689063043168,-320312,4242
1689063043171,-320312,4242
1689063043173,-320312,4242
1689063043174,-320312,4242
1689063043175,-320312,4242
1689063043176,-320312,4242
1689063043177,-320312,4242
1689063043179,-320312,4242
1689063043180,-320312,4242
1689063043181,-320312,4242
1689063043182,-320312,4242
1689063043183,-320312,4242
1689063043184,-320312,4242
1689063043186,-320312,4242
1689063043188,-320312,4242
1689063043189,-320312,4242
1689063043191,-320312,4242
1689063043192,-320312,4242
1689063043196,-320312,4242
1689063043199,-320312,4242
1689063043201,-320312,4242
1689063043203,-320312,4242
1689063043205,-320312,4242
1689063043208,-320312,4242
1689063043210,-320312,4242
1689063043212,-320312,4242
1689063043213,-320312,4242
1689063043215,-320312,4242
1689063043216,-320312,4242
1689063043221,-320312,4242
1689063043222,-320312,4242
1689063043224,-320312,4242
1689063043225,-320312,4242
1689063043226,-320312,4242
1689063043231,-320312,4242
1689063043233,-320312,4242
1689063043237,-320312,4242
1689063043239,-320312,4242
1689063043241,-320312,4242
1689063043243,-320312,4242
1689063043245,-320312,4242
1689063043247,-320312,4242
1689063043249,-320312,4242
1689063043251,-320312,4242
1689063043253,-320312,4242
1689063043255,-320312,4242
1689063043256,-320312,4242
1689063043259,-320312,4242
1689063043260,-320312,4242
1689063043262,-320312,4242
1689063043265,-320312,4242
1689063043267,-320312,4242
1689063043271,-320312,4242
1689063043274,-320312,4242
1689063043277,-320312,4242
1689063043280,-320312,4242
1689063043283,-320312,4242
1689063043291,-320312,4242
1689063043294,-320312,4242
1689063043298,-320312,4242
1689063043301,-320312,4242
1689063043304,-320312,4242
1689063043307,-320312,4242
1689063043310,-320312,4242
1689063043313,-320312,4242
1689063043314,-320312,4242
1689063043316,-320312,4242
1689063043321,-320312,4242
1689063043323,-320312,4242
1689063043325,-320312,4242
1689063043326,-320312,4242
1689063043331,-320312,4242
1689063043332,-320312,4242
1689063043334,-320312,4242
1689063043335,-320312,4242
1689063043338,-320312,4242
1689063043340,-320312,4242
1689063043341,-320312,4242
1689063043342,-320312,4242
1689063043343,-320312,4242
1689063043344,-320312,4242
1689063043345,-320312,4242
1689063043346,-320312,4242
1689063043348,-320312,4242
1689063043349,-320312,4242
1689063043353,-320312,4242
1689063043355,-320312,4242
1689063043356,-320312,4242
1689063043357,-320312,4242
1689063043358,-320312,4242
1689063043359,-320312,4242
1689063043364,-320312,4242
1689063043365,-320312,4242
1689063043367,-320312,4242
1689063043369,-320312,4242
1689063043371,-320312,4242
1689063043372,-320312,4242
1689063043373,-320312,4242
1689063043374,-320312,4242
1689063043375,-320312,4242
1689063043376,-320312,4242
1689063043377,-320312,4242
1689063043378,-320312,4242
1689063043379,-320312,4242
1689063043380,-320312,4242
1689063043381,-320312,4242
1689063043382,-320312,4242
1689063043383,-320312,4242
1689063043388,-320312,4242
1689063043389,-320312,4242
1689063043390,-320312,4242
1689063043391,-320312,4242
1689063043392,-320312,4242
1689063043393,-320312,4242
1689063043396,-320312,4242
1689063043398,-320312,4242
1689063043399,-320312,4242
1689063043402,-320312,4242
1689063043404,-320312,4242
1689063043405,-320312,4242
1689063043405,-320312,4242
1689063043406,-320312,4242
1689063043409,-320312,4242
1689063043410,-320312,4242
1689063043410,-320312,4242
1689063043411,-320312,4242
1689063043412,-320312,4242
1689063043413,-320312,4242
1689063043414,-320312,4242
1689063043415,-320312,4242
1689063043416,-320312,4242
1689063043418,-320312,4242
1689063043420,-320312,4242
1689063043421,-320312,4242
1689063043422,-320312,4242
1689063043423,-320312,4242
1689063043423,-320312,4242
1689063043424,-320312,4242
1689063043425,-320312,4242
1689063043426,-320312,4242
1689063043430,-320312,4242
1689063043433,-320312,4242
1689063043435,-320312,4242
1689063043437,-320312,4242
1689063043440,-320312,4242
1689063043441,-320312,4242
1689063043443,-320312,4242
1689063043444,-320312,4242
1689063043445,-320312,4242
1689063043447,-320312,4242
1689063043448,-320312,4242
1689063043450,-320312,4242
1689063043451,-320312,4242
1689063043454,-320312,4242
1689063043463,-320312,4242
1689063043465,-320312,4242
1689063043466,-320312,4242
1689063043470,-320312,4242
1689063043472,-320312,4242
1689063043474,-320312,4242
1689063043476,-320312,4242
1689063043478,-320312,4242
1689063043479,-320312,4242
1689063043481,-320312,4242
1689063043482,-320312,4242
1689063043486,-320312,4242
1689063043488,-320312,4242
1689063043490,-320312,4242
1689063043491,-320312,4242
1689063043493,-320312,4242
1689063043497,-320312,4242
1689063043499,-320312,4242
1689063043501,-320312,4242
1689063043504,-320312,4242
1689063043506,-320312,4242
1689063043508,-320312,4242
1689063043510,-320312,4242
1689063043512,-320312,4242
1689063043513,-320312,4242
1689063043515,-320312,4242
1689063043518,-320312,4242
1689063043520,-320312,4242
1689063043522,-320312,4242
1689063043524,-320312,4242
1689063043526,-320312,4242
1689063043529,-320312,4242
1689063043532,-320312,4242
1689063043536,-320312,4242
1689063043543,-320312,4242
1689063043546,-320312,4242
1689063043549,-320312,4242
1689063043555,-320312,4242
1689063043558,-320312,4242
1689063043559,-320312,4242
1689063043565,-320312,4242
1689063043569,-320312,4242
1689063043572,-320312,4242
1689063043574,-320312,4242
1689063043575,-320312,4242
1689063043577,-320312,4242
1689063043578,-320312,4242
1689063043579,-320312,4242
1689063043580,-320312,4242
1689063043581,-320312,4242
1689063043582,-320312,4242
1689063043583,-320312,4242
1689063043585,-320312,4242
1689063043586,-320312,4242
1689063043589,-320312,4242
1689063043590,-320312,4242
1689063043591,-320312,4242
1689063043592,-320312,4242
1689063043593,-320312,4242
1689063043595,-320312,4242
1689063043598,-320312,4242
1689063043600,-320312,4242
1689063043602,-320312,4242
1689063043604,-320312,4242
1689063043606,-320312,4242
1689063043607,-320312,4242
1689063043609,-320312,4242
1689063043610,-320312,4242
1689063043612,-320312,4242
1689063043613,-320312,4242
1689063043614,-320312,4242
1689063043616,-320312,4242
1689063043618,-320312,4242
1689063043621,-320312,4242
1689063043623,-320312,4242
1689063043624,-320312,4242
1689063043625,-320312,4242
1689063043626,-320312,4242
1689063043631,-320312,4242
1689063043633,-320312,4242
1689063043635,-320312,4242
1689063043638,-320312,4242
1689063043640,-320312,4242
1689063043642,-320312,4242
1689063043644,-320312,4242
1689063043646,-320312,4242
1689063043648,-320312,4242
1689063043649,-320312,4242
1689063043652,-320312,4242
1689063043655,-320312,4242
1689063043657,-320312,4242
1689063043659,-320312,4242
1689063043661,-320312,4242
1689063043665,-320312,4242
1689063043667,-320312,4242
1689063043669,-320312,4242
1689063043672,-320312,4242
1689063043673,-320312,4242
1689063043674,-320312,4242
1689063043675,-320312,4242
1689063043676,-320312,4242
1689063043678,-320312,4242
1689063043679,-320312,4242
1689063043680,-320312,4242
1689063043682,-320312,4242
1689063043683,-320312,4242
1689063043687,-320312,4242
1689063043689,-320312,4242
1689063043691,-320312,4242
1689063043692,-320312,4242
1689063043696,-320312,4242
1689063043699,-320312,4242
1689063043701,-320312,4242
1689063043704,-320312,4242
1689063043707,-320312,4242
1689063043709,-320312,4242
1689063043711,-320312,4242
1689063043713,-320312,4242
1689063043715,-320312,4242
1689063043718,-320312,4242
1689063043722,-320312,4242
1689063043724,-320312,4242
1689063043726,-320312,4242
1689063043733,-320312,4242
1689063043738,-320312,4242
1689063043741,-320312,4242
1689063043744,-320312,4242
1689063043747,-320312,4242
1689063043749,-320312,4242
1689063043751,-320312,4242
1689063043753,-320312,4242
1689063043759,-320312,4242
1689063043762,-320312,4242
1689063043764,-320312,4242
1689063043766,-320312,4242
1689063043769,-320312,4242
1689063043772,-320312,4242
1689063043774,-320312,4242
1689063043775,-320312,4242
1689063043776,-320312,4242
1689063043777,-320312,4242
1689063043778,-320312,4242
1689063043780,-320312,4242
1689063043781,-320312,4242
1689063043782,-320312,4242
1689063043783,-320312,4242
1689063043784,-320312,4242
1689063043786,-320312,4242
1689063043788,-320312,4242
1689063043789,-320312,4242
1689063043790,-320312,4242
1689063043791,-320312,4242
1689063043792,-320312,4242
1689063043793,-320312,4242
1689063043798,-320312,4242
1689063043801,-320312,4242
1689063043803,-320312,4242
1689063043805,-320312,4242
1689063043807,-320312,4242
1689063043809,-320312,4242
1689063043810,-320312,4242
1689063043812,-320312,4242
1689063043813,-320312,4242
1689063043815,-320312,4242
1689063043816,-320312,4242
1689063043817,-320312,4242
1689063043818,-320312,4242
1689063043820,-320312,4242
1689063043822,-320312,4242
1689063043823,-320312,4242
1689063043824,-320312,4242
1689063043825,-320312,4242
1689063043825,-320312,4242
1689063043826,-320312,4242
1689063043831,-320312,4242
1689063043833,-320312,4242
1689063043834,-320312,4242
1689063043836,-320312,4242
1689063043838,-320312,4242
1689063043839,-320312,4242
1689063043841,-320312,4242
1689063043842,-320312,4242
1689063043843,-320312,4242
1689063043845,-320312,4242
1689063043846,-320312,4242
1689063043847,-320312,4242
1689063043850,-320312,4242
1689063043852,-320312,4242
1689063043854,-320312,4242
1689063043856,-320312,4242
1689063043858,-320312,4242
1689063043859,-320312,4242
1689063043861,-320312,4242
1689063043863,-320312,4242
1689063043865,-320312,4242
1689063043868,-320312,4242
1689063043871,-320312,4242
1689063043873,-320312,4242
1689063043875,-320312,4242
1689063043877,-320312,4242
1689063043879,-320312,4242
1689063043880,-320312,4242
1689063043882,-320312,4242
1689063043883,-320312,4242
1689063043884,-320312,4242
1689063043885,-320312,4242
1689063043887,-320312,4242
1689063043889,-320312,4242
1689063043891,-320312,4242
1689063043892,-320312,4242
1689063043893,-320312,4242
1689063043894,-320312,4242
1689063043896,-320312,4242
1689063043899,-320312,4242
1689063043901,-320312,4242
1689063043904,-320312,4242
1689063043907,-320312,4242
1689063043908,-320312,4242
1689063043909,-320312,4242
1689063043911,-320312,4242
1689063043912,-320312,4242
1689063043913,-320312,4242
1689063043914,-320312,4242
1689063043915,-320312,4242
1689063043916,-320312,4242
1689063043918,-320312,4242
1689063043920,-320312,4242
1689063043922,-320312,4242
1689063043924,-320312,4242
1689063043925,-320312,4242
1689063043926,-320312,4242
1689063043931,-320312,4242
1689063043934,-320312,4242
1689063043936,-320312,4242
1689063043938,-320312,4242
1689063043940,-320312,4242
1689063043941,-320312,4242
1689063043942,-320312,4242
1689063043943,-320312,4242
1689063043944,-320312,4242
1689063043945,-320312,4242
1689063043946,-320312,4242
1689063043947,-320312,4242
1689063043949,-320312,4242
1689063043950,-320312,4242
1689063043952,-320312,4242
1689063043954,-320312,4242
1689063043955,-320312,4242
1689063043956,-320312,4242
1689063043959,-320312,4242
1689063043963,-320312,4242
1689063043965,-320312,4242
1689063043967,-320312,4242
1689063043970,-320312,4242
1689063043972,-320312,4242
1689063043974,-320312,4242
1689063043976,-320312,4242
1689063043977,-320312,4242
1689063043979,-320312,4242
1689063043981,-320312,4242
1689063043982,-320312,4242
1689063043983,-320312,4242
1689063043985,-320312,4242
1689063043986,-320312,4242
1689063043988,-320312,4242
1689063043990,-320312,4242
1689063043991,-320312,4242
1689063043992,-320312,4242
1689063043993,-320312,4242
1689063043994,-320312,4242
1689063043999,-320312,4242
1689063044001,-320312,4242
1689063044003,-320312,4242
1689063044005,-320312,4242
1689063044009,-320312,4242
1689063044011,-320312,4242
1689063044014,-320312,4242
1689063044016,-320312,4242
1689063044018,-320312,4242
1689063044022,-320312,4242
1689063044024,-320312,4242
1689063044026,-320312,4242
1689063044031,-320312,4242
1689063044034,-320312,4242
1689063044036,-320312,4242
1689063044039,-320312,4242
1689063044041,-320312,4242
1689063044042,-320312,4242
1689063044044,-320312,4242
1689063044045,-320312,4242
1689063044046,-320312,4242
1689063044048,-320312,4242
1689063044050,-320312,4242
1689063044055,-320312,4242
1689063044057,-320312,4242
1689063044059,-320312,4242
1689063044061,-320312,4242
1689063044063,-320312,4242
1689063044064,-320312,4242
1689063044066,-320312,4242
1689063044072,-320312,4242
1689063044074,-320312,4242
1689063044076,-320312,4242
1689063044078,-320312,4242
1689063044079,-320312,4242
1689063044081,-320312,4242
1689063044083,-320312,4242
1689063044085,-320312,4242
1689063044089,-320312,4242
1689063044091,-320312,4242
1689063044093,-320312,4242
1689063044094,-320312,4242
1689063044098,-320312,4242
1689063044101,-320312,4242
1689063044103,-320312,4242
1689063044106,-320312,4242
1689063044109,-320312,4242
1689063044112,-320312,4242
1689063044115,-320312,4242
1689063044121,-320312,4242
1689063044123,-320312,4242
1689063044125,-320312,4242
1689063044131,-320312,4242
1689063044134,-320312,4242
1689063044136,-320312,4242
1689063044140,-320312,4242
1689063044142,-320312,4242
1689063044144,-320312,4242
1689063044145,-320312,4242
1689063044147,-320312,4242
1689063044148,-320312,4242
1689063044150,-320312,4242
1689063044155,-320312,4242
1689063044157,-320312,4242
1689063044159,-320312,4242
1689063044161,-320312,4242
1689063044168,-320312,4242
1689063044171,-320312,4242
1689063044173,-320312,4242
1689063044174,-320312,4242
1689063044175,-320312,4242
1689063044176,-320312,4242
1689063044178,-320312,4242
1689063044179,-320312,4242
1689063044180,-320312,4242
1689063044181,-320312,4242
1689063044182,-320312,4242
1689063044184,-320312,4242
1689063044186,-320312,4242
1689063044206,-320312,4242
1689063044209,-320312,4242
1689063044212,-320312,4242
1689063044225,-320312,4242
1689063044227,-320312,4242
1689063044230,-320312,4242
1689063044232,-320312,4242
1689063044234,-320312,4242
1689063044236,-320312,4242
1689063044239,-320312,4242
1689063044244,-320312,4242
1689063044247,-320312,4242
1689063044259,-320312,4242
1689063044261,-320312,4242
1689063044267,-320312,4242
1689063044270,-320312,4242
1689063044272,-320312,4242
1689063044274,-320312,4242
1689063044276,-320312,4242
1689063044277,-320312,4242
1689063044280,-320312,4242
1689063044285,-320312,4242
1689063044297,-320312,4242
1689063044299,-320312,4242
1689063044303,-320312,4242
1689063044305,-320312,4242
1689063044307,-320312,4242
1689063044310,-320312,4242
1689063044312,-320312,4242
1689063044321,-320312,4242
1689063044326,-320312,4242
1689063044330,-320312,4242
1689063044332,-320312,4242
1689063044335,-320312,4242
1689063044341,-320312,4242
1689063044347,-320312,4242
1689063044350,-320312,4242
1689063044354,-320312,4242
1689063044356,-320312,4242
1689063044358,-320312,4242
1689063044359,-320312,4242
1689063044363,-320312,4242
1689063044365,-320312,4242
1689063044367,-320312,4242
1689063044372,-320312,4242
1689063044378,-320312,4242
1689063044380,-320312,4242
1689063044382,-320312,4242
1689063044384,-320312,4242
1689063044387,-320312,4242
1689063044389,-320312,4242
1689063044391,-320312,4242
1689063044393,-320312,4242
1689063044394,-320312,4242
1689063044398,-320312,4242
1689063044402,-320312,4242
1689063044404,-320312,4242
1689063044406,-320312,4242
1689063044408,-320312,4242
1689063044409,-320312,4242
1689063044411,-320312,4242
1689063044412,-320312,4242
1689063044413,-320312,4242
1689063044414,-320312,4242
1689063044416,-320312,4242
1689063044419,-320312,4242
1689063044424,-320312,4242
1689063044426,-320312,4242
1689063044428,-320312,4242
1689063044430,-320312,4242
1689063044431,-320312,4242
1689063044434,-320312,4242
1689063044436,-320312,4242
1689063044439,-320312,4242
1689063044440,-320312,4242
1689063044442,-320312,4242
1689063044444,-320312,4242
1689063044446,-320312,4242
1689063044447,-320312,4242
1689063044449,-320312,4242
1689063044451,-320312,4242
1689063044453,-320312,4242
1689063044455,-320312,4242
1689063044458,-320312,4242
1689063044460,-320312,4242
1689063044463,-320312,4242
1689063044465,-320312,4242
1689063044467,-320312,4242
1689063044469,-320312,4242
1689063044472,-320312,4242
1689063044474,-320312,4242
1689063044476,-320312,4242
1689063044477,-320312,4242
1689063044479,-320312,4242
1689063044480,-320312,4242
1689063044482,-320312,4242
1689063044483,-320312,4242
1689063044485,-320312,4242
1689063044488,-320312,4242
1689063044490,-320312,4242
1689063044492,-320312,4242
1689063044493,-320312,4242
1689063044498,-320312,4242
1689063044500,-320312,4242
1689063044502,-320312,4242
1689063044504,-320312,4242
1689063044505,-320312,4242
1689063044507,-320312,4242
1689063044509,-320312,4242
1689063044510,-320312,4242
1689063044512,-320312,4242
1689063044513,-320312,4242
1689063044515,-320312,4242
1689063044517,-320312,4242
1689063044519,-320312,4242
1689063044521,-320312,4242
1689063044522,-320312,4242
1689063044524,-320312,4242
1689063044536,-320312,4242
1689063044538,-320312,4242
1689063044540,-320312,4242
1689063044541,-320312,4242
1689063044543,-320312,4242
1689063044549,-320312,4242
1689063044550,-320312,4242
1689063044551,-320312,4242
1689063044553,-320312,4242
1689063044554,-320312,4242
1689063044555,-320312,4242
1689063044556,-320312,4242
1689063044557,-320312,4242
1689063044558,-320312,4242
1689063044559,-320312,4242
1689063044560,-320312,4242
1689063044562,-320312,4242
1689063044564,-320312,4242
1689063044565,-320312,4242
1689063044566,-320312,4242
1689063044569,-320312,4242
1689063044570,-320312,4242
1689063044572,-320312,4242
1689063044574,-320312,4242
1689063044576,-320312,4242
1689063044577,-320312,4242
1689063044578,-320312,4242
1689063044579,-320312,4242
1689063044580,-320312,4242
1689063044581,-320312,4242
1689063044582,-320312,4242
1689063044583,-320312,4242
1689063044584,-320312,4242
1689063044588,-320312,4242
1689063044589,-320312,4242
1689063044591,-320312,4242
1689063044592,-320312,4242
1689063044593,-320312,4242
1689063044598,-320312,4242
1689063044601,-320312,4242
1689063044602,-320312,4242
1689063044605,-322265,4242
1689063044607,-322265,4242
1689063044609,-322265,4242
1689063044611,-322265,4242
1689063044612,-322265,4242
1689063044614,-322265,4242
1689063044616,-322265,4242
1689063044617,-322265,4242
1689063044622,-322265,4242
1689063044624,-322265,4242
1689063044626,-322265,4242
1689063044627,-322265,4242
1689063044634,-322265,4242
1689063044638,-322265,4242
1689063044640,-322265,4242
1689063044642,-322265,4242
1689063044643,-322265,4242
1689063044644,-322265,4242
1689063044646,-322265,4242
1689063044647,-322265,4242
1689063044649,-322265,4242
1689063044650,-322265,4242
1689063044655,-322265,4242
1689063044657,-322265,4242
1689063044659,-322265,4242
1689063044661,-322265,4242
1689063044665,-322265,4242
1689063044668,-322265,4242
1689063044671,-322265,4242
1689063044673,-322265,4242
1689063044675,-322265,4242
1689063044677,-322265,4242
1689063044679,-322265,4242
1689063044680,-322265,4242
1689063044681,-322265,4242
1689063044682,-322265,4242
1689063044683,-322265,4242
1689063044685,-322265,4242
1689063044686,-322265,4242
1689063044688,-322265,4242
1689063044690,-322265,4242
1689063044691,-322265,4242
1689063044693,-322265,4242
1689063044694,-322265,4242
1689063044697,-322265,4242
1689063044699,-322265,4242
1689063044702,-322265,4242
1689063044704,-322265,4242
1689063044706,-322265,4242
1689063044707,-322265,4242
1689063044709,-322265,4242
1689063044710,-322265,4242
1689063044711,-322265,4242
1689063044712,-322265,4242
1689063044713,-322265,4242
1689063044715,-322265,4242
1689063044716,-322265,4242
1689063044717,-322265,4242
1689063044722,-322265,4242
1689063044724,-322265,4242
1689063044725,-322265,4242
1689063044726,-322265,4242
1689063044728,-322265,4242
1689063044732,-322265,4242
1689063044734,-322265,4242
1689063044736,-322265,4242
1689063044738,-322265,4242
1689063044741,-322265,4242
1689063044742,-322265,4242
1689063044743,-322265,4242
1689063044745,-322265,4242
1689063044746,-322265,4242
1689063044748,-322265,4242
1689063044749,-322265,4242
1689063044750,-322265,4242
1689063044752,-322265,4242
1689063044755,-322265,4242
1689063044756,-322265,4242
1689063044757,-322265,4242
1689063044759,-322265,4242
1689063044760,-322265,4242
1689063044761,-322265,4242
1689063044765,-322265,4242
1689063044768,-322265,4242
1689063044770,-322265,4242
1689063044773,-322265,4242
1689063044776,-322265,4242
1689063044778,-322265,4242
1689063044779,-322265,4242
1689063044780,-322265,4242
1689063044781,-322265,4242
1689063044786,-322265,4242
1689063044790,-322265,4242
1689063044793,-322265,4242
1689063044795,-322265,4242
1689063044800,-322265,4242
1689063044802,-322265,4242
1689063044804,-322265,4242
1689063044807,-322265,4242
1689063044809,-322265,4242
1689063044815,-322265,4242
1689063044818,-322265,4242
1689063044822,-322265,4242
1689063044824,-322265,4242
1689063044826,-322265,4242
1689063044828,-322265,4242
1689063044832,-322265,4242
1689063044834,-322265,4242
1689063044837,-322265,4242
1689063044839,-322265,4242
1689063044840,-322265,4242
1689063044842,-322265,4242
1689063044843,-322265,4242
1689063044845,-322265,4242
1689063044846,-322265,4242
1689063044848,-322265,4242
1689063044849,-322265,4242
1689063044851,-322265,4242
1689063044853,-322265,4242
1689063044855,-322265,4242
1689063044857,-322265,4242
1689063044858,-322265,4242
1689063044860,-322265,4242
1689063044861,-322265,4242
1689063044866,-322265,4242
1689063044868,-322265,4242
1689063044871,-322265,4242
1689063044873,-322265,4242
1689063044874,-322265,4242
1689063044875,-322265,4242
1689063044876,-322265,4242
1689063044877,-322265,4242
1689063044879,-322265,4242
1689063044880,-322265,4242
1689063044881,-322265,4242
1689063044882,-322265,4242
1689063044884,-322265,4242
1689063044885,-322265,4242
1689063044886,-322265,4242
1689063044888,-322265,4242
1689063044890,-322265,4242
1689063044891,-322265,4242
1689063044892,-322265,4242
1689063044893,-322265,4242
1689063044894,-322265,4242
1689063044895,-322265,4242
1689063044899,-322265,4242
1689063044901,-322265,4242
1689063044903,-322265,4242
1689063044905,-322265,4242
1689063044907,-322265,4242
1689063044909,-322265,4242
1689063044911,-322265,4242
1689063044912,-322265,4242
1689063044913,-322265,4242
1689063044915,-322265,4242
1689063044916,-322265,4242
1689063044917,-322265,4242
1689063044919,-322265,4242
1689063044922,-322265,4242
1689063044924,-322265,4242
1689063044925,-322265,4242
1689063044926,-322265,4242
1689063044928,-322265,4242
1689063044931,-322265,4242
1689063044934,-322265,4242
1689063044936,-322265,4242
1689063044939,-322265,4242
1689063044941,-322265,4242
1689063044942,-322265,4242
1689063044943,-322265,4242
1689063044944,-322265,4242
1689063044945,-322265,4242
1689063044946,-322265,4242
1689063044948,-322265,4242
1689063044949,-322265,4242
1689063044951,-322265,4242
1689063044952,-322265,4242
1689063044956,-322265,4242
1689063044958,-322265,4242
1689063044960,-322265,4242
1689063044961,-322265,4242
1689063044962,-322265,4242
1689063044967,-322265,4242
1689063044969,-322265,4242
1689063044972,-322265,4242
1689063044974,-322265,4242
1689063044975,-322265,4242
1689063044977,-322265,4242
1689063044978,-322265,4242
1689063044980,-322265,4242
1689063044982,-322265,4242
1689063044983,-322265,4242
1689063044986,-322265,4242
1689063044989,-322265,4242
1689063044991,-322265,4242
1689063044993,-322265,4242
1689063044994,-322265,4242
1689063044999,-322265,4242
1689063045001,-322265,4242
1689063045004,-322265,4242
1689063045009,-322265,4242
1689063045011,-322265,4242
1689063045013,-322265,4242
1689063045014,-322265,4242
1689063045016,-322265,4242
1689063045017,-322265,4242
1689063045019,-322265,4242
1689063045021,-322265,4242
1689063045022,-322265,4242
1689063045024,-322265,4242
1689063045025,-322265,4242
1689063045026,-322265,4242
1689063045028,-322265,4242
1689063045031,-322265,4242
1689063045034,-322265,4242
1689063045036,-322265,4242
1689063045038,-322265,4242
1689063045041,-322265,4242
1689063045043,-322265,4242
1689063045048,-322265,4242
1689063045055,-322265,4242
1689063045059,-322265,4242
1689063045061,-322265,4242
1689063045065,-322265,4242
1689063045068,-322265,4242
1689063045071,-322265,4242
1689063045073,-322265,4242
1689063045075,-322265,4242
1689063045076,-322265,4242
1689063045078,-322265,4242
1689063045080,-322265,4242
1689063045081,-322265,4242
1689063045083,-322265,4242
1689063045084,-322265,4242
1689063045086,-322265,4242
1689063045089,-322265,4242
1689063045092,-322265,4242
1689063045093,-322265,4242
1689063045095,-322265,4242
1689063045100,-322265,4242
1689063045104,-322265,4242
1689063045109,-322265,4242
1689063045113,-322265,4242
1689063045115,-322265,4242
1689063045121,-322265,4242
1689063045125,-322265,4242
1689063045128,-322265,4242
1689063045135,-322265,4242
1689063045140,-322265,4242
1689063045143,-322265,4242
1689063045145,-322265,4242
1689063045148,-322265,4242
1689063045150,-322265,4242
1689063045153,-322265,4242
1689063045155,-322265,4242
1689063045158,-322265,4242
1689063045160,-322265,4242
1689063045162,-322265,4242
1689063045165,-322265,4242
1689063045168,-322265,4242
1689063045170,-322265,4242
1689063045172,-322265,4242
1689063045174,-322265,4242
1689063045175,-322265,4242
1689063045176,-322265,4242
1689063045177,-322265,4242
1689063045179,-322265,4242
1689063045180,-322265,4242
1689063045181,-322265,4242
1689063045182,-322265,4242
1689063045184,-322265,4242
1689063045185,-322265,4242
1689063045186,-322265,4242
1689063045188,-322265,4242
1689063045190,-322265,4242
1689063045192,-322265,4242
1689063045193,-322265,4242
1689063045194,-322265,4242
1689063045195,-322265,4242
1689063045196,-322265,4242
1689063045199,-322265,4242
1689063045201,-322265,4242
1689063045204,-322265,4242
1689063045206,-322265,4242
1689063045207,-322265,4242
1689063045209,-322265,4242
1689063045210,-322265,4242
1689063045211,-322265,4242
1689063045212,-322265,4242
1689063045213,-322265,4242
1689063045213,-322265,4242
1689063045214,-322265,4242
1689063045216,-322265,4242
1689063045217,-322265,4242
1689063045218,-322265,4242
1689063045221,-322265,4242
1689063045222,-322265,4242
1689063045223,-322265,4242
1689063045224,-322265,4242
1689063045225,-322265,4242
1689063045226,-322265,4242
1689063045227,-322265,4242
1689063045229,-322265,4242
1689063045231,-322265,4242
1689063045232,-322265,4242
1689063045235,-322265,4242
1689063045237,-322265,4242
1689063045240,-322265,4242
1689063045242,-322265,4242
1689063045243,-322265,4242
1689063045245,-322265,4242
1689063045246,-322265,4242
1689063045247,-322265,4242
1689063045249,-322265,4242
1689063045250,-322265,4242
1689063045252,-322265,4242
1689063045255,-322265,4242
1689063045256,-322265,4242
1689063045258,-322265,4242
1689063045259,-322265,4242
1689063045260,-322265,4242
1689063045263,-322265,4242
1689063045265,-322265,4242
1689063045267,-322265,4242
1689063045269,-322265,4242
1689063045272,-322265,4242
1689063045273,-322265,4242
1689063045275,-322265,4242
1689063045276,-322265,4242
1689063045277,-322265,4242
1689063045279,-322265,4242
1689063045280,-322265,4242
1689063045282,-322265,4242
1689063045284,-322265,4242
1689063045289,-322265,4242
1689063045291,-322265,4242
1689063045292,-322265,4242
1689063045294,-322265,4242
1689063045295,-322265,4242
1689063045300,-322265,4242
1689063045302,-322265,4242
1689063045305,-322265,4242
1689063045306,-322265,4242
1689063045308,-322265,4242
1689063045309,-322265,4242
1689063045310,-322265,4242
1689063045312,-322265,4242
1689063045314,-322265,4242
1689063045316,-322265,4242
1689063045321,-322265,4242
1689063045323,-322265,4242
1689063045324,-322265,4242
1689063045326,-322265,4242
1689063045328,-322265,4242
1689063045333,-322265,4242
1689063045335,-322265,4242
1689063045337,-322265,4242
1689063045339,-322265,4242
1689063045341,-322265,4242
1689063045343,-322265,4242
1689063045345,-322265,4242
1689063045346,-322265,4242
1689063045348,-322265,4242
1689063045351,-322265,4242
1689063045352,-322265,4242
1689063045356,-322265,4242
1689063045359,-322265,4242
1689063045361,-322265,4242
1689063045366,-322265,4242
1689063045370,-322265,4242
1689063045373,-322265,4242
1689063045375,-322265,4242
1689063045376,-322265,4242
1689063045378,-322265,4242
1689063045380,-322265,4242
1689063045381,-322265,4242
1689063045383,-322265,4242
1689063045384,-322265,4242
1689063045390,-322265,4242
1689063045392,-322265,4242
1689063045394,-322265,4242
1689063045395,-322265,4242
1689063045399,-322265,4242
1689063045401,-322265,4242
1689063045404,-322265,4242
1689063045406,-322265,4242
1689063045408,-322265,4242
1689063045409,-322265,4242
1689063045410,-322265,4242
1689063045411,-322265,4242
1689063045412,-322265,4242
1689063045413,-322265,4242
1689063045414,-322265,4242
1689063045415,-322265,4242
1689063045418,-322265,4242
1689063045422,-322265,4242
1689063045424,-322265,4242
1689063045425,-322265,4242
1689063045426,-322265,4242
1689063045427,-322265,4242
1689063045430,-322265,4242
1689063045434,-322265,4242
1689063045435,-322265,4242
1689063045438,-322265,4242
1689063045439,-322265,4242
1689063045441,-322265,4242
1689063045442,-322265,4242
1689063045443,-322265,4242
1689063045444,-322265,4242
1689063045445,-322265,4242
1689063045446,-322265,4242
1689063045447,-322265,4242
1689063045448,-322265,4242
1689063045450,-322265,4242
1689063045451,-322265,4242
1689063045455,-322265,4242
1689063045457,-322265,4242
1689063045459,-322265,4242
1689063045460,-322265,4242
1689063045461,-322265,4242
1689063045468,-322265,4242
1689063045471,-322265,4242
1689063045473,-322265,4242
1689063045476,-322265,4242
1689063045479,-322265,4242
1689063045480,-322265,4242
1689063045481,-322265,4242
1689063045483,-322265,4242
1689063045485,-322265,4242
1689063045489,-322265,4242
1689063045491,-322265,4242
1689063045492,-322265,4242
1689063045493,-322265,4242
1689063045493,-322265,4242
1689063045495,-322265,4242
1689063045499,-322265,4242
1689063045501,-322265,4242
1689063045504,-322265,4242
1689063045506,-322265,4242
1689063045507,-322265,4242
1689063045509,-322265,4242
1689063045510,-322265,4242
1689063045511,-322265,4242
1689063045512,-322265,4242
1689063045513,-322265,4242
1689063045514,-322265,4242
1689063045515,-322265,4242
1689063045516,-322265,4242
1689063045518,-322265,4242
1689063045519,-322265,4242
1689063045520,-322265,4242
1689063045522,-322265,4242
1689063045524,-322265,4242
1689063045525,-322265,4242
1689063045526,-322265,4242
1689063045527,-322265,4242
1689063045529,-322265,4242
1689063045533,-322265,4242
1689063045536,-322265,4242
1689063045539,-322265,4242
1689063045540,-322265,4242
1689063045542,-322265,4242
1689063045543,-322265,4242
1689063045544,-322265,4242
1689063045546,-322265,4242
1689063045547,-322265,4242
1689063045550,-322265,4242
1689063045552,-322265,4242
1689063045554,-322265,4242
1689063045557,-322265,4242
1689063045559,-322265,4242
1689063045560,-322265,4242
1689063045561,-322265,4242
1689063045564,-322265,4242
1689063045568,-322265,4242
1689063045572,-322265,4242
1689063045577,-322265,4242
1689063045579,-322265,4242
1689063045581,-322265,4242
1689063045582,-322265,4242
1689063045584,-322265,4242
1689063045585,-322265,4242
1689063045586,-322265,4242
1689063045589,-322265,4242
1689063045590,-322265,4242
1689063045591,-322265,4242
1689063045592,-322265,4242
1689063045593,-322265,4242
1689063045594,-322265,4242
1689063045595,-322265,4242
1689063045597,-322265,4242
1689063045600,-322265,4242
1689063045602,-322265,4242
1689063045605,-322265,4242
1689063045607,-322265,4242
1689063045608,-322265,4242
1689063045610,-322265,4242
1689063045611,-322265,4242
1689063045613,-322265,4242
1689063045614,-322265,4242
1689063045615,-322265,4242
1689063045617,-322265,4242
1689063045622,-322265,4242
1689063045624,-322265,4242
1689063045625,-322265,4242
1689063045627,-322265,4242
1689063045629,-322265,4242
1689063045634,-322265,4242
1689063045637,-322265,4242
1689063045639,-322265,4242
1689063045640,-322265,4242
1689063045642,-322265,4242
1689063045643,-322265,4242
1689063045644,-322265,4242
1689063045645,-322265,4242
1689063045646,-322265,4242
1689063045648,-322265,4242
1689063045650,-322265,4242
1689063045652,-322265,4242
1689063045656,-322265,4242
1689063045658,-322265,4242
1689063045660,-322265,4242
1689063045661,-322265,4242
1689063045665,-322265,4242
1689063045668,-322265,4242
1689063045672,-322265,4242
1689063045673,-322265,4242
1689063045675,-322265,4242
1689063045676,-322265,4242
1689063045677,-322265,4242
1689063045679,-322265,4242
1689063045680,-322265,4242
1689063045682,-322265,4242
1689063045683,-322265,4242
1689063045685,-322265,4242
1689063045688,-322265,4242
1689063045690,-322265,4242
1689063045692,-322265,4242
1689063045693,-322265,4242
1689063045695,-322265,4242
1689063045697,-322265,4242
1689063045699,-322265,4242
1689063045701,-322265,4242
1689063045704,-322265,4242
1689063045706,-322265,4242
1689063045709,-322265,4242
1689063045711,-322265,4242
1689063045713,-322265,4242
1689063045715,-322265,4242
1689063045716,-322265,4242
1689063045719,-322265,4242
1689063045721,-322265,4242
1689063045723,-322265,4242
1689063045726,-322265,4242
1689063045728,-322265,4242
1689063045729,-322265,4242
1689063045730,-322265,4242
1689063045732,-322265,4242
1689063045733,-322265,4242
1689063045736,-322265,4242
1689063045740,-322265,4242
1689063045742,-322265,4242
1689063045743,-322265,4242
1689063045745,-322265,4242
1689063045746,-322265,4242
1689063045748,-322265,4242
1689063045750,-322265,4242
1689063045752,-322265,4242
1689063045753,-322265,4242
1689063045756,-322265,4242
1689063045759,-322265,4242
1689063045760,-322265,4242
1689063045761,-322265,4242
1689063045762,-322265,4242
1689063045763,-322265,4242
1689063045766,-322265,4242
1689063045770,-322265,4242
1689063045773,-322265,4242
1689063045774,-322265,4242
1689063045775,-322265,4242
1689063045778,-322265,4242
1689063045779,-322265,4242
1689063045781,-322265,4242
1689063045782,-322265,4242
1689063045784,-322265,4242
1689063045785,-322265,4242
1689063045786,-322265,4242
1689063045790,-322265,4242
1689063045793,-322265,4242
1689063045794,-322265,4242
1689063045796,-322265,4242
1689063045799,-322265,4242
1689063045801,-322265,4242
1689063045804,-322265,4242
1689063045807,-322265,4242
1689063045808,-322265,4242
1689063045810,-322265,4242
1689063045811,-322265,4242
1689063045813,-322265,4242
1689063045814,-322265,4242
1689063045815,-322265,4242
1689063045817,-322265,4242
1689063045819,-322265,4242
1689063045820,-322265,4242
1689063045822,-322265,4242
1689063045824,-322265,4242
1689063045825,-322265,4242
1689063045826,-322265,4242
1689063045828,-322265,4242
1689063045829,-322265,4242
1689063045831,-322265,4242
1689063045832,-322265,4242
1689063045834,-322265,4242
1689063045835,-322265,4242
1689063045838,-322265,4242
1689063045841,-322265,4242
1689063045843,-322265,4242
1689063045845,-322265,4242
1689063045846,-322265,4242
1689063045848,-322265,4242
1689063045849,-322265,4242
1689063045850,-322265,4242
1689063045851,-322265,4242
1689063045853,-322265,4242
1689063045854,-322265,4242
1689063045856,-322265,4242
1689063045858,-322265,4242
1689063045859,-322265,4242
1689063045860,-322265,4242
1689063045861,-322265,4242
1689063045862,-322265,4242
1689063045867,-322265,4242
1689063045870,-322265,4242
1689063045872,-322265,4242
1689063045874,-322265,4242
1689063045875,-322265,4242
1689063045877,-322265,4242
1689063045878,-322265,4242
1689063045880,-322265,4242
1689063045881,-322265,4242
1689063045883,-322265,4242
1689063045884,-322265,4242
1689063045889,-322265,4242
1689063045891,-322265,4242
1689063045893,-322265,4242
1689063045895,-322265,4242
1689063045902,-322265,4242
1689063045905,-322265,4242
1689063045908,-322265,4242
1689063045910,-322265,4242
1689063045911,-322265,4242
1689063045912,-322265,4242
1689063045913,-322265,4242
1689063045915,-322265,4242
1689063045917,-322265,4242
1689063045920,-322265,4242
1689063045922,-322265,4242
1689063045924,-322265,4242
1689063045926,-322265,4242
1689063045928,-322265,4242
1689063045932,-322265,4242
1689063045934,-322265,4242
1689063045936,-322265,4242
1689063045938,-322265,4242
1689063045940,-322265,4242
1689063045942,-322265,4242
1689063045943,-322265,4242
1689063045945,-322265,4242
1689063045946,-322265,4242
1689063045948,-322265,4242
1689063045949,-322265,4242
1689063045951,-322265,4242
1689063045952,-322265,4242
1689063045954,-322265,4242
1689063045956,-322265,4242
1689063045958,-322265,4242
1689063045960,-322265,4242
1689063045962,-322265,4242
1689063045966,-322265,4242
1689063045969,-322265,4242
1689063045972,-322265,4242
1689063045976,-322265,4242
1689063045979,-322265,4242
1689063045982,-322265,4242
1689063045984,-322265,4242
1689063045988,-322265,4242
1689063045991,-322265,4242
1689063045993,-322265,4242
1689063045995,-322265,4242
1689063045997,-322265,4242
1689063046002,-322265,4242
1689063046005,-322265,4242
1689063046009,-322265,4242
1689063046011,-322265,4242
1689063046013,-322265,4242
1689063046016,-322265,4242
1689063046023,-322265,4242
1689063046026,-322265,4242
1689063046029,-322265,4242
1689063046035,-322265,4242
1689063046038,-322265,4242
1689063046040,-322265,4242
1689063046041,-322265,4242
1689063046042,-322265,4242
1689063046043,-322265,4242
1689063046045,-322265,4242
1689063046046,-322265,4242
1689063046048,-322265,4242
1689063046049,-322265,4242
1689063046051,-322265,4242
1689063046052,-322265,4242
1689063046053,-322265,4242
1689063046054,-322265,4242
1689063046056,-322265,4242
1689063046058,-322265,4242
1689063046059,-322265,4242
1689063046061,-322265,4242
1689063046061,-322265,4242
1689063046063,-322265,4242
1689063046064,-322265,4242
1689063046065,-322265,4242
1689063046067,-322265,4242
1689063046070,-322265,4242
1689063046071,-322265,4242
1689063046073,-322265,4242
1689063046074,-322265,4242
1689063046075,-322265,4242
1689063046076,-322265,4242
1689063046078,-322265,4242
1689063046079,-322265,4242
1689063046081,-322265,4242
1689063046083,-245605,4242
1689063046084,-245605,4242
1689063046085,-245605,4242
1689063046089,-245605,4242
1689063046091,-245605,4242
1689063046092,-245605,4242
1689063046093,-245605,4242
1689063046095,-245605,4242
1689063046096,-245605,4242
1689063046101,-245605,4242
1689063046103,-245605,4242
1689063046105,-245605,4242
1689063046106,-245605,4242
1689063046109,-245605,4242
1689063046110,-245605,4242
1689063046112,-245605,4242
1689063046113,-245605,4242
1689063046114,-245605,4242
1689063046116,-245605,4242
1689063046117,-245605,4242
1689063046118,-245605,4242
1689063046121,-245605,4242
1689063046123,-245605,4242
1689063046125,-245605,4242
1689063046126,-245605,4242
1689063046127,-245605,4242
1689063046128,-245605,4242
1689063046134,-245605,4242
1689063046137,-245605,4242
1689063046139,-245605,4242
1689063046141,-245605,4242
1689063046142,-245605,4242
1689063046143,-245605,4242
1689063046144,-245605,4242
1689063046145,-245605,4242
1689063046146,-245605,4242
1689063046147,-245605,4242
1689063046149,-245605,4242
1689063046150,-245605,4242
1689063046151,-245605,4242
1689063046154,-245605,4242
1689063046157,-245605,4242
1689063046159,-245605,4242
1689063046160,-245605,4242
1689063046162,-245605,4242
1689063046164,-245605,4242
1689063046167,-245605,4242
1689063046170,-245605,4242
1689063046172,-245605,4242
1689063046173,-245605,4242
1689063046175,-245605,4242
1689063046176,-245605,4242
1689063046183,-245605,4242
1689063046184,-245605,4242
1689063046186,-245605,4242
1689063046191,-245605,4242
1689063046193,-245605,4242
1689063046195,-245605,4242
1689063046196,-245605,4242
1689063046201,-245605,4242
1689063046203,-245605,4242
1689063046208,-245605,4242
1689063046211,-245605,4242
1689063046213,-245605,4242
1689063046215,-245605,4242
1689063046217,-245605,4242
1689063046219,-245605,4242
1689063046223,-245605,4242
1689063046225,-245605,4242
1689063046227,-245605,4242
1689063046229,-245605,4242
1689063046234,-245605,4242
1689063046236,-245605,4242
1689063046240,-245605,4242
1689063046242,-245605,4242
1689063046244,-245605,4242
1689063046245,-245605,4242
1689063046248,-245605,4242
1689063046250,-245605,4242
1689063046252,-245605,4242
1689063046256,-245605,4242
1689063046260,-245605,4242
1689063046262,-245605,4242
1689063046269,-245605,4242
1689063046272,-245605,4242
1689063046275,-245605,4242
1689063046277,-245605,4242
1689063046278,-245605,4242
1689063046280,-245605,4242
1689063046282,-245605,4242
1689063046284,-245605,4242
1689063046290,-245605,4242
1689063046293,-245605,4242
1689063046299,-245605,4242
1689063046303,-245605,4242
1689063046305,-245605,4242
1689063046307,-245605,4242
1689063046309,-245605,4242
1689063046310,-245605,4242
1689063046311,-245605,4242
1689063046312,-245605,4242
1689063046313,-245605,4242
1689063046315,-245605,4242
1689063046316,-245605,4242
1689063046318,-245605,4242
1689063046322,-245605,4242
1689063046324,-245605,4242
1689063046326,-245605,4242
1689063046328,-245605,4242
1689063046329,-245605,4242
1689063046330,-245605,4242
1689063046335,-245605,4242
1689063046337,-245605,4242
1689063046341,-245605,4242
1689063046344,-245605,4242
1689063046345,-245605,4242
1689063046347,-245605,4242
1689063046349,-245605,4242
1689063046351,-245605,4242
1689063046354,-245605,4242
1689063046356,-245605,4242
1689063046358,-245605,4242
1689063046359,-245605,4242
1689063046361,-245605,4242
1689063046366,-245605,4242
1689063046368,-245605,4242
1689063046370,-245605,4242
1689063046372,-245605,4242
1689063046373,-245605,4242
1689063046374,-245605,4242
1689063046375,-245605,4242
1689063046376,-245605,4242
1689063046378,-245605,4242
1689063046380,-245605,4242
1689063046381,-245605,4242
1689063046383,-245605,4242
1689063046385,-245605,4242
1689063046386,-245605,4242
1689063046389,-245605,4242
1689063046391,-245605,4242
1689063046392,-245605,4242
1689063046393,-245605,4242
1689063046393,-245605,4242
1689063046394,-245605,4242
1689063046395,-245605,4242
1689063046396,-245605,4242
1689063046398,-245605,4242
1689063046401,-245605,4242
1689063046403,-245605,4242
1689063046405,-245605,4242
1689063046406,-245605,4242
1689063046408,-245605,4242
1689063046409,-245605,4242
1689063046410,-245605,4242
1689063046411,-245605,4242
1689063046412,-245605,4242
1689063046413,-245605,4242
1689063046415,-245605,4242
1689063046418,-245605,4242
1689063046423,-245605,4242
1689063046424,-245605,4242
1689063046426,-245605,4242
1689063046432,-245605,4242
1689063046435,-245605,4242
1689063046439,-245605,4242
1689063046443,-245605,4242
1689063046444,-245605,4242
1689063046445,-245605,4242
1689063046447,-245605,4242
1689063046449,-245605,4242
1689063046450,-245605,4242
1689063046451,-245605,4242
1689063046452,-245605,4242
1689063046455,-245605,4242
1689063046457,-245605,4242
1689063046458,-245605,4242
1689063046459,-245605,4242
1689063046460,-245605,4242
1689063046461,-245605,4242
1689063046462,-245605,4242
1689063046463,-245605,4242
1689063046466,-245605,4242
1689063046468,-245605,4242
1689063046471,-245605,4242
1689063046473,-245605,4242
1689063046474,-245605,4242
1689063046475,-245605,4242
1689063046476,-245605,4242
1689063046479,-245605,4242
1689063046481,-245605,4242
1689063046483,-245605,4242
1689063046485,-245605,4242
1689063046488,-245605,4242
1689063046490,-245605,4242
1689063046492,-245605,4242
1689063046493,-245605,4242
1689063046495,-245605,4242
1689063046496,-245605,4242
1689063046499,-245605,4242
1689063046501,-245605,4242
1689063046504,-245605,4242
1689063046505,-245605,4242
1689063046507,-245605,4242
1689063046509,-245605,4242
1689063046510,-245605,4242
1689063046511,-245605,4242
1689063046513,-245605,4242
1689063046514,-245605,4242
1689063046515,-245605,4242
1689063046516,-245605,4242
1689063046519,-245605,4242
1689063046521,-245605,4242
1689063046523,-245605,4242
1689063046524,-245605,4242
1689063046525,-245605,4242
1689063046527,-245605,4242
1689063046530,-245605,4242
1689063046533,-245605,4242
1689063046541,-245605,4242
1689063046544,-245605,4242
1689063046546,-245605,4242
1689063046548,-245605,4242
1689063046549,-245605,4242
1689063046550,-245605,4242
1689063046552,-245605,4242
1689063046553,-245605,4242
1689063046556,-245605,4242
1689063046558,-245605,4242
1689063046559,-245605,4242
1689063046560,-245605,4242
1689063046561,-245605,4242
1689063046562,-245605,4242
1689063046563,-245605,4242
1689063046564,-245605,4242
1689063046565,-245605,4242
1689063046567,-245605,4242
1689063046569,-245605,4242
1689063046571,-245605,4242
1689063046573,-245605,4242
1689063046575,-245605,4242
1689063046576,-245605,4242
1689063046577,-245605,4242
1689063046579,-245605,4242
1689063046580,-245605,4242
1689063046581,-245605,4242
1689063046582,-245605,4242
1689063046583,-245605,4242
1689063046588,-245605,4242
1689063046590,-245605,4242
1689063046592,-245605,4242
1689063046594,-245605,4242
1689063046597,-245605,4242
1689063046600,-245605,4242
1689063046602,-245605,4242
1689063046607,-245605,4242
1689063046610,-245605,4242
1689063046612,-245605,4242
1689063046613,-245605,4242
1689063046616,-245605,4242
1689063046618,-245605,4242
1689063046620,-245605,4242
1689063046622,-245605,4242
1689063046624,-245605,4242
1689063046626,-245605,4242
1689063046628,-245605,4242
1689063046631,-245605,4242
1689063046633,-245605,4242
1689063046634,-245605,4242
1689063046636,-245605,4242
1689063046638,-245605,4242
1689063046640,-245605,4242
1689063046642,-245605,4242
1689063046644,-245605,4242
1689063046646,-245605,4242
1689063046647,-245605,4242
1689063046650,-245605,4242
1689063046652,-245605,4242
1689063046653,-245605,4242
1689063046655,-245605,4242
1689063046657,-245605,4242
1689063046659,-245605,4242
1689063046660,-245605,4242
1689063046662,-245605,4242
1689063046663,-245605,4242
1689063046668,-245605,4242
1689063046670,-245605,4242
1689063046673,-245605,4242
1689063046675,-245605,4242
1689063046678,-245605,4242
1689063046680,-245605,4242
1689063046683,-245605,4242
1689063046685,-245605,4242
1689063046687,-245605,4242
1689063046689,-245605,4242
1689063046691,-245605,4242
1689063046692,-245605,4242
1689063046694,-245605,4242
1689063046695,-245605,4242
1689063046696,-245605,4242
1689063046700,-245605,4242
1689063046702,-245605,4242
1689063046704,-245605,4242
1689063046705,-245605,4242
1689063046708,-245605,4242
1689063046710,-245605,4242
1689063046711,-245605,4242
1689063046712,-245605,4242
1689063046713,-245605,4242
1689063046714,-245605,4242
1689063046715,-245605,4242
1689063046716,-245605,4242
1689063046718,-245605,4242
1689063046719,-245605,4242
1689063046721,-245605,4242
1689063046723,-245605,4242
1689063046724,-245605,4242
1689063046725,-245605,4242
1689063046726,-245605,4242
1689063046727,-245605,4242
1689063046728,-245605,4242
1689063046730,-245605,4242
1689063046732,-245605,4242
1689063046734,-245605,4242
1689063046735,-245605,4242
1689063046737,-245605,4242
1689063046738,-245605,4242
1689063046740,-245605,4242
1689063046741,-245605,4242
1689063046742,-245605,4242
1689063046744,-245605,4242
1689063046746,-245605,4242
1689063046748,-245605,4242
1689063046750,-245605,4242
1689063046754,-245605,4242
1689063046756,-245605,4242
1689063046758,-245605,4242
1689063046759,-245605,4242
1689063046761,-245605,4242
1689063046762,-245605,4242
1689063046765,-245605,4242
1689063046768,-245605,4242
1689063046770,-245605,4242
1689063046772,-245605,4242
1689063046773,-245605,4242
1689063046774,-245605,4242
1689063046776,-245605,4242
1689063046778,-245605,4242
1689063046780,-245605,4242
1689063046781,-245605,4242
1689063046783,-245605,4242
1689063046784,-245605,4242
1689063046785,-245605,4242
1689063046786,-245605,4242
1689063046789,-245605,4242
1689063046790,-245605,4242
1689063046792,-245605,4242
1689063046793,-245605,4242
1689063046794,-245605,4242
1689063046795,-245605,4242
1689063046796,-245605,4242
1689063046799,-245605,4242
1689063046802,-245605,4242
1689063046804,-245605,4242
1689063046805,-245605,4242
1689063046807,-245605,4242
1689063046809,-245605,4242
1689063046810,-245605,4242
1689063046811,-245605,4242
1689063046812,-245605,4242
1689063046814,-245605,4242
1689063046815,-245605,4242
1689063046815,-245605,4242
1689063046817,-245605,4242
1689063046818,-245605,4242
1689063046819,-245605,4242
1689063046822,-245605,4242
1689063046824,-245605,4242
1689063046825,-245605,4242
1689063046826,-245605,4242
1689063046827,-245605,4242
1689063046828,-245605,4242
1689063046829,-245605,4242
1689063046833,-245605,4242
1689063046835,-245605,4242
1689063046837,-245605,4242
1689063046838,-245605,4242
1689063046839,-245605,4242
1689063046841,-245605,4242
1689063046842,-245605,4242
1689063046844,-245605,4242
1689063046845,-245605,4242
1689063046848,-245605,4242
1689063046850,-245605,4242
1689063046853,-245605,4242
1689063046855,-245605,4242
1689063046860,-245605,4242
1689063046863,-245605,4242
1689063046865,-245605,4242
1689063046868,-245605,4242
1689063046871,-245605,4242
1689063046873,-245605,4242
1689063046874,-245605,4242
1689063046876,-245605,4242
1689063046878,-245605,4242
1689063046879,-245605,4242
1689063046881,-245605,4242
1689063046882,-245605,4242
1689063046884,-245605,4242
1689063046889,-245605,4242
1689063046891,-245605,4242
1689063046893,-245605,4242
1689063046895,-245605,4242
1689063046898,-245605,4242
1689063046901,-245605,4242
1689063046904,-245605,4242
1689063046906,-245605,4242
1689063046911,-245605,4242
1689063046914,-245605,4242
1689063046918,-245605,4242
1689063046925,-245605,4242
1689063046930,-245605,4242
1689063046991,-245605,4242
1689063047002,-245605,4242
1689063047005,-245605,4242
1689063047008,-245605,4242
1689063047010,-245605,4242
1689063047012,-245605,4242
1689063047013,-245605,4242
1689063047015,-245605,4242
1689063047020,-245605,4242
1689063047023,-245605,4242
1689063047025,-245605,4242
1689063047027,-245605,4242
1689063047028,-245605,4242
1689063047030,-245605,4242
1689063047031,-245605,4242
1689063047033,-245605,4242
1689063047035,-245605,4242
1689063047038,-245605,4242
1689063047041,-245605,4242
1689063047043,-245605,4242
1689063047052,-245605,4242
1689063047054,-245605,4242
1689063047056,-245605,4242
1689063047062,-245605,4242
1689063047070,-245605,4242
1689063047072,-245605,4242
1689063047073,-245605,4242
1689063047075,-245605,4242
1689063047076,-245605,4242
1689063047082,-245605,4242
1689063047085,-245605,4242
1689063047088,-245605,4242
1689063047090,-245605,4242
1689063047096,-245605,4242
1689063047103,-245605,4242
1689063047105,-245605,4242
1689063047108,-245605,4242
1689063047110,-245605,4242
1689063047111,-245605,4242
1689063047112,-245605,4242
1689063047114,-245605,4242
1689063047118,-245605,4242
1689063047131,-245605,4242
1689063047133,-245605,4242
1689063047135,-245605,4242
1689063047138,-245605,4242
1689063047141,-245605,4242
1689063047143,-245605,4242
1689063047144,-245605,4242
1689063047146,-245605,4242
1689063047147,-245605,4242
1689063047148,-245605,4242
1689063047149,-245605,4242
1689063047151,-245605,4242
1689063047152,-245605,4242
1689063047153,-245605,4242
1689063047157,-245605,4242
1689063047158,-245605,4242
1689063047159,-245605,4242
1689063047160,-245605,4242
1689063047161,-245605,4242
1689063047162,-245605,4242
1689063047163,-245605,4242
1689063047164,-245605,4242
1689063047165,-245605,4242
1689063047166,-245605,4242
1689063047168,-245605,4242
1689063047169,-245605,4242
1689063047170,-245605,4242
1689063047171,-245605,4242
1689063047172,-245605,4242
1689063047174,-245605,4242
1689063047175,-245605,4242
1689063047176,-245605,4242
1689063047177,-245605,4242
1689063047182,-245605,4242
1689063047184,-245605,4242
1689063047186,-245605,4242
1689063047188,-245605,4242
1689063047190,-245605,4242
1689063047191,-245605,4242
1689063047192,-245605,4242
1689063047193,-245605,4242
1689063047194,-245605,4242
1689063047196,-245605,4242
1689063047197,-245605,4242
1689063047199,-245605,4242
1689063047202,-245605,4242
1689063047204,-245605,4242
1689063047205,-245605,4242
1689063047206,-245605,4242
1689063047208,-245605,4242
1689063047209,-245605,4242
1689063047213,-245605,4242
1689063047217,-245605,4242
1689063047220,-245605,4242
1689063047223,-245605,4242
1689063047234,-245605,4242
1689063047237,-245605,4242
1689063047239,-245605,4242
1689063047241,-245605,4242
1689063047242,-245605,4242
1689063047244,-245605,4242
1689063047245,-245605,4242
1689063047247,-245605,4242
1689063047249,-245605,4242
1689063047250,-245605,4242
1689063047253,-245605,4242
1689063047255,-245605,4242
1689063047256,-245605,4242
1689063047258,-245605,4242
1689063047259,-245605,4242
1689063047260,-245605,4242
1689063047262,-245605,4242
1689063047263,-245605,4242
1689063047264,-245605,4242
1689063047266,-245605,4242
1689063047269,-245605,4242
1689063047271,-245605,4242
1689063047273,-245605,4242
1689063047274,-245605,4242
1689063047276,-245605,4242
1689063047277,-245605,4242
1689063047279,-245605,4242
1689063047280,-245605,4242
1689063047282,-245605,4242
1689063047285,-245605,4242
1689063047288,-245605,4242
1689063047289,-245605,4242
1689063047290,-245605,4242
1689063047291,-245605,4242
1689063047292,-245605,4242
1689063047293,-245605,4242
1689063047294,-245605,4242
1689063047295,-245605,4242
1689063047296,-245605,4242
1689063047298,-245605,4242
1689063047300,-245605,4242
1689063047302,-245605,4242
1689063047304,-245605,4242
1689063047305,-245605,4242
1689063047307,-245605,4242
1689063047309,-245605,4242
1689063047310,-245605,4242
1689063047311,-245605,4242
1689063047312,-245605,4242
1689063047314,-245605,4242
1689063047315,-245605,4242
1689063047319,-245605,4242
1689063047321,-245605,4242
1689063047323,-245605,4242
1689063047324,-245605,4242
1689063047325,-245605,4242
1689063047327,-245605,4242
1689063047328,-245605,4242
1689063047330,-245605,4242
1689063047331,-245605,4242
1689063047332,-245605,4242
1689063047334,-245605,4242
1689063047337,-245605,4242
1689063047339,-245605,4242
1689063047341,-245605,4242
1689063047342,-245605,4242
1689063047344,-245605,4242
1689063047345,-245605,4242
1689063047347,-245605,4242
1689063047349,-245605,4242
1689063047352,-245605,4242
1689063047354,-245605,4242
1689063047356,-245605,4242
1689063047357,-245605,4242
1689063047359,-245605,4242
1689063047360,-245605,4242
1689063047361,-245605,4242
1689063047365,-245605,4242
1689063047369,-245605,4242
1689063047372,-245605,4242
1689063047374,-245605,4242
1689063047375,-245605,4242
1689063047377,-245605,4242
1689063047379,-245605,4242
1689063047380,-245605,4242
1689063047381,-245605,4242
1689063047383,-245605,4242
1689063047386,-245605,4242
1689063047389,-245605,4242
1689063047392,-245605,4242
1689063047395,-245605,4242
1689063047396,-245605,4242
1689063047397,-245605,4242
1689063047399,-245605,4242
1689063047401,-245605,4242
1689063047403,-245605,4242
1689063047405,-245605,4242
1689063047406,-245605,4242
1689063047407,-245605,4242
1689063047409,-245605,4242
1689063047410,-245605,4242
1689063047411,-245605,4242
1689063047412,-245605,4242
1689063047413,-245605,4242
1689063047414,-245605,4242
1689063047415,-245605,4242
1689063047416,-245605,4242
1689063047419,-245605,4242
1689063047421,-245605,4242
1689063047422,-245605,4242
1689063047423,-245605,4242
1689063047424,-245605,4242
1689063047424,-245605,4242
1689063047425,-245605,4242
1689063047427,-245605,4242
1689063047428,-245605,4242
1689063047429,-245605,4242
1689063047430,-245605,4242
1689063047431,-245605,4242
1689063047434,-245605,4242
1689063047437,-245605,4242
1689063047438,-245605,4242
1689063047440,-245605,4242
1689063047441,-245605,4242
1689063047442,-245605,4242
1689063047443,-245605,4242
1689063047444,-245605,4242
1689063047445,-245605,4242
1689063047446,-245605,4242
1689063047447,-245605,4242
1689063047448,-245605,4242
1689063047451,-245605,4242
1689063047453,-245605,4242
1689063047455,-245605,4242
1689063047457,-245605,4242
1689063047459,-245605,4242
1689063047460,-245605,4242
1689063047461,-245605,4242
1689063047462,-245605,4242
1689063047463,-245605,4242
1689063047464,-245605,4242
1689063047465,-245605,4242
1689063047467,-245605,4242
1689063047469,-245605,4242
1689063047471,-245605,4242
1689063047473,-245605,4242
1689063047474,-245605,4242
1689063047476,-245605,4242
1689063047477,-245605,4242
1689063047479,-245605,4242
1689063047480,-245605,4242
1689063047482,-245605,4242
1689063047483,-245605,4242
1689063047486,-245605,4242
1689063047488,-245605,4242
1689063047489,-245605,4242
1689063047490,-245605,4242
1689063047491,-245605,4242
1689063047492,-245605,4242
1689063047493,-245605,4242
1689063047494,-245605,4242
1689063047495,-245605,4242
1689063047496,-245605,4242
1689063047497,-245605,4242
1689063047499,-245605,4242
1689063047500,-245605,4242
1689063047503,-245605,4242
1689063047505,-245605,4242
1689063047506,-245605,4242
1689063047508,-245605,4242
1689063047509,-245605,4242
1689063047510,-245605,4242
1689063047511,-245605,4242
1689063047513,-245605,4242
1689063047514,-245605,4242
1689063047516,-245605,4242
1689063047520,-245605,4242
1689063047522,-245605,4242
1689063047525,-245605,4242
1689063047529,-245605,4242
1689063047532,-245605,4242
1689063047534,-245605,4242
1689063047538,-245605,4242
1689063047542,-245605,4242
1689063047543,-245605,4242
1689063047545,-245605,4242
1689063047547,-245605,4242
1689063047548,-245605,4242
1689063047549,-245605,4242
1689063047552,-245605,4242
1689063047554,-245605,4242
1689063047555,-245605,4242
1689063047557,-245605,4242
1689063047558,-245605,4242
1689063047559,-251464,4242
1689063047561,-251464,4242
1689063047562,-251464,4242
1689063047563,-251464,4242
1689063047564,-251464,4242
1689063047566,-251464,4242
1689063047569,-251464,4242
1689063047570,-251464,4242
1689063047572,-251464,4242
1689063047574,-251464,4242
1689063047575,-251464,4242
1689063047576,-251464,4242
1689063047578,-251464,4242
1689063047580,-251464,4242
1689063047581,-251464,4242
1689063047582,-251464,4242
1689063047584,-251464,4242
1689063047585,-251464,4242
1689063047587,-251464,4242
1689063047588,-251464,4242
1689063047589,-251464,4242
1689063047590,-251464,4242
1689063047591,-251464,4242
1689063047592,-251464,4242
1689063047593,-251464,4242
1689063047594,-251464,4242
1689063047596,-251464,4242
1689063047597,-251464,4242
1689063047598,-251464,4242
1689063047599,-251464,4242
1689063047600,-251464,4242
1689063047601,-251464,4242
1689063047603,-251464,4242
1689063047604,-251464,4242
1689063047605,-251464,4242
1689063047606,-251464,4242
1689063047607,-251464,4242
1689063047608,-251464,4242
1689063047609,-251464,4242
1689063047610,-251464,4242
1689063047611,-251464,4242
1689063047612,-251464,4242
1689063047613,-251464,4242
1689063047614,-251464,4242
1689063047615,-251464,4242
1689063047616,-251464,4242
1689063047617,-251464,4242
1689063047618,-251464,4242
1689063047619,-251464,4242
1689063047620,-251464,4242
1689063047621,-251464,4242
1689063047622,-251464,4242
1689063047623,-251464,4242
1689063047624,-251464,4242
1689063047625,-251464,4242
1689063047626,-251464,4242
1689063047628,-251464,4242
1689063047629,-251464,4242
1689063047630,-251464,4242
1689063047632,-251464,4242
1689063047633,-251464,4242
1689063047634,-251464,4242
1689063047635,-251464,4242
1689063047637,-251464,4242
1689063047639,-251464,4242
1689063047641,-251464,4242
1689063047642,-251464,4242
1689063047644,-251464,4242
1689063047645,-251464,4242
1689063047646,-251464,4242
1689063047648,-251464,4242
1689063047650,-251464,4242
1689063047652,-251464,4242
1689063047655,-251464,4242
1689063047658,-251464,4242
1689063047660,-251464,4242
1689063047662,-251464,4242
1689063047663,-251464,4242
1689063047665,-251464,4242
1689063047667,-251464,4242
1689063047669,-251464,4242
1689063047670,-251464,4242
1689063047671,-251464,4242
1689063047673,-251464,4242
1689063047674,-251464,4242
1689063047675,-251464,4242
1689063047677,-251464,4242
1689063047678,-251464,4242
1689063047680,-251464,4242
1689063047681,-251464,4242
1689063047682,-251464,4242
1689063047684,-251464,4242
1689063047685,-251464,4242
1689063047686,-251464,4242
1689063047688,-251464,4242
1689063047689,-251464,4242
1689063047690,-251464,4242
1689063047691,-251464,4242
1689063047693,-251464,4242
1689063047694,-251464,4242
1689063047695,-251464,4242
1689063047696,-251464,4242
1689063047697,-251464,4242
1689063047699,-251464,4242
1689063047700,-251464,4242
1689063047701,-251464,4242
1689063047702,-251464,4242
1689063047703,-251464,4242
1689063047704,-251464,4242
1689063047705,-251464,4242
1689063047706,-251464,4242
1689063047708,-251464,4242
1689063047709,-251464,4242
1689063047710,-251464,4242
1689063047712,-251464,4242
1689063047713,-251464,4242
1689063047714,-251464,4242
1689063047715,-251464,4242
1689063047716,-251464,4242
1689063047717,-251464,4242
1689063047718,-251464,4242
1689063047719,-251464,4242
1689063047720,-251464,4242
1689063047721,-251464,4242
1689063047723,-251464,4242
1689063047725,-251464,4242
1689063047726,-251464,4242
1689063047728,-251464,4242
1689063047729,-251464,4242
1689063047730,-251464,4242
1689063047731,-251464,4242
1689063047732,-251464,4242
1689063047733,-251464,4242
1689063047734,-251464,4242
1689063047735,-251464,4242
1689063047735,-251464,4242
1689063047736,-251464,4242
1689063047739,-251464,4242
1689063047740,-251464,4242
1689063047741,-251464,4242
1689063047742,-251464,4242
1689063047743,-251464,4242
1689063047744,-251464,4242
1689063047745,-251464,4242
1689063047746,-251464,4242
1689063047747,-251464,4242
1689063047748,-251464,4242
1689063047749,-251464,4242
1689063047750,-251464,4242
1689063047751,-251464,4242
1689063047752,-251464,4242
1689063047753,-251464,4242
1689063047754,-251464,4242
1689063047755,-251464,4242
1689063047755,-251464,4242
1689063047756,-251464,4242
1689063047758,-251464,4242
1689063047759,-251464,4242
1689063047760,-251464,4242
1689063047761,-251464,4242
1689063047762,-251464,4242
1689063047763,-251464,4242
1689063047764,-251464,4242
1689063047765,-251464,4242
1689063047767,-251464,4242
1689063047769,-251464,4242
1689063047770,-251464,4242
1689063047771,-251464,4242
1689063047773,-251464,4242
1689063047774,-251464,4242
1689063047775,-251464,4242
1689063047776,-251464,4242
1689063047777,-251464,4242
1689063047778,-251464,4242
1689063047779,-251464,4242
1689063047780,-251464,4242
1689063047781,-251464,4242
1689063047782,-251464,4242
1689063047783,-251464,4242
1689063047784,-251464,4242
1689063047785,-251464,4242
1689063047785,-251464,4242
1689063047786,-251464,4242
1689063047788,-251464,4242
1689063047789,-251464,4242
1689063047790,-251464,4242
1689063047791,-251464,4242
1689063047792,-251464,4242
1689063047793,-251464,4242
1689063047794,-251464,4242
1689063047794,-251464,4242
1689063047795,-251464,4242
1689063047796,-251464,4242
1689063047798,-251464,4242
1689063047799,-251464,4242
1689063047800,-251464,4242
1689063047801,-251464,4242
1689063047802,-251464,4242
1689063047802,-251464,4242
1689063047803,-251464,4242
1689063047804,-251464,4242
1689063047805,-251464,4242
1689063047806,-251464,4242
1689063047808,-251464,4242
1689063047809,-251464,4242
1689063047810,-251464,4242
1689063047811,-251464,4242
1689063047812,-251464,4242
1689063047813,-251464,4242
1689063047815,-251464,4242
1689063047816,-251464,4242
1689063047817,-251464,4242
1689063047819,-251464,4242
1689063047820,-251464,4242
1689063047822,-251464,4242
1689063047823,-251464,4242
1689063047824,-251464,4242
1689063047825,-251464,4242
1689063047827,-251464,4242
1689063047828,-251464,4242
1689063047830,-251464,4242
1689063047831,-251464,4242
1689063047833,-251464,4242
1689063047834,-251464,4242
1689063047835,-251464,4242
1689063047837,-251464,4242
1689063047838,-251464,4242
1689063047839,-251464,4242
1689063047841,-251464,4242
1689063047842,-251464,4242
1689063047843,-251464,4242
1689063047845,-251464,4242
1689063047845,-251464,4242
1689063047846,-251464,4242
1689063047848,-251464,4242
1689063047850,-251464,4242
1689063047851,-251464,4242
1689063047853,-251464,4242
1689063047854,-251464,4242
1689063047855,-251464,4242
1689063047857,-251464,4242
1689063047859,-251464,4242
1689063047860,-251464,4242
1689063047862,-251464,4242
1689063047863,-251464,4242
1689063047865,-251464,4242
1689063047866,-251464,4242
1689063047868,-251464,4242
1689063047869,-251464,4242
1689063047871,-251464,4242
1689063047872,-251464,4242
1689063047873,-251464,4242
1689063047875,-251464,4242
1689063047876,-251464,4242
1689063047878,-251464,4242
1689063047879,-251464,4242
1689063047881,-251464,4242
1689063047882,-251464,4242
1689063047883,-251464,4242
1689063047885,-251464,4242
1689063047886,-251464,4242
1689063047888,-251464,4242
1689063047889,-251464,4242
1689063047890,-251464,4242
1689063047891,-251464,4242
1689063047892,-251464,4242
1689063047894,-251464,4242
1689063047895,-251464,4242
1689063047897,-251464,4242
1689063047898,-251464,4242
1689063047900,-251464,4242
1689063047901,-251464,4242
1689063047902,-251464,4242
1689063047903,-251464,4242
1689063047905,-251464,4242
1689063047906,-251464,4242
1689063047907,-251464,4242
1689063047909,-251464,4242
1689063047911,-251464,4242
1689063047912,-251464,4242
1689063047914,-251464,4242
1689063047915,-251464,4242
1689063047917,-251464,4242
1689063047918,-251464,4242
1689063047919,-251464,4242
1689063047921,-251464,4242
1689063047923,-251464,4242
1689063047924,-251464,4242
1689063047926,-251464,4242
1689063047928,-251464,4242
1689063047930,-251464,4242
1689063047931,-251464,4242
1689063047933,-251464,4242
1689063047935,-251464,4242
1689063047936,-251464,4242
1689063047938,-251464,4242
1689063047939,-251464,4242
1689063047941,-251464,4242
1689063047943,-251464,4242
1689063047944,-251464,4242
1689063047946,-251464,4242
1689063047948,-251464,4242
1689063047949,-251464,4242
1689063047951,-251464,4242
1689063047953,-251464,4242
1689063047954,-251464,4242
1689063047956,-251464,4242
1689063047958,-251464,4242
1689063047959,-251464,4242
1689063047961,-251464,4242
1689063047962,-251464,4242
1689063047964,-251464,4242
1689063047966,-251464,4242
1689063047968,-251464,4242
1689063047969,-251464,4242
1689063047970,-251464,4242
1689063047972,-251464,4242
1689063047973,-251464,4242
1689063047974,-251464,4242
1689063047975,-251464,4242
1689063047977,-251464,4242
1689063047979,-251464,4242
1689063047982,-251464,4242
1689063047984,-251464,4242
1689063047986,-251464,4242
1689063047988,-251464,4242
1689063047989,-251464,4242
1689063047991,-251464,4242
1689063047992,-251464,4242
1689063047993,-251464,4242
1689063047995,-251464,4242
1689063047996,-251464,4242
1689063047997,-251464,4242
1689063047999,-251464,4242
1689063048001,-251464,4242
1689063048002,-251464,4242
1689063048004,-251464,4242
1689063048005,-251464,4242
1689063048006,-251464,4242
1689063048008,-251464,4242
1689063048010,-251464,4242
1689063048012,-251464,4242
1689063048013,-251464,4242
1689063048015,-251464,4242
1689063048016,-251464,4242
1689063048019,-251464,4242
1689063048020,-251464,4242
1689063048022,-251464,4242
1689063048023,-251464,4242
1689063048025,-251464,4242
1689063048027,-251464,4242
1689063048029,-251464,4242
1689063048030,-251464,4242
1689063048032,-251464,4242
1689063048033,-251464,4242
1689063048034,-251464,4242
1689063048035,-251464,4242
1689063048036,-251464,4242
1689063048037,-251464,4242
1689063048039,-251464,4242
1689063048040,-251464,4242
1689063048041,-251464,4242
1689063048042,-251464,4242
1689063048043,-251464,4242
1689063048044,-251464,4242
1689063048044,-251464,4242
1689063048046,-251464,4242
1689063048047,-251464,4242
1689063048048,-251464,4242
1689063048049,-251464,4242
1689063048050,-251464,4242
1689063048051,-251464,4242
1689063048052,-251464,4242
1689063048054,-251464,4242
1689063048055,-251464,4242
1689063048057,-251464,4242
1689063048063,-251464,4242
1689063048065,-251464,4242
1689063048067,-251464,4242
1689063048069,-251464,4242
1689063048071,-251464,4242
1689063048072,-251464,4242
1689063048074,-251464,4242
1689063048075,-251464,4242
1689063048078,-251464,4242
1689063048080,-251464,4242
1689063048082,-251464,4242
1689063048084,-251464,4242
1689063048086,-251464,4242
1689063048088,-251464,4242
1689063048090,-251464,4242
1689063048092,-251464,4242
1689063048093,-251464,4242
1689063048095,-251464,4242
1689063048097,-251464,4242
1689063048099,-251464,4242
1689063048101,-251464,4242
1689063048103,-251464,4242
1689063048104,-251464,4242
1689063048106,-251464,4242
1689063048108,-251464,4242
1689063048109,-251464,4242
1689063048110,-251464,4242
1689063048112,-251464,4242
1689063048113,-251464,4242
1689063048114,-251464,4242
1689063048115,-251464,4242
1689063048117,-251464,4242
1689063048119,-251464,4242
1689063048120,-251464,4242
1689063048121,-251464,4242
1689063048123,-251464,4242
1689063048124,-251464,4242
1689063048126,-251464,4242
1689063048128,-251464,4242
1689063048129,-251464,4242
1689063048131,-251464,4242
1689063048132,-251464,4242
1689063048133,-251464,4242
1689063048134,-251464,4242
1689063048136,-251464,4242
1689063048137,-251464,4242
1689063048139,-251464,4242
1689063048140,-251464,4242
1689063048141,-251464,4242
1689063048143,-251464,4242
1689063048144,-251464,4242
1689063048145,-251464,4242
1689063048146,-251464,4242
1689063048148,-251464,4242
1689063048150,-251464,4242
1689063048151,-251464,4242
1689063048151,-251464,4242
1689063048153,-251464,4242
1689063048154,-251464,4242
1689063048155,-251464,4242
1689063048156,-251464,4242
1689063048157,-251464,4242
1689063048158,-251464,4242
1689063048159,-251464,4242
1689063048160,-251464,4242
1689063048161,-251464,4242
1689063048162,-251464,4242
1689063048163,-251464,4242
1689063048165,-251464,4242
1689063048166,-251464,4242
1689063048167,-251464,4242
1689063048168,-251464,4242
1689063048169,-251464,4242
1689063048170,-251464,4242
1689063048172,-251464,4242
1689063048173,-251464,4242
1689063048174,-251464,4242
1689063048175,-251464,4242
1689063048176,-251464,4242
1689063048179,-251464,4242
1689063048180,-251464,4242
1689063048181,-251464,4242
1689063048183,-251464,4242
1689063048184,-251464,4242
1689063048185,-251464,4242
1689063048186,-251464,4242
1689063048187,-251464,4242
1689063048189,-251464,4242
1689063048190,-251464,4242
1689063048191,-251464,4242
1689063048192,-251464,4242
1689063048193,-251464,4242
1689063048193,-251464,4242
1689063048194,-251464,4242
1689063048195,-251464,4242
1689063048196,-251464,4242
1689063048197,-251464,4242
1689063048198,-251464,4242
1689063048200,-251464,4242
1689063048201,-251464,4242
1689063048202,-251464,4242
1689063048202,-251464,4242
1689063048203,-251464,4242
1689063048204,-251464,4242
1689063048205,-251464,4242
1689063048206,-251464,4242
1689063048210,-251464,4242
1689063048212,-251464,4242
1689063048214,-251464,4242
1689063048216,-251464,4242
1689063048217,-251464,4242
1689063048219,-251464,4242
1689063048220,-251464,4242
1689063048221,-251464,4242
1689063048222,-251464,4242
1689063048223,-251464,4242
1689063048224,-251464,4242
1689063048225,-251464,4242
1689063048225,-251464,4242
1689063048226,-251464,4242
1689063048228,-251464,4242
1689063048229,-251464,4242
1689063048230,-251464,4242
1689063048230,-251464,4242
1689063048231,-251464,4242
1689063048232,-251464,4242
1689063048233,-251464,4242
1689063048234,-251464,4242
1689063048235,-251464,4242
1689063048236,-251464,4242
1689063048237,-251464,4242
1689063048238,-251464,4242
1689063048239,-251464,4242
1689063048241,-251464,4242
1689063048241,-251464,4242
1689063048242,-251464,4242
1689063048243,-251464,4242
1689063048244,-251464,4242
1689063048245,-251464,4242
1689063048246,-251464,4242
1689063048247,-251464,4242
1689063048248,-251464,4242
1689063048249,-251464,4242
1689063048250,-251464,4242
1689063048252,-251464,4242
1689063048253,-251464,4242
1689063048254,-251464,4242
1689063048255,-251464,4242
1689063048256,-251464,4242
1689063048257,-251464,4242
1689063048258,-251464,4242
1689063048260,-251464,4242
1689063048261,-251464,4242
1689063048262,-251464,4242
1689063048263,-251464,4242
1689063048265,-251464,4242
1689063048266,-251464,4242
1689063048267,-251464,4242
1689063048269,-251464,4242
1689063048270,-251464,4242
1689063048271,-251464,4242
1689063048272,-251464,4242
1689063048273,-251464,4242
1689063048274,-251464,4242
1689063048276,-251464,4242
1689063048277,-251464,4242
1689063048279,-251464,4242
1689063048280,-251464,4242
1689063048281,-251464,4242
1689063048283,-251464,4242
1689063048284,-251464,4242
1689063048285,-251464,4242
1689063048286,-251464,4242
1689063048287,-251464,4242
1689063048289,-251464,4242
1689063048290,-251464,4242
1689063048292,-251464,4242
1689063048294,-251464,4242
1689063048295,-251464,4242
1689063048298,-251464,4242
1689063048300,-251464,4242
1689063048301,-251464,4242
1689063048303,-251464,4242
1689063048304,-251464,4242
1689063048306,-251464,4242
1689063048307,-251464,4242
1689063048309,-251464,4242
1689063048310,-251464,4242
1689063048311,-251464,4242
1689063048312,-251464,4242
1689063048312,-251464,4242
1689063048314,-251464,4242
1689063048315,-251464,4242
1689063048316,-251464,4242
1689063048317,-251464,4242
1689063048319,-251464,4242
1689063048320,-251464,4242
1689063048321,-251464,4242
1689063048322,-251464,4242
1689063048324,-251464,4242
1689063048325,-251464,4242
1689063048326,-251464,4242
1689063048328,-251464,4242
1689063048329,-251464,4242
1689063048331,-251464,4242
1689063048332,-251464,4242
1689063048334,-251464,4242
1689063048335,-251464,4242
1689063048337,-251464,4242
1689063048338,-251464,4242
1689063048340,-251464,4242
1689063048341,-251464,4242
1689063048343,-251464,4242
1689063048344,-251464,4242
1689063048345,-251464,4242
1689063048347,-251464,4242
1689063048349,-251464,4242
1689063048350,-251464,4242
1689063048352,-251464,4242
1689063048354,-251464,4242
1689063048355,-251464,4242
1689063048357,-251464,4242
1689063048359,-251464,4242
1689063048360,-251464,4242
1689063048362,-251464,4242
1689063048363,-251464,4242
1689063048365,-251464,4242
1689063048366,-251464,4242
1689063048368,-251464,4242
1689063048369,-251464,4242
1689063048371,-251464,4242
1689063048372,-251464,4242
1689063048373,-251464,4242
1689063048374,-251464,4242
1689063048375,-251464,4242
1689063048377,-251464,4242
1689063048378,-251464,4242
1689063048379,-251464,4242
1689063048380,-251464,4242
1689063048381,-251464,4242
1689063048382,-251464,4242
1689063048383,-251464,4242
1689063048384,-251464,4242
1689063048385,-251464,4242
1689063048387,-251464,4242
1689063048388,-251464,4242
1689063048390,-251464,4242
1689063048391,-251464,4242
1689063048392,-251464,4242
1689063048393,-251464,4242
1689063048394,-251464,4242
1689063048395,-251464,4242
1689063048396,-251464,4242
1689063048397,-251464,4242
1689063048399,-251464,4242
1689063048400,-251464,4242
1689063048401,-251464,4242
1689063048402,-251464,4242
1689063048403,-251464,4242
1689063048404,-251464,4242
1689063048405,-251464,4242
1689063048406,-251464,4242
1689063048408,-251464,4242
1689063048409,-251464,4242
1689063048411,-251464,4242
1689063048412,-251464,4242
1689063048413,-251464,4242
1689063048414,-251464,4242
1689063048416,-251464,4242
1689063048418,-251464,4242
1689063048419,-251464,4242
1689063048421,-251464,4242
1689063048422,-251464,4242
1689063048423,-251464,4242
1689063048424,-251464,4242
1689063048426,-251464,4242
1689063048427,-251464,4242
1689063048429,-251464,4242
1689063048430,-251464,4242
1689063048431,-251464,4242
1689063048432,-251464,4242
1689063048433,-251464,4242
1689063048434,-251464,4242
1689063048435,-251464,4242
1689063048436,-251464,4242
1689063048438,-251464,4242
1689063048439,-251464,4242
1689063048440,-251464,4242
1689063048441,-251464,4242
1689063048442,-251464,4242
1689063048443,-251464,4242
1689063048444,-251464,4242
1689063048445,-251464,4242
1689063048447,-251464,4242
1689063048448,-251464,4242
1689063048449,-251464,4242
1689063048450,-251464,4242
1689063048451,-251464,4242
1689063048452,-251464,4242
1689063048453,-251464,4242
1689063048454,-251464,4242
1689063048455,-251464,4242
1689063048456,-251464,4242
1689063048458,-251464,4242
1689063048459,-251464,4242
1689063048460,-251464,4242
1689063048461,-251464,4242
1689063048462,-251464,4242
1689063048463,-251464,4242
1689063048464,-251464,4242
1689063048465,-251464,4242
1689063048466,-251464,4242
1689063048468,-251464,4242
1689063048469,-251464,4242
1689063048470,-251464,4242
1689063048471,-251464,4242
1689063048473,-251464,4242
1689063048474,-251464,4242
1689063048475,-251464,4242
1689063048476,-251464,4242
1689063048478,-251464,4242
1689063048479,-251464,4242
1689063048481,-251464,4242
1689063048482,-251464,4242
1689063048484,-251464,4242
1689063048485,-251464,4242
1689063048487,-251464,4242
1689063048489,-251464,4242
1689063048490,-251464,4242
1689063048491,-251464,4242
1689063048492,-251464,4242
1689063048494,-251464,4242
1689063048495,-251464,4242
1689063048496,-251464,4242
1689063048497,-251464,4242
1689063048499,-251464,4242
1689063048500,-251464,4242
1689063048502,-251464,4242
1689063048503,-251464,4242
1689063048504,-251464,4242
1689063048505,-251464,4242
1689063048508,-251464,4242
1689063048509,-251464,4242
1689063048511,-251464,4242
1689063048512,-251464,4242
1689063048513,-251464,4242
1689063048515,-251464,4242
1689063048517,-251464,4242
1689063048518,-251464,4242
1689063048519,-251464,4242
1689063048521,-251464,4242
1689063048523,-251464,4242
1689063048525,-251464,4242
1689063048527,-251464,4242
1689063048528,-251464,4242
1689063048530,-251464,4242
1689063048531,-251464,4242
1689063048532,-251464,4242
1689063048533,-251464,4242
1689063048534,-251464,4242
1689063048535,-251464,4242
1689063048536,-251464,4242
1689063048537,-251464,4242
1689063048539,-251464,4242
1689063048540,-251464,4242
1689063048541,-251464,4242
1689063048542,-251464,4242
1689063048543,-251464,4242
1689063048544,-251464,4242
1689063048545,-251464,4242
1689063048546,-251464,4242
1689063048548,-251464,4242
1689063048550,-251464,4242
1689063048551,-251464,4242
1689063048552,-251464,4242
1689063048553,-251464,4242
1689063048554,-251464,4242
1689063048555,-251464,4242
1689063048557,-251464,4242
1689063048559,-251464,4242
1689063048560,-251464,4242
1689063048562,-251464,4242
1689063048563,-251464,4242
1689063048565,-251464,4242
1689063048566,-251464,4242
1689063048568,-251464,4242
1689063048569,-251464,4242
1689063048570,-251464,4242
1689063048571,-251464,4242
1689063048572,-251464,4242
1689063048573,-251464,4242
1689063048574,-251464,4242
1689063048575,-251464,4242
1689063048576,-251464,4242
1689063048578,-251464,4242
1689063048579,-251464,4242
1689063048580,-251464,4242
1689063048581,-251464,4242
1689063048582,-251464,4242
1689063048583,-251464,4242
1689063048584,-251464,4242
1689063048585,-251464,4242
1689063048586,-251464,4242
1689063048588,-251464,4242
1689063048589,-251464,4242
1689063048591,-251464,4242
1689063048592,-251464,4242
1689063048593,-251464,4242
1689063048595,-251464,4242
1689063048596,-251464,4242
1689063048598,-251464,4242
1689063048599,-251464,4242
1689063048600,-251464,4242
1689063048601,-251464,4242
1689063048602,-251464,4242
1689063048603,-251464,4242
1689063048604,-251464,4242
1689063048605,-251464,4242
1689063048607,-251464,4242
1689063048609,-251464,4242
1689063048611,-251464,4242
1689063048612,-251464,4242
1689063048613,-251464,4242
1689063048615,-251464,4242
1689063048617,-251464,4242
1689063048618,-251464,4242
1689063048620,-251464,4242
1689063048621,-251464,4242
1689063048623,-251464,4242
1689063048624,-251464,4242
1689063048626,-251464,4242
1689063048627,-251464,4242
1689063048629,-251464,4242
1689063048630,-251464,4242
1689063048632,-251464,4242
1689063048633,-251464,4242
1689063048635,-251464,4242
1689063048636,-251464,4242
1689063048637,-251464,4242
1689063048639,-251464,4242
1689063048640,-251464,4242
1689063048642,-251464,4242
1689063048643,-251464,4242
1689063048644,-251464,4242
1689063048646,-251464,4242
1689063048647,-251464,4242
1689063048649,-251464,4242
1689063048650,-251464,4242
1689063048652,-251464,4242
1689063048653,-251464,4242
1689063048654,-251464,4242
1689063048656,-251464,4242
1689063048657,-251464,4242
1689063048659,-251464,4242
1689063048660,-251464,4242
1689063048661,-251464,4242
1689063048663,-251464,4242
1689063048664,-251464,4242
1689063048665,-251464,4242
1689063048667,-251464,4242
1689063048668,-251464,4242
1689063048670,-251464,4242
1689063048671,-251464,4242
1689063048672,-251464,4242
1689063048674,-251464,4242
1689063048675,-251464,4242
1689063048677,-251464,4242
1689063048678,-251464,4242
1689063048680,-251464,4242
1689063048681,-251464,4242
1689063048683,-251464,4242
1689063048684,-251464,4242
1689063048685,-251464,4242
1689063048687,-251464,4242
1689063048689,-251464,4242
1689063048690,-251464,4242
1689063048692,-251464,4242
1689063048694,-251464,4242
1689063048695,-251464,4242
1689063048697,-251464,4242
1689063048699,-251464,4242
1689063048700,-251464,4242
1689063048701,-251464,4242
1689063048703,-251464,4242
1689063048704,-251464,4242
1689063048705,-251464,4242
1689063048707,-251464,4242
1689063048709,-251464,4242
1689063048710,-251464,4242
1689063048712,-251464,4242
1689063048713,-251464,4242
1689063048715,-251464,4242
1689063048716,-251464,4242
1689063048718,-251464,4242
1689063048719,-251464,4242
1689063048721,-251464,4242
1689063048723,-251464,4242
1689063048725,-251464,4242
1689063048726,-251464,4242
1689063048728,-251464,4242
1689063048730,-251464,4242
1689063048731,-251464,4242
1689063048732,-251464,4242
1689063048734,-251464,4242
1689063048735,-251464,4242
1689063048737,-251464,4242
1689063048738,-251464,4242
1689063048740,-251464,4242
1689063048741,-251464,4242
1689063048743,-251464,4242
1689063048744,-251464,4242
1689063048746,-251464,4242
1689063048747,-251464,4242
1689063048749,-251464,4242
1689063048750,-251464,4242
1689063048752,-251464,4242
1689063048753,-251464,4242
1689063048755,-251464,4242
1689063048756,-251464,4242
1689063048758,-251464,4242
1689063048759,-251464,4242
1689063048761,-251464,4242
1689063048762,-251464,4242
1689063048763,-251464,4242
1689063048764,-251464,4242
1689063048766,-251464,4242
1689063048768,-251464,4242
1689063048769,-251464,4242
1689063048770,-251464,4242
1689063048772,-251464,4242
1689063048773,-251464,4242
1689063048774,-251464,4242
1689063048775,-251464,4242
1689063048776,-251464,4242
1689063048777,-251464,4242
1689063048779,-251464,4242
1689063048780,-251464,4242
1689063048781,-251464,4242
1689063048782,-251464,4242
1689063048783,-251464,4242
1689063048784,-251464,4242
1689063048786,-251464,4242
1689063048787,-251464,4242
1689063048789,-251464,4242
1689063048791,-251464,4242
1689063048793,-251464,4242
1689063048795,-251464,4242
1689063048797,-251464,4242
1689063048799,-251464,4242
1689063048801,-251464,4242
1689063048803,-251464,4242
1689063048805,-251464,4242
1689063048807,-251464,4242
1689063048809,-251464,4242
1689063048811,-251464,4242
1689063048812,-251464,4242
1689063048814,-251464,4242
1689063048815,-251464,4242
1689063048817,-251464,4242
1689063048819,-251464,4242
1689063048821,-251464,4242
1689063048822,-251464,4242
1689063048824,-251464,4242
1689063048826,-251464,4242
1689063048827,-251464,4242
1689063048829,-251464,4242
1689063048831,-251464,4242
1689063048833,-251464,4242
1689063048835,-251464,4242
1689063048836,-251464,4242
1689063048839,-251464,4242
1689063048840,-251464,4242
1689063048842,-251464,4242
1689063048843,-251464,4242
1689063048845,-251464,4242
1689063048846,-251464,4242
1689063048848,-251464,4242
1689063048850,-251464,4242
1689063048851,-251464,4242
1689063048852,-251464,4242
1689063048854,-251464,4242
1689063048855,-251464,4242
1689063048857,-251464,4242
1689063048859,-251464,4242
1689063048860,-251464,4242
1689063048862,-251464,4242
1689063048863,-251464,4242
1689063048865,-251464,4242
1689063048867,-251464,4242
1689063048869,-251464,4242
1689063048871,-251464,4242
1689063048872,-251464,4242
1689063048874,-251464,4242
1689063048876,-251464,4242
1689063048878,-251464,4242
1689063048880,-251464,4242
1689063048882,-251464,4242
1689063048883,-251464,4242
1689063048885,-251464,4242
1689063048887,-251464,4242
1689063048889,-251464,4242
1689063048891,-251464,4242
1689063048893,-251464,4242
1689063048895,-251464,4242
1689063048897,-251464,4242
1689063048899,-251464,4242
1689063048901,-251464,4242
1689063048903,-251464,4242
1689063048905,-251464,4242
1689063048908,-251464,4242
1689063048909,-251464,4242
1689063048911,-251464,4242
1689063048912,-251464,4242
1689063048914,-251464,4242
1689063048915,-251464,4242
1689063048917,-251464,4242
1689063048919,-251464,4242
1689063048920,-251464,4242
1689063048922,-251464,4242
1689063048924,-251464,4242
1689063048926,-251464,4242
1689063048929,-251464,4242
1689063048930,-251464,4242
1689063048934,-251464,4242
1689063048936,-251464,4242
1689063048938,-251464,4242
1689063048939,-251464,4242
1689063048940,-251464,4242
1689063048941,-251464,4242
1689063048942,-251464,4242
1689063048943,-251464,4242
1689063048944,-251464,4242
1689063048945,-251464,4242
1689063048946,-251464,4242
1689063048948,-251464,4242
1689063048949,-251464,4242
1689063048950,-251464,4242
1689063048951,-251464,4242
1689063048952,-251464,4242
1689063048953,-251464,4242
1689063048954,-251464,4242
1689063048955,-251464,4242
1689063048956,-251464,4242
1689063048958,-251464,4242
1689063048959,-251464,4242
1689063048960,-251464,4242
1689063048961,-251464,4242
1689063048962,-251464,4242
1689063048963,-251464,4242
1689063048965,-251464,4242
1689063048966,-251464,4242
1689063048967,-251464,4242
1689063048968,-251464,4242
1689063048970,-251464,4242
1689063048971,-251464,4242
1689063048973,-251464,4242
1689063048974,-251464,4242
1689063048976,-251464,4242
1689063048977,-251464,4242
1689063048979,-251464,4242
1689063048980,-251464,4242
1689063048982,-251464,4242
1689063048983,-251464,4242
1689063048984,-251464,4242
1689063048986,-251464,4242
1689063048988,-251464,4242
1689063048990,-251464,4242
1689063048991,-251464,4242
1689063048993,-251464,4242
1689063048995,-251464,4242
1689063048996,-251464,4242
1689063048999,-251464,4242
1689063049000,-251464,4242
1689063049002,-251464,4242
1689063049004,-251464,4242
1689063049005,-251464,4242
1689063049007,-251464,4242
1689063049009,-251464,4242
1689063049010,-251464,4242
1689063049011,-251464,4242
1689063049012,-251464,4242
1689063049014,-251464,4242
1689063049015,-251464,4242
1689063049017,-251464,4242
1689063049019,-251464,4242
1689063049021,-251464,4242
1689063049022,-251464,4242
1689063049024,-251464,4242
1689063049026,-251464,4242
1689063049027,-251464,4242
1689063049030,-251464,4242
1689063049033,-251464,4242
1689063049035,-251464,4242
1689063049038,-200683,4242
1689063049040,-200683,4242
1689063049043,-200683,4242
1689063049045,-200683,4242
1689063049049,-200683,4242
1689063049051,-200683,4242
1689063049054,-200683,4242
1689063049056,-200683,4242
1689063049059,-200683,4242
1689063049062,-200683,4242
1689063049064,-200683,4242
1689063049067,-200683,4242
1689063049069,-200683,4242
1689063049071,-200683,4242
1689063049073,-200683,4242
1689063049075,-200683,4242
1689063049078,-200683,4242
1689063049081,-200683,4242
1689063049083,-200683,4242
1689063049085,-200683,4242
1689063049087,-200683,4242
1689063049088,-200683,4242
1689063049089,-200683,4242
1689063049091,-200683,4242
1689063049091,-200683,4242
1689063049092,-200683,4242
1689063049093,-200683,4242
1689063049094,-200683,4242
1689063049095,-200683,4242
1689063049096,-200683,4242
1689063049098,-200683,4242
1689063049100,-200683,4242
1689063049101,-200683,4242
1689063049102,-200683,4242
1689063049104,-200683,4242
1689063049105,-200683,4242
1689063049108,-200683,4242
1689063049110,-200683,4242
1689063049111,-200683,4242
1689063049112,-200683,4242
1689063049114,-200683,4242
1689063049115,-200683,4242
1689063049117,-200683,4242
1689063049118,-200683,4242
1689063049120,-200683,4242
1689063049121,-200683,4242
1689063049124,-200683,4242
1689063049125,-200683,4242
1689063049127,-200683,4242
1689063049129,-200683,4242
1689063049131,-200683,4242
1689063049133,-200683,4242
1689063049134,-200683,4242
1689063049136,-200683,4242
1689063049138,-200683,4242
1689063049139,-200683,4242
1689063049140,-200683,4242
1689063049142,-200683,4242
1689063049143,-200683,4242
1689063049144,-200683,4242
1689063049145,-200683,4242
1689063049147,-200683,4242
1689063049148,-200683,4242
1689063049150,-200683,4242
1689063049151,-200683,4242
1689063049152,-200683,4242
1689063049153,-200683,4242
1689063049154,-200683,4242
1689063049155,-200683,4242
1689063049156,-200683,4242
1689063049157,-200683,4242
1689063049158,-200683,4242
1689063049159,-200683,4242
1689063049161,-200683,4242
1689063049162,-200683,4242
1689063049163,-200683,4242
1689063049164,-200683,4242
1689063049165,-200683,4242
1689063049166,-200683,4242
1689063049169,-200683,4242
1689063049170,-200683,4242
1689063049171,-200683,4242
1689063049172,-200683,4242
1689063049173,-200683,4242
1689063049174,-200683,4242
1689063049175,-200683,4242
1689063049176,-200683,4242
1689063049177,-200683,4242
1689063049178,-200683,4242
1689063049179,-200683,4242
1689063049181,-200683,4242
1689063049182,-200683,4242
1689063049183,-200683,4242
1689063049184,-200683,4242
1689063049185,-200683,4242
1689063049186,-200683,4242
1689063049187,-200683,4242
1689063049189,-200683,4242
1689063049190,-200683,4242
1689063049191,-200683,4242
1689063049192,-200683,4242
1689063049193,-200683,4242
1689063049194,-200683,4242
1689063049194,-200683,4242
1689063049195,-200683,4242
1689063049196,-200683,4242
1689063049198,-200683,4242
1689063049199,-200683,4242
1689063049200,-200683,4242
1689063049201,-200683,4242
1689063049202,-200683,4242
1689063049203,-200683,4242
1689063049204,-200683,4242
1689063049204,-200683,4242
1689063049205,-200683,4242
1689063049206,-200683,4242
1689063049207,-200683,4242
1689063049208,-200683,4242
1689063049210,-200683,4242
1689063049211,-200683,4242
1689063049212,-200683,4242
1689063049213,-200683,4242
1689063049214,-200683,4242
1689063049215,-200683,4242
1689063049217,-200683,4242
1689063049218,-200683,4242
1689063049219,-200683,4242
1689063049221,-200683,4242
1689063049222,-200683,4242
1689063049224,-200683,4242
1689063049225,-200683,4242
1689063049226,-200683,4242
1689063049229,-200683,4242
1689063049231,-200683,4242
1689063049234,-200683,4242
1689063049236,-200683,4242
1689063049238,-200683,4242
1689063049240,-200683,4242
1689063049242,-200683,4242
1689063049243,-200683,4242
1689063049244,-200683,4242
1689063049245,-200683,4242
1689063049246,-200683,4242
1689063049248,-200683,4242
1689063049249,-200683,4242
1689063049250,-200683,4242
1689063049251,-200683,4242
1689063049252,-200683,4242
1689063049254,-200683,4242
1689063049255,-200683,4242
1689063049256,-200683,4242
1689063049257,-200683,4242
1689063049258,-200683,4242
1689063049259,-200683,4242
1689063049260,-200683,4242
1689063049261,-200683,4242
1689063049262,-200683,4242
1689063049263,-200683,4242
1689063049264,-200683,4242
1689063049265,-200683,4242
1689063049266,-200683,4242
1689063049268,-200683,4242
1689063049269,-200683,4242
1689063049270,-200683,4242
1689063049271,-200683,4242
1689063049272,-200683,4242
1689063049273,-200683,4242
1689063049274,-200683,4242
1689063049275,-200683,4242
1689063049275,-200683,4242
1689063049276,-200683,4242
1689063049278,-200683,4242
1689063049279,-200683,4242
1689063049280,-200683,4242
1689063049281,-200683,4242
1689063049282,-200683,4242
1689063049283,-200683,4242
1689063049284,-200683,4242
1689063049285,-200683,4242
1689063049286,-200683,4242
1689063049288,-200683,4242
1689063049290,-200683,4242
1689063049291,-200683,4242
1689063049292,-200683,4242
1689063049293,-200683,4242
1689063049294,-200683,4242
1689063049296,-200683,4242
1689063049297,-200683,4242
1689063049298,-200683,4242
1689063049300,-200683,4242
1689063049301,-200683,4242
1689063049302,-200683,4242
1689063049303,-200683,4242
1689063049305,-200683,4242
1689063049306,-200683,4242
1689063049308,-200683,4242
1689063049309,-200683,4242
1689063049311,-200683,4242
1689063049312,-200683,4242
1689063049313,-200683,4242
1689063049314,-200683,4242
1689063049315,-200683,4242
1689063049316,-200683,4242
1689063049319,-200683,4242
1689063049321,-200683,4242
1689063049322,-200683,4242
1689063049323,-200683,4242
1689063049325,-200683,4242
1689063049326,-200683,4242
1689063049328,-200683,4242
1689063049330,-200683,4242
1689063049331,-200683,4242
1689063049333,-200683,4242
1689063049337,-200683,4242
1689063049339,-200683,4242
1689063049340,-200683,4242
1689063049341,-200683,4242
1689063049342,-200683,4242
1689063049343,-200683,4242
1689063049344,-200683,4242
1689063049345,-200683,4242
1689063049346,-200683,4242
1689063049349,-200683,4242
1689063049350,-200683,4242
1689063049352,-200683,4242
1689063049353,-200683,4242
1689063049355,-200683,4242
1689063049356,-200683,4242
1689063049357,-200683,4242
1689063049358,-200683,4242
1689063049359,-200683,4242
1689063049360,-200683,4242
1689063049362,-200683,4242
1689063049363,-200683,4242
1689063049364,-200683,4242
1689063049365,-200683,4242
1689063049366,-200683,4242
1689063049367,-200683,4242
1689063049368,-200683,4242
1689063049369,-200683,4242
1689063049370,-200683,4242
1689063049371,-200683,4242
1689063049373,-200683,4242
1689063049374,-200683,4242
1689063049375,-200683,4242
1689063049376,-200683,4242
1689063049377,-200683,4242
1689063049379,-200683,4242
1689063049380,-200683,4242
1689063049381,-200683,4242
1689063049382,-200683,4242
1689063049383,-200683,4242
1689063049384,-200683,4242
1689063049385,-200683,4242
1689063049386,-200683,4242
1689063049388,-200683,4242
1689063049389,-200683,4242
1689063049390,-200683,4242
1689063049391,-200683,4242
1689063049392,-200683,4242
1689063049394,-200683,4242
1689063049395,-200683,4242
1689063049396,-200683,4242
1689063049397,-200683,4242
1689063049398,-200683,4242
1689063049399,-200683,4242
1689063049400,-200683,4242
1689063049401,-200683,4242
1689063049402,-200683,4242
1689063049403,-200683,4242
1689063049404,-200683,4242
1689063049404,-200683,4242
1689063049405,-200683,4242
1689063049406,-200683,4242
1689063049408,-200683,4242
1689063049409,-200683,4242
1689063049410,-200683,4242
1689063049411,-200683,4242
1689063049412,-200683,4242
1689063049412,-200683,4242
1689063049413,-200683,4242
1689063049414,-200683,4242
1689063049415,-200683,4242
1689063049416,-200683,4242
1689063049418,-200683,4242
1689063049419,-200683,4242
1689063049419,-200683,4242
1689063049420,-200683,4242
1689063049421,-200683,4242
1689063049422,-200683,4242
1689063049423,-200683,4242
1689063049424,-200683,4242
1689063049425,-200683,4242
1689063049426,-200683,4242
1689063049427,-200683,4242
1689063049428,-200683,4242
1689063049429,-200683,4242
1689063049430,-200683,4242
1689063049431,-200683,4242
1689063049432,-200683,4242
1689063049433,-200683,4242
1689063049434,-200683,4242
1689063049435,-200683,4242
1689063049435,-200683,4242
1689063049436,-200683,4242
1689063049438,-200683,4242
1689063049439,-200683,4242
1689063049440,-200683,4242
1689063049441,-200683,4242
1689063049442,-200683,4242
1689063049443,-200683,4242
1689063049443,-200683,4242
1689063049444,-200683,4242
1689063049445,-200683,4242
1689063049446,-200683,4242
1689063049447,-200683,4242
1689063049448,-200683,4242
1689063049449,-200683,4242
1689063049450,-200683,4242
1689063049451,-200683,4242
1689063049452,-200683,4242
1689063049453,-200683,4242
1689063049454,-200683,4242
1689063049454,-200683,4242
1689063049455,-200683,4242
1689063049456,-200683,4242
1689063049457,-200683,4242
1689063049458,-200683,4242
1689063049459,-200683,4242
1689063049460,-200683,4242
1689063049461,-200683,4242
1689063049462,-200683,4242
1689063049463,-200683,4242
1689063049464,-200683,4242
1689063049464,-200683,4242
1689063049466,-200683,4242
1689063049468,-200683,4242
1689063049470,-200683,4242
1689063049472,-200683,4242
1689063049473,-200683,4242
1689063049475,-200683,4242
1689063049477,-200683,4242
1689063049479,-200683,4242
1689063049480,-200683,4242
1689063049482,-200683,4242
1689063049483,-200683,4242
1689063049485,-200683,4242
1689063049486,-200683,4242
1689063049487,-200683,4242
1689063049489,-200683,4242
1689063049490,-200683,4242
1689063049492,-200683,4242
1689063049493,-200683,4242
1689063049495,-200683,4242
1689063049497,-200683,4242
1689063049499,-200683,4242
1689063049500,-200683,4242
1689063049502,-200683,4242
1689063049503,-200683,4242
1689063049505,-200683,4242
1689063049507,-200683,4242
1689063049508,-200683,4242
1689063049510,-200683,4242
1689063049511,-200683,4242
1689063049512,-200683,4242
1689063049513,-200683,4242
1689063049515,-200683,4242
1689063049516,-200683,4242
1689063049517,-200683,4242
1689063049519,-200683,4242
1689063049520,-200683,4242
1689063049521,-200683,4242
1689063049524,-200683,4242
1689063049525,-200683,4242
1689063049528,-200683,4242
1689063049529,-200683,4242
1689063049530,-200683,4242
1689063049532,-200683,4242
1689063049533,-200683,4242
1689063049534,-200683,4242
1689063049535,-200683,4242
1689063049537,-200683,4242
1689063049538,-200683,4242
1689063049540,-200683,4242
1689063049541,-200683,4242
1689063049542,-200683,4242
1689063049544,-200683,4242
1689063049545,-200683,4242
1689063049546,-200683,4242
1689063049548,-200683,4242
1689063049549,-200683,4242
1689063049550,-200683,4242
1689063049551,-200683,4242
1689063049552,-200683,4242
1689063049553,-200683,4242
1689063049554,-200683,4242
1689063049555,-200683,4242
1689063049557,-200683,4242
1689063049558,-200683,4242
1689063049559,-200683,4242
1689063049560,-200683,4242
1689063049561,-200683,4242
1689063049562,-200683,4242
1689063049563,-200683,4242
1689063049565,-200683,4242
1689063049566,-200683,4242
1689063049567,-200683,4242
1689063049568,-200683,4242
1689063049570,-200683,4242
1689063049571,-200683,4242
1689063049573,-200683,4242
1689063049574,-200683,4242
1689063049575,-200683,4242
1689063049577,-200683,4242
1689063049578,-200683,4242
1689063049580,-200683,4242
1689063049581,-200683,4242
1689063049583,-200683,4242
1689063049584,-200683,4242
1689063049586,-200683,4242
1689063049588,-200683,4242
1689063049589,-200683,4242
1689063049591,-200683,4242
1689063049593,-200683,4242
1689063049594,-200683,4242
1689063049596,-200683,4242
1689063049598,-200683,4242
1689063049599,-200683,4242
1689063049601,-200683,4242
1689063049602,-200683,4242
1689063049604,-200683,4242
1689063049606,-200683,4242
1689063049608,-200683,4242
1689063049609,-200683,4242
1689063049612,-200683,4242
1689063049614,-200683,4242
1689063049616,-200683,4242
1689063049618,-200683,4242
1689063049620,-200683,4242
1689063049621,-200683,4242
1689063049623,-200683,4242
1689063049625,-200683,4242
1689063049626,-200683,4242
1689063049629,-200683,4242
1689063049631,-200683,4242
1689063049633,-200683,4242
1689063049634,-200683,4242
1689063049636,-200683,4242
1689063049638,-200683,4242
1689063049639,-200683,4242
1689063049641,-200683,4242
1689063049643,-200683,4242
1689063049644,-200683,4242
1689063049646,-200683,4242
1689063049647,-200683,4242
1689063049649,-200683,4242
1689063049650,-200683,4242
1689063049651,-200683,4242
1689063049652,-200683,4242
1689063049653,-200683,4242
1689063049654,-200683,4242
1689063049655,-200683,4242
1689063049656,-200683,4242
1689063049657,-200683,4242
1689063049659,-200683,4242
1689063049660,-200683,4242
1689063049661,-200683,4242
1689063049662,-200683,4242
1689063049663,-200683,4242
1689063049664,-200683,4242
1689063049665,-200683,4242
1689063049666,-200683,4242
1689063049668,-200683,4242
1689063049669,-200683,4242
1689063049670,-200683,4242
1689063049671,-200683,4242
1689063049672,-200683,4242
1689063049673,-200683,4242
1689063049674,-200683,4242
1689063049675,-200683,4242
1689063049676,-200683,4242
1689063049678,-200683,4242
1689063049679,-200683,4242
1689063049681,-200683,4242
1689063049682,-200683,4242
1689063049683,-200683,4242
1689063049684,-200683,4242
1689063049685,-200683,4242
1689063049686,-200683,4242
1689063049688,-200683,4242
1689063049689,-200683,4242
1689063049690,-200683,4242
1689063049692,-200683,4242
1689063049693,-200683,4242
1689063049695,-200683,4242
1689063049696,-200683,4242
1689063049698,-200683,4242
1689063049700,-200683,4242
1689063049701,-200683,4242
1689063049703,-200683,4242
1689063049704,-200683,4242
1689063049706,-200683,4242
1689063049708,-200683,4242
1689063049709,-200683,4242
1689063049710,-200683,4242
1689063049712,-200683,4242
1689063049715,-200683,4242
1689063049716,-200683,4242
1689063049718,-200683,4242
1689063049719,-200683,4242
1689063049720,-200683,4242
1689063049722,-200683,4242
1689063049724,-200683,4242
1689063049726,-200683,4242
1689063049727,-200683,4242
1689063049729,-200683,4242
1689063049731,-200683,4242
1689063049732,-200683,4242
1689063049734,-200683,4242
1689063049735,-200683,4242
1689063049736,-200683,4242
1689063049738,-200683,4242
1689063049739,-200683,4242
1689063049740,-200683,4242
1689063049742,-200683,4242
1689063049743,-200683,4242
1689063049744,-200683,4242
1689063049745,-200683,4242
1689063049746,-200683,4242
1689063049747,-200683,4242
1689063049748,-200683,4242
1689063049750,-200683,4242
1689063049751,-200683,4242
1689063049753,-200683,4242
1689063049754,-200683,4242
1689063049756,-200683,4242
1689063049757,-200683,4242
1689063049759,-200683,4242
1689063049760,-200683,4242
1689063049762,-200683,4242
1689063049764,-200683,4242
1689063049765,-200683,4242
1689063049767,-200683,4242
1689063049768,-200683,4242
1689063049769,-200683,4242
1689063049771,-200683,4242
1689063049772,-200683,4242
1689063049773,-200683,4242
1689063049774,-200683,4242
1689063049775,-200683,4242
1689063049776,-200683,4242
1689063049778,-200683,4242
1689063049779,-200683,4242
1689063049780,-200683,4242
1689063049781,-200683,4242
1689063049782,-200683,4242
1689063049783,-200683,4242
1689063049784,-200683,4242
1689063049785,-200683,4242
1689063049786,-200683,4242
1689063049788,-200683,4242
1689063049789,-200683,4242
1689063049790,-200683,4242
1689063049791,-200683,4242
1689063049792,-200683,4242
1689063049793,-200683,4242
1689063049794,-200683,4242
1689063049795,-200683,4242
1689063049797,-200683,4242
1689063049798,-200683,4242
1689063049800,-200683,4242
1689063049801,-200683,4242
1689063049802,-200683,4242
1689063049803,-200683,4242
1689063049804,-200683,4242
1689063049805,-200683,4242
1689063049806,-200683,4242
1689063049807,-200683,4242
1689063049809,-200683,4242
1689063049810,-200683,4242
1689063049811,-200683,4242
1689063049812,-200683,4242
1689063049813,-200683,4242
1689063049815,-200683,4242
1689063049815,-200683,4242
1689063049817,-200683,4242
1689063049818,-200683,4242
1689063049819,-200683,4242
1689063049821,-200683,4242
1689063049822,-200683,4242
1689063049823,-200683,4242
1689063049824,-200683,4242
1689063049825,-200683,4242
1689063049826,-200683,4242
1689063049829,-200683,4242
1689063049830,-200683,4242
1689063049831,-200683,4242
1689063049833,-200683,4242
1689063049834,-200683,4242
1689063049835,-200683,4242
1689063049837,-200683,4242
1689063049838,-200683,4242
1689063049840,-200683,4242
1689063049841,-200683,4242
1689063049842,-200683,4242
1689063049844,-200683,4242
1689063049845,-200683,4242
1689063049846,-200683,4242
1689063049848,-200683,4242
1689063049849,-200683,4242
1689063049851,-200683,4242
1689063049852,-200683,4242
1689063049853,-200683,4242
1689063049854,-200683,4242
1689063049855,-200683,4242
1689063049857,-200683,4242
1689063049859,-200683,4242
1689063049860,-200683,4242
1689063049861,-200683,4242
1689063049862,-200683,4242
1689063049864,-200683,4242
1689063049865,-200683,4242
1689063049866,-200683,4242
1689063049868,-200683,4242
1689063049870,-200683,4242
1689063049871,-200683,4242
1689063049873,-200683,4242
1689063049874,-200683,4242
1689063049875,-200683,4242
1689063049877,-200683,4242
1689063049878,-200683,4242
1689063049879,-200683,4242
1689063049880,-200683,4242
1689063049881,-200683,4242
1689063049882,-200683,4242
1689063049883,-200683,4242
1689063049884,-200683,4242
1689063049885,-200683,4242
1689063049886,-200683,4242
1689063049888,-200683,4242
1689063049889,-200683,4242
1689063049890,-200683,4242
1689063049891,-200683,4242
1689063049892,-200683,4242
1689063049893,-200683,4242
1689063049894,-200683,4242
1689063049895,-200683,4242
1689063049897,-200683,4242
1689063049898,-200683,4242
1689063049899,-200683,4242
1689063049900,-200683,4242
1689063049901,-200683,4242
1689063049902,-200683,4242
1689063049903,-200683,4242
1689063049904,-200683,4242
1689063049905,-200683,4242
1689063049906,-200683,4242
1689063049908,-200683,4242
1689063049909,-200683,4242
1689063049911,-200683,4242
1689063049912,-200683,4242
1689063049914,-200683,4242
1689063049915,-200683,4242
1689063049917,-200683,4242
1689063049919,-200683,4242
1689063049920,-200683,4242
1689063049921,-200683,4242
1689063049923,-200683,4242
1689063049925,-200683,4242
1689063049927,-200683,4242
1689063049929,-200683,4242
1689063049931,-200683,4242
1689063049932,-200683,4242
1689063049934,-200683,4242
1689063049936,-200683,4242
1689063049938,-200683,4242
1689063049940,-200683,4242
1689063049941,-200683,4242
1689063049943,-200683,4242
1689063049944,-200683,4242
1689063049946,-200683,4242
1689063049948,-200683,4242
1689063049950,-200683,4242
1689063049951,-200683,4242
1689063049952,-200683,4242
1689063049953,-200683,4242
1689063049955,-200683,4242
1689063049956,-200683,4242
1689063049958,-200683,4242
1689063049959,-200683,4242
1689063049961,-200683,4242
1689063049962,-200683,4242
1689063049963,-200683,4242
1689063049964,-200683,4242
1689063049966,-200683,4242
1689063049967,-200683,4242
1689063049969,-200683,4242
1689063049970,-200683,4242
1689063049971,-200683,4242
1689063049972,-200683,4242
1689063049973,-200683,4242
1689063049974,-200683,4242
1689063049975,-200683,4242
1689063049976,-200683,4242
1689063049978,-200683,4242
1689063049979,-200683,4242
1689063049980,-200683,4242
1689063049981,-200683,4242
1689063049982,-200683,4242
1689063049983,-200683,4242
1689063049984,-200683,4242
1689063049985,-200683,4242
1689063049987,-200683,4242
1689063049988,-200683,4242
1689063049989,-200683,4242
1689063049990,-200683,4242
1689063049991,-200683,4242
1689063049992,-200683,4242
1689063049993,-200683,4242
1689063049994,-200683,4242
1689063049995,-200683,4242
1689063049998,-200683,4242
1689063049999,-200683,4242
1689063050000,-200683,4242
1689063050001,-200683,4242
1689063050002,-200683,4242
1689063050004,-200683,4242
1689063050009,-200683,4242
1689063050011,-200683,4242
1689063050012,-200683,4242
1689063050014,-200683,4242
1689063050015,-200683,4242
1689063050016,-200683,4242
1689063050017,-200683,4242
1689063050019,-200683,4242
1689063050020,-200683,4242
1689063050021,-200683,4242
1689063050023,-200683,4242
1689063050024,-200683,4242
1689063050025,-200683,4242
1689063050026,-200683,4242
1689063050027,-200683,4242
1689063050028,-200683,4242
1689063050029,-200683,4242
1689063050030,-200683,4242
1689063050031,-200683,4242
1689063050032,-200683,4242
1689063050033,-200683,4242
1689063050034,-200683,4242
1689063050034,-200683,4242
1689063050035,-200683,4242
1689063050036,-200683,4242
1689063050038,-200683,4242
1689063050039,-200683,4242
1689063050040,-200683,4242
1689063050041,-200683,4242
1689063050042,-200683,4242
1689063050043,-200683,4242
1689063050044,-200683,4242
1689063050045,-200683,4242
1689063050045,-200683,4242
1689063050046,-200683,4242
1689063050048,-200683,4242
1689063050049,-200683,4242
1689063050050,-200683,4242
1689063050051,-200683,4242
1689063050052,-200683,4242
1689063050053,-200683,4242
1689063050054,-200683,4242
1689063050054,-200683,4242
1689063050055,-200683,4242
1689063050056,-200683,4242
1689063050057,-200683,4242
1689063050058,-200683,4242
1689063050059,-200683,4242
1689063050060,-200683,4242
1689063050061,-200683,4242
1689063050062,-200683,4242
1689063050063,-200683,4242
1689063050064,-200683,4242
1689063050065,-200683,4242
1689063050066,-200683,4242
1689063050068,-200683,4242
1689063050069,-200683,4242
1689063050070,-200683,4242
1689063050070,-200683,4242
1689063050071,-200683,4242
1689063050072,-200683,4242
1689063050073,-200683,4242
1689063050074,-200683,4242
1689063050075,-200683,4242
1689063050076,-200683,4242
1689063050077,-200683,4242
1689063050078,-200683,4242
1689063050079,-200683,4242
1689063050081,-200683,4242
1689063050082,-200683,4242
1689063050083,-200683,4242
1689063050084,-200683,4242
1689063050085,-200683,4242
1689063050087,-200683,4242
1689063050088,-200683,4242
1689063050089,-200683,4242
1689063050090,-200683,4242
1689063050091,-200683,4242
1689063050092,-200683,4242
1689063050092,-200683,4242
1689063050093,-200683,4242
1689063050094,-200683,4242
1689063050095,-200683,4242
1689063050096,-200683,4242
1689063050098,-200683,4242
1689063050099,-200683,4242
1689063050100,-200683,4242
1689063050101,-200683,4242
1689063050102,-200683,4242
1689063050102,-200683,4242
1689063050103,-200683,4242
1689063050104,-200683,4242
1689063050105,-200683,4242
1689063050106,-200683,4242
1689063050107,-200683,4242
1689063050109,-200683,4242
1689063050109,-200683,4242
1689063050110,-200683,4242
1689063050111,-200683,4242
1689063050112,-200683,4242
1689063050113,-200683,4242
1689063050114,-200683,4242
1689063050115,-200683,4242
1689063050116,-200683,4242
1689063050117,-200683,4242
1689063050118,-200683,4242
1689063050119,-200683,4242
1689063050120,-200683,4242
1689063050121,-200683,4242
1689063050122,-200683,4242
1689063050124,-200683,4242
1689063050125,-200683,4242
1689063050126,-200683,4242
1689063050128,-200683,4242
1689063050131,-200683,4242
1689063050133,-200683,4242
1689063050136,-200683,4242
1689063050138,-200683,4242
1689063050140,-200683,4242
1689063050142,-200683,4242
1689063050143,-200683,4242
1689063050145,-200683,4242
1689063050146,-200683,4242
1689063050148,-200683,4242
1689063050150,-200683,4242
1689063050151,-200683,4242
1689063050153,-200683,4242
1689063050155,-200683,4242
1689063050157,-200683,4242
1689063050160,-200683,4242
1689063050161,-200683,4242
1689063050163,-200683,4242
1689063050164,-200683,4242
1689063050166,-200683,4242
1689063050168,-200683,4242
1689063050170,-200683,4242
1689063050171,-200683,4242
1689063050173,-200683,4242
1689063050174,-200683,4242
1689063050175,-200683,4242
1689063050176,-200683,4242
1689063050177,-200683,4242
1689063050178,-200683,4242
1689063050179,-200683,4242
1689063050181,-200683,4242
1689063050182,-200683,4242
1689063050183,-200683,4242
1689063050184,-200683,4242
1689063050186,-200683,4242
1689063050188,-200683,4242
1689063050189,-200683,4242
1689063050190,-200683,4242
1689063050191,-200683,4242
1689063050192,-200683,4242
1689063050193,-200683,4242
1689063050194,-200683,4242
1689063050198,-200683,4242
1689063050200,-200683,4242
1689063050202,-200683,4242
1689063050203,-200683,4242
1689063050205,-200683,4242
1689063050207,-200683,4242
1689063050209,-200683,4242
1689063050210,-200683,4242
1689063050212,-200683,4242
1689063050213,-200683,4242
1689063050214,-200683,4242
1689063050216,-200683,4242
1689063050217,-200683,4242
1689063050218,-200683,4242
1689063050220,-200683,4242
1689063050221,-200683,4242
1689063050223,-200683,4242
1689063050225,-200683,4242
1689063050226,-200683,4242
1689063050229,-200683,4242
1689063050230,-200683,4242
1689063050232,-200683,4242
1689063050233,-200683,4242
1689063050234,-200683,4242
1689063050234,-200683,4242
1689063050235,-200683,4242
1689063050236,-200683,4242
1689063050238,-200683,4242
1689063050239,-200683,4242
1689063050240,-200683,4242
1689063050241,-200683,4242
1689063050242,-200683,4242
1689063050243,-200683,4242
1689063050244,-200683,4242
1689063050245,-200683,4242
1689063050246,-200683,4242
1689063050247,-200683,4242
1689063050249,-200683,4242
1689063050250,-200683,4242
1689063050254,-200683,4242
1689063050256,-200683,4242
1689063050258,-200683,4242
1689063050260,-200683,4242
1689063050261,-200683,4242
1689063050262,-200683,4242
1689063050263,-200683,4242
1689063050263,-200683,4242
1689063050264,-200683,4242
1689063050265,-200683,4242
1689063050266,-200683,4242
1689063050268,-200683,4242
1689063050269,-200683,4242
1689063050270,-200683,4242
1689063050271,-200683,4242
1689063050272,-200683,4242
1689063050272,-200683,4242
1689063050273,-200683,4242
1689063050274,-200683,4242
1689063050275,-200683,4242
1689063050276,-200683,4242
1689063050277,-200683,4242
1689063050278,-200683,4242
1689063050279,-200683,4242
1689063050280,-200683,4242
1689063050281,-200683,4242
1689063050283,-200683,4242
1689063050288,-200683,4242
1689063050291,-200683,4242
1689063050293,-200683,4242
1689063050294,-200683,4242
1689063050296,-200683,4242
1689063050297,-200683,4242
1689063050299,-200683,4242
1689063050300,-200683,4242
1689063050302,-200683,4242
1689063050303,-200683,4242
1689063050305,-200683,4242
1689063050306,-200683,4242
1689063050309,-200683,4242
1689063050310,-200683,4242
1689063050312,-200683,4242
1689063050313,-200683,4242
1689063050314,-200683,4242
1689063050316,-200683,4242
1689063050317,-200683,4242
1689063050319,-200683,4242
1689063050320,-200683,4242
1689063050321,-200683,4242
1689063050324,-200683,4242
1689063050326,-200683,4242
1689063050328,-200683,4242
