Timestamp,BATTERY_PROPERTY_CURRENT_NOW,EXTRA_VOLTAGE
1689018198204,-367675,4267
1689018198206,-367675,4267
1689018198207,-367675,4267
1689018198208,-367675,4267
1689018198209,-367675,4267
1689018198211,-367675,4267
1689018198212,-367675,4267
1689018198214,-367675,4267
1689018198216,-367675,4267
1689018198218,-367675,4267
1689018198221,-367675,4267
1689018198223,-367675,4267
1689018198225,-367675,4267
1689018198229,-367675,4267
1689018198232,-367675,4267
1689018198235,-367675,4267
1689018198239,-367675,4267
1689018198241,-367675,4267
1689018198243,-367675,4267
1689018198245,-367675,4267
1689018198247,-367675,4267
1689018198249,-367675,4267
1689018198251,-367675,4267
1689018198254,-367675,4267
1689018198256,-367675,4267
1689018198258,-367675,4267
1689018198260,-367675,4267
1689018198261,-367675,4267
1689018198263,-367675,4267
1689018198265,-367675,4267
1689018198267,-367675,4267
1689018198268,-367675,4267
1689018198271,-367675,4267
1689018198273,-367675,4267
1689018198275,-367675,4267
1689018198277,-367675,4267
1689018198278,-367675,4267
1689018198279,-367675,4267
1689018198281,-367675,4267
1689018198283,-367675,4267
1689018198285,-367675,4267
1689018198290,-367675,4267
1689018198292,-367675,4267
1689018198295,-367675,4267
1689018198297,-367675,4267
1689018198299,-367675,4267
1689018198302,-367675,4267
1689018198304,-367675,4267
1689018198307,-367675,4267
1689018198309,-367675,4267
1689018198311,-367675,4267
1689018198312,-367675,4267
1689018198314,-367675,4267
1689018198316,-367675,4267
1689018198318,-367675,4267
1689018198319,-367675,4267
1689018198321,-367675,4267
1689018198323,-367675,4267
1689018198325,-367675,4267
1689018198327,-367675,4267
1689018198329,-367675,4267
1689018198330,-367675,4267
1689018198332,-367675,4267
1689018198333,-367675,4267
1689018198335,-367675,4267
1689018198336,-367675,4267
1689018198338,-367675,4267
1689018198340,-367675,4267
1689018198343,-367675,4267
1689018198345,-367675,4267
1689018198347,-367675,4267
1689018198348,-367675,4267
1689018198350,-367675,4267
1689018198351,-367675,4267
1689018198353,-367675,4267
1689018198354,-367675,4267
1689018198356,-367675,4267
1689018198358,-367675,4267
1689018198361,-367675,4267
1689018198363,-367675,4267
1689018198365,-367675,4267
1689018198366,-367675,4267
1689018198367,-367675,4267
1689018198369,-367675,4267
1689018198371,-367675,4267
1689018198373,-367675,4267
1689018198375,-367675,4267
1689018198377,-367675,4267
1689018198380,-367675,4267
1689018198382,-367675,4267
1689018198384,-367675,4267
1689018198386,-367675,4267
1689018198388,-367675,4267
1689018198390,-367675,4267
1689018198392,-367675,4267
1689018198395,-367675,4267
1689018198397,-367675,4267
1689018198399,-367675,4267
1689018198401,-367675,4267
1689018198403,-367675,4267
1689018198405,-367675,4267
1689018198406,-367675,4267
1689018198408,-367675,4267
1689018198412,-367675,4267
1689018198415,-367675,4267
1689018198417,-367675,4267
1689018198418,-367675,4267
1689018198420,-367675,4267
1689018198422,-367675,4267
1689018198423,-367675,4267
1689018198425,-367675,4267
1689018198427,-367675,4267
1689018198430,-367675,4267
1689018198434,-367675,4267
1689018198436,-367675,4267
1689018198438,-367675,4267
1689018198439,-367675,4267
1689018198441,-367675,4267
1689018198444,-367675,4267
1689018198446,-367675,4267
1689018198449,-367675,4267
1689018198452,-367675,4267
1689018198454,-367675,4267
1689018198455,-367675,4267
1689018198457,-367675,4267
1689018198458,-367675,4267
1689018198460,-367675,4267
1689018198463,-367675,4267
1689018198466,-367675,4267
1689018198469,-367675,4267
1689018198471,-367675,4267
1689018198473,-367675,4267
1689018198475,-367675,4267
1689018198477,-367675,4267
1689018198479,-367675,4267
1689018198481,-367675,4267
1689018198484,-367675,4267
1689018198486,-367675,4267
1689018198488,-367675,4267
1689018198489,-367675,4267
1689018198491,-367675,4267
1689018198493,-367675,4267
1689018198495,-367675,4267
1689018198496,-367675,4267
1689018198499,-367675,4267
1689018198501,-367675,4267
1689018198503,-367675,4267
1689018198505,-367675,4267
1689018198507,-367675,4267
1689018198509,-367675,4267
1689018198510,-367675,4267
1689018198511,-367675,4267
1689018198513,-367675,4267
1689018198515,-367675,4267
1689018198517,-367675,4267
1689018198521,-367675,4267
1689018198523,-367675,4267
1689018198524,-367675,4267
1689018198526,-367675,4267
1689018198527,-367675,4267
1689018198529,-367675,4267
1689018198531,-367675,4267
1689018198533,-367675,4267
1689018198536,-367675,4267
1689018198538,-367675,4267
1689018198540,-367675,4267
1689018198541,-367675,4267
1689018198543,-367675,4267
1689018198544,-367675,4267
1689018198546,-367675,4267
1689018198547,-367675,4267
1689018198548,-367675,4267
1689018198550,-367675,4267
1689018198552,-367675,4267
1689018198556,-367675,4267
1689018198558,-367675,4267
1689018198560,-367675,4267
1689018198563,-367675,4267
1689018198565,-367675,4267
1689018198567,-367675,4267
1689018198569,-367675,4267
1689018198572,-367675,4267
1689018198574,-367675,4267
1689018198575,-367675,4267
1689018198577,-367675,4267
1689018198578,-367675,4267
1689018198580,-367675,4267
1689018198581,-367675,4267
1689018198583,-367675,4267
1689018198584,-367675,4267
1689018198586,-367675,4267
1689018198588,-367675,4267
1689018198591,-367675,4267
1689018198593,-367675,4267
1689018198594,-367675,4267
1689018198595,-367675,4267
1689018198596,-367675,4267
1689018198597,-367675,4267
1689018198598,-367675,4267
1689018198600,-367675,4267
1689018198601,-367675,4267
1689018198603,-367675,4267
1689018198605,-367675,4267
1689018198608,-367675,4267
1689018198610,-367675,4267
1689018198611,-367675,4267
1689018198613,-367675,4267
1689018198614,-367675,4267
1689018198616,-367675,4267
1689018198617,-367675,4267
1689018198619,-367675,4267
1689018198620,-367675,4267
1689018198622,-367675,4267
1689018198625,-367675,4267
1689018198627,-367675,4267
1689018198629,-367675,4267
1689018198631,-367675,4267
1689018198633,-367675,4267
1689018198635,-367675,4267
1689018198636,-367675,4267
1689018198637,-367675,4267
1689018198640,-367675,4267
1689018198642,-367675,4267
1689018198645,-367675,4267
1689018198647,-367675,4267
1689018198648,-367675,4267
1689018198651,-367675,4267
1689018198653,-367675,4267
1689018198654,-367675,4267
1689018198657,-367675,4267
1689018198659,-367675,4267
1689018198662,-367675,4267
1689018198664,-367675,4267
1689018198666,-367675,4267
1689018198668,-367675,4267
1689018198669,-367675,4267
1689018198671,-367675,4267
1689018198672,-367675,4267
1689018198676,-367675,4267
1689018198679,-367675,4267
1689018198681,-367675,4267
1689018198683,-367675,4267
1689018198684,-367675,4267
1689018198686,-367675,4267
1689018198688,-367675,4267
1689018198690,-367675,4267
1689018198692,-367675,4267
1689018198694,-367675,4267
1689018198696,-367675,4267
1689018198698,-367675,4267
1689018198700,-367675,4267
1689018198702,-367675,4267
1689018198703,-367675,4267
1689018198705,-367675,4267
1689018198707,-367675,4267
1689018198709,-367675,4267
1689018198711,-367675,4267
1689018198714,-367675,4267
1689018198717,-367675,4267
1689018198719,-367675,4267
1689018198721,-367675,4267
1689018198723,-367675,4267
1689018198725,-367675,4267
1689018198728,-367675,4267
1689018198732,-367675,4267
1689018198735,-367675,4267
1689018198737,-367675,4267
1689018198739,-367675,4267
1689018198741,-367675,4267
1689018198743,-367675,4267
1689018198746,-367675,4267
1689018198750,-367675,4267
1689018198752,-367675,4267
1689018198755,-367675,4267
1689018198757,-367675,4267
1689018198760,-367675,4267
1689018198764,-367675,4267
1689018198768,-367675,4267
1689018198771,-367675,4267
1689018198774,-367675,4267
1689018198778,-367675,4267
1689018198781,-367675,4267
1689018198786,-367675,4267
1689018198789,-367675,4267
1689018198793,-367675,4267
1689018198795,-367675,4267
1689018198799,-367675,4267
1689018198804,-367675,4267
1689018198807,-367675,4267
1689018198810,-367675,4267
1689018198816,-367675,4267
1689018198823,-367675,4267
1689018198828,-367675,4267
1689018198832,-367675,4267
1689018198838,-367675,4267
1689018198844,-367675,4267
1689018198847,-367675,4267
1689018198853,-367675,4267
1689018198859,-367675,4267
1689018198864,-367675,4267
1689018198873,-367675,4267
1689018198878,-367675,4267
1689018198882,-367675,4267
1689018198891,-367675,4267
1689018198895,-367675,4267
1689018198898,-367675,4267
1689018198902,-367675,4267
1689018198909,-367675,4267
1689018198914,-367675,4267
1689018198918,-367675,4267
1689018198923,-367675,4267
1689018198927,-367675,4267
1689018198930,-367675,4267
1689018198933,-367675,4267
1689018198936,-367675,4267
1689018198941,-367675,4267
1689018198945,-367675,4267
1689018198948,-367675,4267
1689018198951,-367675,4267
1689018198954,-367675,4267
1689018198958,-367675,4267
1689018198962,-367675,4267
1689018198966,-367675,4267
1689018198969,-367675,4267
1689018198972,-367675,4267
1689018198976,-367675,4267
1689018198980,-367675,4267
1689018198984,-367675,4267
1689018198987,-367675,4267
1689018198990,-367675,4267
1689018198996,-367675,4267
1689018198999,-367675,4267
1689018199002,-367675,4267
1689018199006,-367675,4267
1689018199012,-367675,4267
1689018199016,-367675,4267
1689018199019,-367675,4267
1689018199023,-367675,4267
1689018199027,-367675,4267
1689018199032,-367675,4267
1689018199036,-367675,4267
1689018199039,-367675,4267
1689018199042,-367675,4267
1689018199045,-367675,4267
1689018199050,-367675,4267
1689018199054,-367675,4267
1689018199057,-367675,4267
1689018199059,-367675,4267
1689018199064,-367675,4267
1689018199067,-367675,4267
1689018199070,-367675,4267
1689018199073,-367675,4267
1689018199076,-367675,4267
1689018199079,-367675,4267
1689018199082,-367675,4267
1689018199085,-367675,4267
1689018199088,-367675,4267
1689018199091,-367675,4267
1689018199093,-367675,4267
1689018199096,-367675,4267
1689018199099,-367675,4267
1689018199101,-367675,4267
1689018199104,-367675,4267
1689018199106,-367675,4267
1689018199109,-367675,4267
1689018199113,-367675,4267
1689018199116,-367675,4267
1689018199126,-367675,4267
1689018199130,-367675,4267
1689018199135,-367675,4267
1689018199139,-367675,4267
1689018199143,-367675,4267
1689018199146,-367675,4267
1689018199151,-367675,4267
1689018199155,-367675,4267
1689018199158,-367675,4267
1689018199161,-367675,4267
1689018199165,-367675,4267
1689018199169,-367675,4267
1689018199173,-367675,4267
1689018199176,-367675,4267
1689018199185,-367675,4267
1689018199189,-367675,4267
1689018199193,-367675,4267
1689018199197,-367675,4267
1689018199202,-367675,4267
1689018199208,-367675,4267
1689018199214,-367675,4267
1689018199219,-367675,4267
1689018199224,-367675,4267
1689018199227,-367675,4267
1689018199229,-367675,4267
1689018199235,-367675,4267
1689018199240,-367675,4267
1689018199251,-367675,4267
1689018199255,-367675,4267
1689018199258,-367675,4267
1689018199260,-367675,4267
1689018199262,-367675,4267
1689018199265,-367675,4267
1689018199267,-367675,4267
1689018199269,-367675,4267
1689018199273,-367675,4267
1689018199279,-367675,4267
1689018199284,-367675,4267
1689018199287,-367675,4267
1689018199290,-367675,4267
1689018199293,-367675,4267
1689018199299,-367675,4267
1689018199302,-367675,4267
1689018199305,-367675,4267
1689018199307,-367675,4267
1689018199309,-367675,4267
1689018199312,-367675,4267
1689018199315,-367675,4267
1689018199319,-367675,4267
1689018199322,-367675,4267
1689018199325,-367675,4267
1689018199329,-367675,4267
1689018199333,-367675,4267
1689018199335,-367675,4267
1689018199338,-367675,4267
1689018199341,-367675,4267
1689018199343,-367675,4267
1689018199345,-367675,4267
1689018199348,-367675,4267
1689018199351,-367675,4267
1689018199353,-367675,4267
1689018199356,-367675,4267
1689018199358,-367675,4267
1689018199361,-367675,4267
1689018199365,-367675,4267
1689018199368,-367675,4267
1689018199371,-367675,4267
1689018199374,-367675,4267
1689018199377,-367675,4267
1689018199380,-367675,4267
1689018199382,-367675,4267
1689018199385,-367675,4267
1689018199387,-367675,4267
1689018199390,-219726,4267
1689018199393,-219726,4267
1689018199396,-219726,4267
1689018199399,-219726,4267
1689018199403,-219726,4267
1689018199406,-219726,4267
1689018199410,-219726,4267
1689018199415,-219726,4267
1689018199418,-219726,4267
1689018199421,-219726,4267
1689018199424,-219726,4267
1689018199428,-219726,4267
1689018199432,-219726,4267
1689018199435,-219726,4267
1689018199438,-219726,4267
1689018199441,-219726,4267
1689018199445,-219726,4267
1689018199449,-219726,4267
1689018199452,-219726,4267
1689018199455,-219726,4267
1689018199458,-219726,4267
1689018199462,-219726,4267
1689018199465,-219726,4267
1689018199468,-219726,4267
1689018199471,-219726,4267
1689018199475,-219726,4267
1689018199480,-219726,4267
1689018199485,-219726,4267
1689018199489,-219726,4267
1689018199493,-219726,4267
1689018199496,-219726,4267
1689018199498,-219726,4267
1689018199502,-219726,4267
1689018199505,-219726,4267
1689018199508,-219726,4267
1689018199512,-219726,4267
1689018199515,-219726,4267
1689018199518,-219726,4267
1689018199521,-219726,4267
1689018199525,-219726,4267
1689018199528,-219726,4267
1689018199531,-219726,4267
1689018199535,-219726,4267
1689018199538,-219726,4267
1689018199541,-219726,4267
1689018199544,-219726,4267
1689018199547,-219726,4267
1689018199551,-219726,4267
1689018199554,-219726,4267
1689018199557,-219726,4267
1689018199560,-219726,4267
1689018199563,-219726,4267
1689018199567,-219726,4267
1689018199569,-219726,4267
1689018199573,-219726,4267
1689018199577,-219726,4267
1689018199581,-219726,4267
1689018199589,-219726,4267
1689018199595,-219726,4267
1689018199599,-219726,4267
1689018199603,-219726,4267
1689018199607,-219726,4267
1689018199612,-219726,4267
1689018199618,-219726,4267
1689018199624,-219726,4267
1689018199629,-219726,4267
1689018199633,-219726,4267
1689018199638,-219726,4267
1689018199643,-219726,4267
1689018199648,-219726,4267
1689018199653,-219726,4267
1689018199657,-219726,4267
1689018199662,-219726,4267
1689018199667,-219726,4267
1689018199672,-219726,4267
1689018199677,-219726,4267
1689018199682,-219726,4267
1689018199688,-219726,4267
1689018199693,-219726,4267
1689018199697,-219726,4267
1689018199702,-219726,4267
1689018199707,-219726,4267
1689018199713,-219726,4267
1689018199717,-219726,4267
1689018199722,-219726,4267
1689018199728,-219726,4267
1689018199733,-219726,4267
1689018199738,-219726,4267
1689018199742,-219726,4267
1689018199746,-219726,4267
1689018199750,-219726,4267
1689018199755,-219726,4267
1689018199760,-219726,4267
1689018199767,-219726,4267
1689018199772,-219726,4267
1689018199776,-219726,4267
1689018199780,-219726,4267
1689018199785,-219726,4267
1689018199789,-219726,4267
1689018199797,-219726,4267
1689018199805,-219726,4267
1689018199812,-219726,4267
1689018199817,-219726,4267
1689018199822,-219726,4267
1689018199826,-219726,4267
1689018199830,-219726,4267
1689018199834,-219726,4267
1689018199838,-219726,4267
1689018199843,-219726,4267
1689018199848,-219726,4267
1689018199853,-219726,4267
1689018199859,-219726,4267
1689018199867,-219726,4267
1689018199872,-219726,4267
1689018199876,-219726,4267
1689018199878,-219726,4267
1689018199880,-219726,4267
1689018199884,-219726,4267
1689018199886,-219726,4267
1689018199889,-219726,4267
1689018199891,-219726,4267
1689018199894,-219726,4267
1689018199897,-219726,4267
1689018199899,-219726,4267
1689018199902,-219726,4267
1689018199904,-219726,4267
1689018199907,-219726,4267
1689018199909,-219726,4267
1689018199913,-219726,4267
1689018199918,-219726,4267
1689018199922,-219726,4267
1689018199928,-219726,4267
1689018199934,-219726,4267
1689018199940,-219726,4267
1689018199945,-219726,4267
1689018199948,-219726,4267
1689018199953,-219726,4267
1689018199957,-219726,4267
1689018199962,-219726,4267
1689018199966,-219726,4267
1689018199972,-219726,4267
1689018199977,-219726,4267
1689018199982,-219726,4267
1689018199987,-219726,4267
1689018199992,-219726,4267
1689018199997,-219726,4267
1689018200002,-219726,4267
1689018200007,-219726,4267
1689018200012,-219726,4267
1689018200016,-219726,4267
1689018200021,-219726,4267
1689018200025,-219726,4267
1689018200029,-219726,4267
1689018200034,-219726,4267
1689018200038,-219726,4267
1689018200044,-219726,4267
1689018200049,-219726,4267
1689018200054,-219726,4267
1689018200059,-219726,4267
1689018200064,-219726,4267
1689018200069,-219726,4267
1689018200077,-219726,4267
1689018200083,-219726,4267
1689018200091,-219726,4267
1689018200096,-219726,4267
1689018200101,-219726,4267
1689018200105,-219726,4267
1689018200109,-219726,4267
1689018200114,-219726,4267
1689018200118,-219726,4267
1689018200123,-219726,4267
1689018200128,-219726,4267
1689018200133,-219726,4267
1689018200137,-219726,4267
1689018200141,-219726,4267
1689018200146,-219726,4267
1689018200149,-219726,4267
1689018200154,-219726,4267
1689018200158,-219726,4267
1689018200163,-219726,4267
1689018200168,-219726,4267
1689018200176,-219726,4267
1689018200180,-219726,4267
1689018200184,-219726,4267
1689018200188,-219726,4267
1689018200192,-219726,4267
1689018200196,-219726,4267
1689018200200,-219726,4267
1689018200205,-219726,4267
1689018200209,-219726,4267
1689018200214,-219726,4267
1689018200218,-219726,4267
1689018200221,-219726,4267
1689018200225,-219726,4267
1689018200229,-219726,4267
1689018200233,-219726,4267
1689018200236,-219726,4267
1689018200241,-219726,4267
1689018200246,-219726,4267
1689018200251,-219726,4267
1689018200255,-219726,4267
1689018200258,-219726,4267
1689018200263,-219726,4267
1689018200267,-219726,4267
1689018200272,-219726,4267
1689018200276,-219726,4267
1689018200280,-219726,4267
1689018200285,-219726,4267
1689018200289,-219726,4267
1689018200293,-219726,4267
1689018200297,-219726,4267
1689018200301,-219726,4267
1689018200305,-219726,4267
1689018200309,-219726,4267
1689018200313,-219726,4267
1689018200317,-219726,4267
1689018200322,-219726,4267
1689018200326,-219726,4267
1689018200330,-219726,4267
1689018200334,-219726,4267
1689018200338,-219726,4267
1689018200342,-219726,4267
1689018200346,-219726,4267
1689018200349,-219726,4267
1689018200354,-219726,4267
1689018200358,-219726,4267
1689018200363,-219726,4267
1689018200367,-219726,4267
1689018200371,-219726,4267
1689018200375,-219726,4267
1689018200379,-219726,4267
1689018200385,-219726,4267
1689018200390,-219726,4267
1689018200394,-219726,4267
1689018200398,-219726,4267
1689018200404,-219726,4267
1689018200408,-219726,4267
1689018200411,-219726,4267
1689018200415,-219726,4267
1689018200419,-219726,4267
1689018200423,-219726,4267
1689018200427,-219726,4267
1689018200431,-219726,4267
1689018200435,-219726,4267
1689018200439,-219726,4267
1689018200444,-219726,4267
1689018200448,-219726,4267
1689018200452,-219726,4267
1689018200456,-219726,4267
1689018200459,-219726,4267
1689018200463,-219726,4267
1689018200467,-219726,4267
1689018200471,-219726,4267
1689018200475,-219726,4267
1689018200479,-219726,4267
1689018200483,-219726,4267
1689018200487,-219726,4267
1689018200491,-219726,4267
1689018200495,-219726,4267
1689018200498,-219726,4267
1689018200503,-219726,4267
1689018200507,-219726,4267
1689018200510,-219726,4267
1689018200513,-219726,4267
1689018200516,-219726,4267
1689018200519,-219726,4267
1689018200522,-219726,4267
1689018200525,-219726,4267
1689018200528,-219726,4267
1689018200531,-219726,4267
1689018200534,-219726,4267
1689018200537,-219726,4267
1689018200541,-219726,4267
1689018200544,-219726,4267
1689018200546,-219726,4267
1689018200549,-219726,4267
1689018200552,-219726,4267
1689018200558,-219726,4267
1689018200562,-219726,4267
1689018200565,-219726,4267
1689018200568,-219726,4267
1689018200571,-219726,4267
1689018200574,-219726,4267
1689018200577,-219726,4267
1689018200581,-219726,4267
1689018200584,-219726,4267
1689018200587,-219726,4267
1689018200590,-219726,4267
1689018200593,-219726,4267
1689018200595,-219726,4267
1689018200598,-219726,4267
1689018200601,-219726,4267
1689018200604,-219726,4267
1689018200607,-219726,4267
1689018200609,-219726,4267
1689018200613,-219726,4267
1689018200615,-219726,4267
1689018200618,-219726,4267
1689018200621,-219726,4267
1689018200624,-219726,4267
1689018200626,-219726,4267
1689018200629,-219726,4267
1689018200633,-219726,4267
1689018200636,-219726,4267
1689018200639,-219726,4267
1689018200642,-219726,4267
1689018200645,-219726,4267
1689018200648,-219726,4267
1689018200651,-219726,4267
1689018200654,-219726,4267
1689018200657,-219726,4267
1689018200659,-219726,4267
1689018200662,-219726,4267
1689018200668,-219726,4267
1689018200671,-219726,4267
1689018200675,-219726,4267
1689018200680,-219726,4267
1689018200685,-219726,4267
1689018200689,-219726,4267
1689018200694,-219726,4267
1689018200697,-219726,4267
1689018200700,-219726,4267
1689018200703,-219726,4267
1689018200706,-219726,4267
1689018200709,-219726,4267
1689018200713,-219726,4267
1689018200716,-219726,4267
1689018200721,-219726,4267
1689018200724,-219726,4267
1689018200727,-219726,4267
1689018200730,-219726,4267
1689018200735,-219726,4267
1689018200739,-219726,4267
1689018200743,-219726,4267
1689018200747,-219726,4267
1689018200752,-219726,4267
1689018200756,-219726,4267
1689018200761,-219726,4267
1689018200766,-219726,4267
1689018200770,-219726,4267
1689018200774,-219726,4267
1689018200778,-219726,4267
1689018200782,-219726,4267
1689018200786,-219726,4267
1689018200789,-219726,4267
1689018200793,-219726,4267
1689018200797,-219726,4267
1689018200802,-219726,4267
1689018200806,-219726,4267
1689018200809,-219726,4267
1689018200813,-219726,4267
1689018200817,-219726,4267
1689018200821,-219726,4267
1689018200828,-219726,4267
1689018200834,-219726,4267
1689018200839,-219726,4267
1689018200844,-219726,4267
1689018200848,-219726,4267
1689018200852,-219726,4267
1689018200856,-182128,4267
1689018200859,-182128,4267
1689018200864,-182128,4267
1689018200874,-182128,4267
1689018200882,-182128,4267
1689018200888,-182128,4267
1689018200892,-182128,4267
1689018200896,-182128,4267
1689018200899,-182128,4267
1689018200905,-182128,4267
1689018200908,-182128,4267
1689018200915,-182128,4267
1689018200922,-182128,4267
1689018200928,-182128,4267
1689018200933,-182128,4267
1689018200937,-182128,4267
1689018200941,-182128,4267
1689018200945,-182128,4267
1689018200949,-182128,4267
1689018200953,-182128,4267
1689018200957,-182128,4267
1689018200961,-182128,4267
1689018200966,-182128,4267
1689018200969,-182128,4267
1689018200973,-182128,4267
1689018200977,-182128,4267
1689018200982,-182128,4267
1689018200986,-182128,4267
1689018200989,-182128,4267
1689018200993,-182128,4267
1689018200997,-182128,4267
1689018201002,-182128,4267
1689018201006,-182128,4267
1689018201010,-182128,4267
1689018201018,-182128,4267
1689018201033,-182128,4267
1689018201038,-182128,4267
1689018201042,-182128,4267
1689018201046,-182128,4267
1689018201050,-182128,4267
1689018201054,-182128,4267
1689018201057,-182128,4267
1689018201062,-182128,4267
1689018201066,-182128,4267
1689018201069,-182128,4267
1689018201074,-182128,4267
1689018201079,-182128,4267
1689018201084,-182128,4267
1689018201088,-182128,4267
1689018201092,-182128,4267
1689018201096,-182128,4267
1689018201100,-182128,4267
1689018201106,-182128,4267
1689018201115,-182128,4267
1689018201119,-182128,4267
1689018201124,-182128,4267
1689018201128,-182128,4267
1689018201132,-182128,4267
1689018201134,-182128,4267
1689018201137,-182128,4267
1689018201138,-182128,4267
1689018201141,-182128,4267
1689018201143,-182128,4267
1689018201145,-182128,4267
1689018201147,-182128,4267
1689018201148,-182128,4267
1689018201150,-182128,4267
1689018201153,-182128,4267
1689018201155,-182128,4267
1689018201157,-182128,4267
1689018201160,-182128,4267
1689018201164,-182128,4267
1689018201166,-182128,4267
1689018201168,-182128,4267
1689018201171,-182128,4267
1689018201173,-182128,4267
1689018201175,-182128,4267
1689018201177,-182128,4267
1689018201178,-182128,4267
1689018201180,-182128,4267
1689018201182,-182128,4267
1689018201183,-182128,4267
1689018201185,-182128,4267
1689018201187,-182128,4267
1689018201190,-182128,4267
1689018201192,-182128,4267
1689018201194,-182128,4267
1689018201195,-182128,4267
1689018201197,-182128,4267
1689018201199,-182128,4267
1689018201201,-182128,4267
1689018201203,-182128,4267
1689018201204,-182128,4267
1689018201206,-182128,4267
1689018201208,-182128,4267
1689018201210,-182128,4267
1689018201212,-182128,4267
1689018201214,-182128,4267
1689018201215,-182128,4267
1689018201217,-182128,4267
1689018201218,-182128,4267
1689018201219,-182128,4267
1689018201222,-182128,4267
1689018201224,-182128,4267
1689018201226,-182128,4267
1689018201227,-182128,4267
1689018201229,-182128,4267
1689018201230,-182128,4267
1689018201232,-182128,4267
1689018201234,-182128,4267
1689018201237,-182128,4267
1689018201239,-182128,4267
1689018201241,-182128,4267
1689018201243,-182128,4267
1689018201244,-182128,4267
1689018201246,-182128,4267
1689018201247,-182128,4267
1689018201248,-182128,4267
1689018201249,-182128,4267
1689018201251,-182128,4267
1689018201252,-182128,4267
1689018201254,-182128,4267
1689018201256,-182128,4267
1689018201257,-182128,4267
1689018201259,-182128,4267
1689018201260,-182128,4267
1689018201262,-182128,4267
1689018201264,-182128,4267
1689018201265,-182128,4267
1689018201267,-182128,4267
1689018201268,-182128,4267
1689018201270,-182128,4267
1689018201273,-182128,4267
1689018201275,-182128,4267
1689018201277,-182128,4267
1689018201278,-182128,4267
1689018201280,-182128,4267
1689018201282,-182128,4267
1689018201284,-182128,4267
1689018201285,-182128,4267
1689018201287,-182128,4267
1689018201289,-182128,4267
1689018201290,-182128,4267
1689018201293,-182128,4267
1689018201295,-182128,4267
1689018201297,-182128,4267
1689018201299,-182128,4267
1689018201301,-182128,4267
1689018201303,-182128,4267
1689018201305,-182128,4267
1689018201307,-182128,4267
1689018201309,-182128,4267
1689018201312,-182128,4267
1689018201316,-182128,4267
1689018201319,-182128,4267
1689018201323,-182128,4267
1689018201326,-182128,4267
1689018201328,-182128,4267
1689018201330,-182128,4267
1689018201334,-182128,4267
1689018201338,-182128,4267
1689018201346,-182128,4267
1689018201352,-182128,4267
1689018201358,-182128,4267
1689018201364,-182128,4267
1689018201368,-182128,4267
1689018201373,-182128,4267
1689018201379,-182128,4267
1689018201384,-182128,4267
1689018201388,-182128,4267
1689018201391,-182128,4267
1689018201396,-182128,4267
1689018201401,-182128,4267
1689018201405,-182128,4267
1689018201408,-182128,4267
1689018201413,-182128,4267
1689018201417,-182128,4267
1689018201421,-182128,4267
1689018201425,-182128,4267
1689018201428,-182128,4267
1689018201433,-182128,4267
1689018201438,-182128,4267
1689018201442,-182128,4267
1689018201446,-182128,4267
1689018201449,-182128,4267
1689018201454,-182128,4267
1689018201458,-182128,4267
1689018201461,-182128,4267
1689018201465,-182128,4267
1689018201468,-182128,4267
1689018201472,-182128,4267
1689018201476,-182128,4267
1689018201481,-182128,4267
1689018201488,-182128,4267
1689018201494,-182128,4267
1689018201498,-182128,4267
1689018201503,-182128,4267
1689018201508,-182128,4267
1689018201514,-182128,4267
1689018201518,-182128,4267
1689018201524,-182128,4267
1689018201532,-182128,4267
1689018201537,-182128,4267
1689018201543,-182128,4267
1689018201550,-182128,4267
1689018201556,-182128,4267
1689018201562,-182128,4267
1689018201566,-182128,4267
1689018201570,-182128,4267
1689018201575,-182128,4267
1689018201580,-182128,4267
1689018201584,-182128,4267
1689018201588,-182128,4267
1689018201593,-182128,4267
1689018201598,-182128,4267
1689018201603,-182128,4267
1689018201607,-182128,4267
1689018201610,-182128,4267
1689018201614,-182128,4267
1689018201617,-182128,4267
1689018201621,-182128,4267
1689018201624,-182128,4267
1689018201627,-182128,4267
1689018201630,-182128,4267
1689018201634,-182128,4267
1689018201637,-182128,4267
1689018201640,-182128,4267
1689018201643,-182128,4267
1689018201646,-182128,4267
1689018201649,-182128,4267
1689018201652,-182128,4267
1689018201655,-182128,4267
1689018201657,-182128,4267
1689018201661,-182128,4267
1689018201664,-182128,4267
1689018201667,-182128,4267
1689018201670,-182128,4267
1689018201674,-182128,4267
1689018201677,-182128,4267
1689018201679,-182128,4267
1689018201682,-182128,4267
1689018201685,-182128,4267
1689018201688,-182128,4267
1689018201691,-182128,4267
1689018201693,-182128,4267
1689018201696,-182128,4267
1689018201699,-182128,4267
1689018201702,-182128,4267
1689018201704,-182128,4267
1689018201707,-182128,4267
1689018201709,-182128,4267
1689018201713,-182128,4267
1689018201716,-182128,4267
1689018201720,-182128,4267
1689018201723,-182128,4267
1689018201725,-182128,4267
1689018201728,-182128,4267
1689018201731,-182128,4267
1689018201733,-182128,4267
1689018201736,-182128,4267
1689018201739,-182128,4267
1689018201742,-182128,4267
1689018201745,-182128,4267
1689018201748,-182128,4267
1689018201751,-182128,4267
1689018201755,-182128,4267
1689018201758,-182128,4267
1689018201761,-182128,4267
1689018201764,-182128,4267
1689018201767,-182128,4267
1689018201771,-182128,4267
1689018201774,-182128,4267
1689018201778,-182128,4267
1689018201783,-182128,4267
1689018201788,-182128,4267
1689018201792,-182128,4267
1689018201795,-182128,4267
1689018201797,-182128,4267
1689018201800,-182128,4267
1689018201803,-182128,4267
1689018201806,-182128,4267
1689018201809,-182128,4267
1689018201812,-182128,4267
1689018201815,-182128,4267
1689018201817,-182128,4267
1689018201820,-182128,4267
1689018201823,-182128,4267
1689018201827,-182128,4267
1689018201830,-182128,4267
1689018201834,-182128,4267
1689018201837,-182128,4267
1689018201841,-182128,4267
1689018201844,-182128,4267
1689018201847,-182128,4267
1689018201850,-182128,4267
1689018201853,-182128,4267
1689018201855,-182128,4267
1689018201857,-182128,4267
1689018201859,-182128,4267
1689018201861,-182128,4267
1689018201863,-182128,4267
1689018201865,-182128,4267
1689018201866,-182128,4267
1689018201869,-182128,4267
1689018201872,-182128,4267
1689018201875,-182128,4267
1689018201878,-182128,4267
1689018201884,-182128,4267
1689018201888,-182128,4267
1689018201891,-182128,4267
1689018201893,-182128,4267
1689018201895,-182128,4267
1689018201898,-182128,4267
1689018201900,-182128,4267
1689018201902,-182128,4267
1689018201904,-182128,4267
1689018201907,-182128,4267
1689018201909,-182128,4267
1689018201911,-182128,4267
1689018201913,-182128,4267
1689018201915,-182128,4267
1689018201917,-182128,4267
1689018201919,-182128,4267
1689018201922,-182128,4267
1689018201924,-182128,4267
1689018201925,-182128,4267
1689018201927,-182128,4267
1689018201929,-182128,4267
1689018201931,-182128,4267
1689018201933,-182128,4267
1689018201935,-182128,4267
1689018201937,-182128,4267
1689018201939,-182128,4267
1689018201941,-182128,4267
1689018201942,-182128,4267
1689018201944,-182128,4267
1689018201946,-182128,4267
1689018201947,-182128,4267
1689018201949,-182128,4267
1689018201951,-182128,4267
1689018201952,-182128,4267
1689018201954,-182128,4267
1689018201956,-182128,4267
1689018201957,-182128,4267
1689018201959,-182128,4267
1689018201960,-182128,4267
1689018201962,-182128,4267
1689018201963,-182128,4267
1689018201965,-182128,4267
1689018201966,-182128,4267
1689018201969,-182128,4267
1689018201973,-182128,4267
1689018201975,-182128,4267
1689018201977,-182128,4267
1689018201978,-182128,4267
1689018201980,-182128,4267
1689018201982,-182128,4267
1689018201984,-182128,4267
1689018201986,-182128,4267
1689018201988,-182128,4267
1689018201990,-182128,4267
1689018201991,-182128,4267
1689018201993,-182128,4267
1689018201994,-182128,4267
1689018201995,-182128,4267
1689018201997,-182128,4267
1689018201998,-182128,4267
1689018201999,-182128,4267
1689018202000,-182128,4267
1689018202002,-182128,4267
1689018202003,-182128,4267
1689018202005,-182128,4267
1689018202007,-182128,4267
1689018202008,-182128,4267
1689018202009,-182128,4267
1689018202011,-182128,4267
1689018202013,-182128,4267
1689018202014,-182128,4267
1689018202016,-182128,4267
1689018202017,-182128,4267
1689018202019,-182128,4267
1689018202020,-182128,4267
1689018202021,-182128,4267
1689018202023,-182128,4267
1689018202024,-182128,4267
1689018202025,-182128,4267
1689018202026,-182128,4267
1689018202028,-182128,4267
1689018202029,-182128,4267
1689018202030,-182128,4267
1689018202032,-182128,4267
1689018202033,-182128,4267
1689018202034,-182128,4267
1689018202035,-182128,4267
1689018202037,-182128,4267
1689018202038,-182128,4267
1689018202040,-182128,4267
1689018202041,-182128,4267
1689018202043,-182128,4267
1689018202044,-182128,4267
1689018202045,-182128,4267
1689018202046,-182128,4267
1689018202047,-182128,4267
1689018202049,-182128,4267
1689018202050,-182128,4267
1689018202052,-182128,4267
1689018202053,-182128,4267
1689018202054,-182128,4267
1689018202055,-182128,4267
1689018202057,-182128,4267
1689018202058,-182128,4267
1689018202059,-182128,4267
1689018202060,-182128,4267
1689018202062,-182128,4267
1689018202063,-182128,4267
1689018202065,-182128,4267
1689018202066,-182128,4267
1689018202067,-182128,4267
1689018202068,-182128,4267
1689018202070,-182128,4267
1689018202071,-182128,4267
1689018202073,-182128,4267
1689018202074,-182128,4267
1689018202075,-182128,4267
1689018202076,-182128,4267
1689018202077,-182128,4267
1689018202079,-182128,4267
1689018202080,-182128,4267
1689018202082,-182128,4267
1689018202084,-182128,4267
1689018202086,-182128,4267
1689018202087,-182128,4267
1689018202088,-182128,4267
1689018202089,-182128,4267
1689018202091,-182128,4267
1689018202092,-182128,4267
1689018202093,-182128,4267
1689018202094,-182128,4267
1689018202095,-182128,4267
1689018202096,-182128,4267
1689018202097,-182128,4267
1689018202099,-182128,4267
1689018202100,-182128,4267
1689018202101,-182128,4267
1689018202102,-182128,4267
1689018202103,-182128,4267
1689018202105,-182128,4267
1689018202106,-182128,4267
1689018202106,-182128,4267
1689018202109,-182128,4267
1689018202110,-182128,4267
1689018202112,-182128,4267
1689018202114,-182128,4267
1689018202116,-182128,4267
1689018202118,-182128,4267
1689018202119,-182128,4267
1689018202121,-182128,4267
1689018202123,-182128,4267
1689018202125,-182128,4267
1689018202126,-182128,4267
1689018202128,-182128,4267
1689018202130,-182128,4267
1689018202132,-182128,4267
1689018202134,-182128,4267
1689018202136,-182128,4267
1689018202138,-182128,4267
1689018202140,-182128,4267
1689018202142,-182128,4267
1689018202144,-182128,4267
1689018202146,-182128,4267
1689018202148,-182128,4267
1689018202150,-182128,4267
1689018202153,-182128,4267
1689018202156,-182128,4267
1689018202158,-182128,4267
1689018202160,-182128,4267
1689018202163,-182128,4267
1689018202165,-182128,4267
1689018202167,-182128,4267
1689018202169,-182128,4267
1689018202172,-182128,4267
1689018202175,-182128,4267
1689018202177,-182128,4267
1689018202179,-182128,4267
1689018202181,-182128,4267
1689018202183,-182128,4267
1689018202185,-182128,4267
1689018202187,-182128,4267
1689018202189,-182128,4267
1689018202194,-182128,4267
1689018202197,-182128,4267
1689018202201,-182128,4267
1689018202206,-182128,4267
1689018202209,-182128,4267
1689018202213,-182128,4267
1689018202216,-182128,4267
1689018202219,-182128,4267
1689018202223,-182128,4267
1689018202226,-182128,4267
1689018202230,-182128,4267
1689018202235,-182128,4267
1689018202238,-182128,4267
1689018202241,-182128,4267
1689018202245,-182128,4267
1689018202248,-182128,4267
1689018202253,-182128,4267
1689018202257,-182128,4267
1689018202260,-182128,4267
1689018202271,-182128,4267
1689018202275,-182128,4267
1689018202283,-182128,4267
1689018202295,-182128,4267
1689018202304,-182128,4267
1689018202315,-182128,4267
1689018202318,-182128,4267
1689018202320,-182128,4267
1689018202326,-176757,4267
1689018202333,-176757,4267
1689018202345,-176757,4267
1689018202349,-176757,4267
1689018202351,-176757,4267
1689018202353,-176757,4267
1689018202355,-176757,4267
1689018202357,-176757,4267
1689018202359,-176757,4267
1689018202360,-176757,4267
1689018202362,-176757,4267
1689018202364,-176757,4267
1689018202365,-176757,4267
1689018202367,-176757,4267
1689018202368,-176757,4267
1689018202370,-176757,4267
1689018202372,-176757,4267
1689018202374,-176757,4267
1689018202376,-176757,4267
1689018202377,-176757,4267
1689018202379,-176757,4267
1689018202381,-176757,4267
1689018202383,-176757,4267
1689018202384,-176757,4267
1689018202386,-176757,4267
1689018202388,-176757,4267
1689018202390,-176757,4267
1689018202392,-176757,4267
1689018202394,-176757,4267
1689018202396,-176757,4267
1689018202397,-176757,4267
1689018202399,-176757,4267
1689018202401,-176757,4267
1689018202403,-176757,4267
1689018202405,-176757,4267
1689018202406,-176757,4267
1689018202408,-176757,4267
1689018202409,-176757,4267
1689018202411,-176757,4267
1689018202413,-176757,4267
1689018202415,-176757,4267
1689018202417,-176757,4267
1689018202419,-176757,4267
1689018202422,-176757,4267
1689018202423,-176757,4267
1689018202425,-176757,4267
1689018202428,-176757,4267
1689018202431,-176757,4267
1689018202434,-176757,4267
1689018202436,-176757,4267
1689018202437,-176757,4267
1689018202439,-176757,4267
1689018202441,-176757,4267
1689018202443,-176757,4267
1689018202445,-176757,4267
1689018202447,-176757,4267
1689018202449,-176757,4267
1689018202451,-176757,4267
1689018202453,-176757,4267
1689018202455,-176757,4267
1689018202457,-176757,4267
1689018202459,-176757,4267
1689018202461,-176757,4267
1689018202463,-176757,4267
1689018202465,-176757,4267
1689018202467,-176757,4267
1689018202469,-176757,4267
1689018202472,-176757,4267
1689018202475,-176757,4267
1689018202480,-176757,4267
1689018202485,-176757,4267
1689018202492,-176757,4267
1689018202497,-176757,4267
1689018202503,-176757,4267
1689018202508,-176757,4267
1689018202512,-176757,4267
1689018202517,-176757,4267
1689018202526,-176757,4267
1689018202534,-176757,4267
1689018202540,-176757,4267
1689018202546,-176757,4267
1689018202550,-176757,4267
1689018202555,-176757,4267
1689018202558,-176757,4267
1689018202562,-176757,4267
1689018202566,-176757,4267
1689018202569,-176757,4267
1689018202572,-176757,4267
1689018202576,-176757,4267
1689018202580,-176757,4267
1689018202584,-176757,4267
1689018202588,-176757,4267
1689018202593,-176757,4267
1689018202597,-176757,4267
1689018202601,-176757,4267
1689018202604,-176757,4267
1689018202607,-176757,4267
1689018202611,-176757,4267
1689018202614,-176757,4267
1689018202618,-176757,4267
1689018202621,-176757,4267
1689018202625,-176757,4267
1689018202630,-176757,4267
1689018202635,-176757,4267
1689018202638,-176757,4267
1689018202642,-176757,4267
1689018202646,-176757,4267
1689018202649,-176757,4267
1689018202652,-176757,4267
1689018202655,-176757,4267
1689018202658,-176757,4267
1689018202661,-176757,4267
1689018202665,-176757,4267
1689018202669,-176757,4267
1689018202675,-176757,4267
1689018202678,-176757,4267
1689018202681,-176757,4267
1689018202685,-176757,4267
1689018202688,-176757,4267
1689018202692,-176757,4267
1689018202696,-176757,4267
1689018202699,-176757,4267
1689018202702,-176757,4267
1689018202706,-176757,4267
1689018202710,-176757,4267
1689018202715,-176757,4267
1689018202718,-176757,4267
1689018202722,-176757,4267
1689018202728,-176757,4267
1689018202733,-176757,4267
1689018202737,-176757,4267
1689018202740,-176757,4267
1689018202743,-176757,4267
1689018202745,-176757,4267
1689018202748,-176757,4267
1689018202752,-176757,4267
1689018202755,-176757,4267
1689018202758,-176757,4267
1689018202762,-176757,4267
1689018202765,-176757,4267
1689018202767,-176757,4267
1689018202770,-176757,4267
1689018202773,-176757,4267
1689018202776,-176757,4267
1689018202778,-176757,4267
1689018202781,-176757,4267
1689018202784,-176757,4267
1689018202787,-176757,4267
1689018202791,-176757,4267
1689018202794,-176757,4267
1689018202796,-176757,4267
1689018202798,-176757,4267
1689018202801,-176757,4267
1689018202804,-176757,4267
1689018202807,-176757,4267
1689018202810,-176757,4267
1689018202813,-176757,4267
1689018202815,-176757,4267
1689018202818,-176757,4267
1689018202820,-176757,4267
1689018202823,-176757,4267
1689018202826,-176757,4267
1689018202829,-176757,4267
1689018202832,-176757,4267
1689018202835,-176757,4267
1689018202837,-176757,4267
1689018202840,-176757,4267
1689018202843,-176757,4267
1689018202846,-176757,4267
1689018202848,-176757,4267
1689018202851,-176757,4267
1689018202854,-176757,4267
1689018202856,-176757,4267
1689018202859,-176757,4267
1689018202862,-176757,4267
1689018202864,-176757,4267
1689018202867,-176757,4267
1689018202870,-176757,4267
1689018202873,-176757,4267
1689018202875,-176757,4267
1689018202878,-176757,4267
1689018202880,-176757,4267
1689018202883,-176757,4267
1689018202886,-176757,4267
1689018202888,-176757,4267
1689018202891,-176757,4267
1689018202893,-176757,4267
1689018202898,-176757,4267
1689018202901,-176757,4267
1689018202904,-176757,4267
1689018202907,-176757,4267
1689018202910,-176757,4267
1689018202913,-176757,4267
1689018202915,-176757,4267
1689018202917,-176757,4267
1689018202920,-176757,4267
1689018202923,-176757,4267
1689018202925,-176757,4267
1689018202928,-176757,4267
1689018202930,-176757,4267
1689018202933,-176757,4267
1689018202935,-176757,4267
1689018202938,-176757,4267
1689018202940,-176757,4267
1689018202945,-176757,4267
1689018202949,-176757,4267
1689018202951,-176757,4267
1689018202954,-176757,4267
1689018202957,-176757,4267
1689018202960,-176757,4267
1689018202963,-176757,4267
1689018202965,-176757,4267
1689018202968,-176757,4267
1689018202971,-176757,4267
1689018202974,-176757,4267
1689018202976,-176757,4267
1689018202979,-176757,4267
1689018202982,-176757,4267
1689018202984,-176757,4267
1689018202987,-176757,4267
1689018202993,-176757,4267
1689018202997,-176757,4267
1689018203001,-176757,4267
1689018203005,-176757,4267
1689018203008,-176757,4267
1689018203011,-176757,4267
1689018203014,-176757,4267
1689018203017,-176757,4267
1689018203021,-176757,4267
1689018203025,-176757,4267
1689018203029,-176757,4267
1689018203033,-176757,4267
1689018203037,-176757,4267
1689018203040,-176757,4267
1689018203044,-176757,4267
1689018203047,-176757,4267
1689018203051,-176757,4267
1689018203054,-176757,4267
1689018203057,-176757,4267
1689018203061,-176757,4267
1689018203064,-176757,4267
1689018203068,-176757,4267
1689018203073,-176757,4267
1689018203077,-176757,4267
1689018203081,-176757,4267
1689018203085,-176757,4267
1689018203088,-176757,4267
1689018203091,-176757,4267
1689018203095,-176757,4267
1689018203098,-176757,4267
1689018203101,-176757,4267
1689018203105,-176757,4267
1689018203109,-176757,4267
1689018203113,-176757,4267
1689018203116,-176757,4267
1689018203119,-176757,4267
1689018203123,-176757,4267
1689018203126,-176757,4267
1689018203129,-176757,4267
1689018203133,-176757,4267
1689018203136,-176757,4267
1689018203139,-176757,4267
1689018203143,-176757,4267
1689018203146,-176757,4267
1689018203151,-176757,4267
1689018203155,-176757,4267
1689018203158,-176757,4267
1689018203160,-176757,4267
1689018203163,-176757,4267
1689018203165,-176757,4267
1689018203168,-176757,4267
1689018203170,-176757,4267
1689018203174,-176757,4267
1689018203178,-176757,4267
1689018203182,-176757,4267
1689018203185,-176757,4267
1689018203189,-176757,4267
1689018203193,-176757,4267
1689018203197,-176757,4267
1689018203200,-176757,4267
1689018203204,-176757,4267
1689018203208,-176757,4267
1689018203212,-176757,4267
1689018203215,-176757,4267
1689018203219,-176757,4267
1689018203223,-176757,4267
1689018203227,-176757,4267
1689018203231,-176757,4267
1689018203235,-176757,4267
1689018203238,-176757,4267
1689018203243,-176757,4267
1689018203246,-176757,4267
1689018203250,-176757,4267
1689018203254,-176757,4267
1689018203258,-176757,4267
1689018203261,-176757,4267
1689018203265,-176757,4267
1689018203269,-176757,4267
1689018203273,-176757,4267
1689018203277,-176757,4267
1689018203280,-176757,4267
1689018203287,-176757,4267
1689018203293,-176757,4267
1689018203297,-176757,4267
1689018203301,-176757,4267
1689018203305,-176757,4267
1689018203309,-176757,4267
1689018203313,-176757,4267
1689018203317,-176757,4267
1689018203321,-176757,4267
1689018203325,-176757,4267
1689018203328,-176757,4267
1689018203331,-176757,4267
1689018203335,-176757,4267
1689018203338,-176757,4267
1689018203342,-176757,4267
1689018203346,-176757,4267
1689018203350,-176757,4267
1689018203354,-176757,4267
1689018203358,-176757,4267
1689018203361,-176757,4267
1689018203365,-176757,4267
1689018203369,-176757,4267
1689018203372,-176757,4267
1689018203376,-176757,4267
1689018203379,-176757,4267
1689018203383,-176757,4267
1689018203386,-176757,4267
1689018203390,-176757,4267
1689018203394,-176757,4267
1689018203398,-176757,4267
1689018203401,-176757,4267
1689018203404,-176757,4267
1689018203407,-176757,4267
1689018203411,-176757,4267
1689018203415,-176757,4267
1689018203418,-176757,4267
1689018203422,-176757,4267
1689018203426,-176757,4267
1689018203431,-176757,4267
1689018203434,-176757,4267
1689018203438,-176757,4267
1689018203441,-176757,4267
1689018203445,-176757,4267
1689018203448,-176757,4267
1689018203452,-176757,4267
1689018203456,-176757,4267
1689018203459,-176757,4267
1689018203465,-176757,4267
1689018203469,-176757,4267
1689018203473,-176757,4267
1689018203477,-176757,4267
1689018203480,-176757,4267
1689018203484,-176757,4267
1689018203488,-176757,4267
1689018203491,-176757,4267
1689018203495,-176757,4267
1689018203498,-176757,4267
1689018203501,-176757,4267
1689018203505,-176757,4267
1689018203509,-176757,4267
1689018203513,-176757,4267
1689018203517,-176757,4267
1689018203520,-176757,4267
1689018203524,-176757,4267
1689018203527,-176757,4267
1689018203531,-176757,4267
1689018203535,-176757,4267
1689018203538,-176757,4267
1689018203542,-176757,4267
1689018203547,-176757,4267
1689018203552,-176757,4267
1689018203555,-176757,4267
1689018203559,-176757,4267
1689018203563,-176757,4267
1689018203566,-176757,4267
1689018203569,-176757,4267
1689018203574,-176757,4267
1689018203577,-176757,4267
1689018203581,-176757,4267
1689018203585,-176757,4267
1689018203589,-176757,4267
1689018203593,-176757,4267
1689018203597,-176757,4267
1689018203601,-176757,4267
1689018203605,-176757,4267
1689018203608,-176757,4267
1689018203612,-176757,4267
1689018203615,-176757,4267
1689018203619,-176757,4267
1689018203623,-176757,4267
1689018203627,-176757,4267
1689018203631,-176757,4267
1689018203635,-176757,4267
1689018203639,-176757,4267
1689018203642,-176757,4267
1689018203646,-176757,4267
1689018203649,-176757,4267
1689018203653,-176757,4267
1689018203657,-176757,4267
1689018203660,-176757,4267
1689018203665,-176757,4267
1689018203669,-176757,4267
1689018203673,-176757,4267
1689018203677,-176757,4267
1689018203680,-176757,4267
1689018203684,-176757,4267
1689018203687,-176757,4267
1689018203691,-176757,4267
1689018203696,-176757,4267
1689018203699,-176757,4267
1689018203703,-176757,4267
1689018203707,-176757,4267
1689018203711,-176757,4267
1689018203715,-176757,4267
1689018203718,-176757,4267
1689018203723,-176757,4267
1689018203726,-176757,4267
1689018203730,-176757,4267
1689018203734,-176757,4267
1689018203737,-176757,4267
1689018203741,-176757,4267
1689018203746,-176757,4267
1689018203750,-176757,4267
1689018203756,-176757,4267
1689018203759,-176757,4267
1689018203762,-176757,4267
1689018203765,-176757,4267
1689018203768,-176757,4267
1689018203771,-176757,4267
1689018203773,-176757,4267
1689018203776,-176757,4267
1689018203778,-176757,4267
1689018203783,-176757,4267
1689018203787,-176757,4267
1689018203791,-166503,4267
1689018203795,-166503,4267
1689018203798,-166503,4267
1689018203802,-166503,4267
1689018203805,-166503,4267
1689018203809,-166503,4267
1689018203814,-166503,4267
1689018203818,-166503,4267
1689018203821,-166503,4267
1689018203826,-166503,4267
1689018203829,-166503,4267
1689018203834,-166503,4267
1689018203837,-166503,4267
1689018203841,-166503,4267
1689018203844,-166503,4267
1689018203847,-166503,4267
1689018203851,-166503,4267
1689018203854,-166503,4267
1689018203857,-166503,4267
1689018203861,-166503,4267
1689018203868,-166503,4267
1689018203872,-166503,4267
1689018203875,-166503,4267
1689018203879,-166503,4267
1689018203882,-166503,4267
1689018203884,-166503,4267
1689018203887,-166503,4267
1689018203889,-166503,4267
1689018203892,-166503,4267
1689018203894,-166503,4267
1689018203897,-166503,4267
1689018203899,-166503,4267
1689018203902,-166503,4267
1689018203905,-166503,4267
1689018203907,-166503,4267
1689018203909,-166503,4267
1689018203912,-166503,4267
1689018203915,-166503,4267
1689018203917,-166503,4267
1689018203920,-166503,4267
1689018203923,-166503,4267
1689018203926,-166503,4267
1689018203929,-166503,4267
1689018203931,-166503,4267
1689018203934,-166503,4267
1689018203936,-166503,4267
1689018203938,-166503,4267
1689018203941,-166503,4267
1689018203944,-166503,4267
1689018203946,-166503,4267
1689018203948,-166503,4267
1689018203951,-166503,4267
1689018203953,-166503,4267
1689018203957,-166503,4267
1689018203961,-166503,4267
1689018203964,-166503,4267
1689018203966,-166503,4267
1689018203969,-166503,4267
1689018203971,-166503,4267
1689018203974,-166503,4267
1689018203976,-166503,4267
1689018203978,-166503,4267
1689018203981,-166503,4267
1689018203984,-166503,4267
1689018203989,-166503,4267
1689018203993,-166503,4267
1689018203996,-166503,4267
1689018203998,-166503,4267
1689018204001,-166503,4267
1689018204003,-166503,4267
1689018204005,-166503,4267
1689018204008,-166503,4267
1689018204010,-166503,4267
1689018204013,-166503,4267
1689018204015,-166503,4267
1689018204017,-166503,4267
1689018204020,-166503,4267
1689018204023,-166503,4267
1689018204026,-166503,4267
1689018204028,-166503,4267
1689018204031,-166503,4267
1689018204033,-166503,4267
1689018204036,-166503,4267
1689018204038,-166503,4267
1689018204041,-166503,4267
1689018204043,-166503,4267
1689018204046,-166503,4267
1689018204048,-166503,4267
1689018204050,-166503,4267
1689018204053,-166503,4267
1689018204055,-166503,4267
1689018204058,-166503,4267
1689018204061,-166503,4267
1689018204063,-166503,4267
1689018204066,-166503,4267
1689018204068,-166503,4267
1689018204071,-166503,4267
1689018204073,-166503,4267
1689018204076,-166503,4267
1689018204078,-166503,4267
1689018204081,-166503,4267
1689018204083,-166503,4267
1689018204086,-166503,4267
1689018204089,-166503,4267
1689018204092,-166503,4267
1689018204095,-166503,4267
1689018204098,-166503,4267
1689018204100,-166503,4267
1689018204103,-166503,4267
1689018204106,-166503,4267
1689018204108,-166503,4267
1689018204112,-166503,4267
1689018204115,-166503,4267
1689018204119,-166503,4267
1689018204121,-166503,4267
1689018204125,-166503,4267
1689018204128,-166503,4267
1689018204131,-166503,4267
1689018204135,-166503,4267
1689018204138,-166503,4267
1689018204141,-166503,4267
1689018204145,-166503,4267
1689018204148,-166503,4267
1689018204152,-166503,4267
1689018204155,-166503,4267
1689018204158,-166503,4267
1689018204161,-166503,4267
1689018204165,-166503,4267
1689018204168,-166503,4267
1689018204172,-166503,4267
1689018204175,-166503,4267
1689018204179,-166503,4267
1689018204182,-166503,4267
1689018204186,-166503,4267
1689018204189,-166503,4267
1689018204192,-166503,4267
1689018204196,-166503,4267
1689018204199,-166503,4267
1689018204203,-166503,4267
1689018204206,-166503,4267
1689018204209,-166503,4267
1689018204213,-166503,4267
1689018204217,-166503,4267
1689018204221,-166503,4267
1689018204225,-166503,4267
1689018204228,-166503,4267
1689018204231,-166503,4267
1689018204235,-166503,4267
1689018204238,-166503,4267
1689018204241,-166503,4267
1689018204245,-166503,4267
1689018204248,-166503,4267
1689018204254,-166503,4267
1689018204258,-166503,4267
1689018204262,-166503,4267
1689018204266,-166503,4267
1689018204269,-166503,4267
1689018204273,-166503,4267
1689018204277,-166503,4267
1689018204280,-166503,4267
1689018204284,-166503,4267
1689018204287,-166503,4267
1689018204291,-166503,4267
1689018204294,-166503,4267
1689018204301,-166503,4267
1689018204310,-166503,4267
1689018204317,-166503,4267
1689018204324,-166503,4267
1689018204328,-166503,4267
1689018204332,-166503,4267
1689018204334,-166503,4267
1689018204336,-166503,4267
1689018204338,-166503,4267
1689018204340,-166503,4267
1689018204342,-166503,4267
1689018204344,-166503,4267
1689018204345,-166503,4267
1689018204347,-166503,4267
1689018204348,-166503,4267
1689018204350,-166503,4267
1689018204352,-166503,4267
1689018204354,-166503,4267
1689018204356,-166503,4267
1689018204358,-166503,4267
1689018204359,-166503,4267
1689018204361,-166503,4267
1689018204363,-166503,4267
1689018204365,-166503,4267
1689018204366,-166503,4267
1689018204368,-166503,4267
1689018204370,-166503,4267
1689018204372,-166503,4267
1689018204374,-166503,4267
1689018204376,-166503,4267
1689018204377,-166503,4267
1689018204379,-166503,4267
1689018204381,-166503,4267
1689018204383,-166503,4267
1689018204385,-166503,4267
1689018204387,-166503,4267
1689018204389,-166503,4267
1689018204391,-166503,4267
1689018204393,-166503,4267
1689018204395,-166503,4267
1689018204397,-166503,4267
1689018204399,-166503,4267
1689018204401,-166503,4267
1689018204403,-166503,4267
1689018204404,-166503,4267
1689018204406,-166503,4267
1689018204408,-166503,4267
1689018204410,-166503,4267
1689018204412,-166503,4267
1689018204414,-166503,4267
1689018204416,-166503,4267
1689018204419,-166503,4267
1689018204421,-166503,4267
1689018204424,-166503,4267
1689018204426,-166503,4267
1689018204428,-166503,4267
1689018204429,-166503,4267
1689018204432,-166503,4267
1689018204434,-166503,4267
1689018204436,-166503,4267
1689018204438,-166503,4267
1689018204441,-166503,4267
1689018204443,-166503,4267
1689018204445,-166503,4267
1689018204447,-166503,4267
1689018204449,-166503,4267
1689018204452,-166503,4267
1689018204455,-166503,4267
1689018204458,-166503,4267
1689018204462,-166503,4267
1689018204465,-166503,4267
1689018204468,-166503,4267
1689018204472,-166503,4267
1689018204476,-166503,4267
1689018204479,-166503,4267
1689018204482,-166503,4267
1689018204485,-166503,4267
1689018204488,-166503,4267
1689018204491,-166503,4267
1689018204494,-166503,4267
1689018204496,-166503,4267
1689018204499,-166503,4267
1689018204504,-166503,4267
1689018204507,-166503,4267
1689018204509,-166503,4267
1689018204512,-166503,4267
1689018204514,-166503,4267
1689018204515,-166503,4267
1689018204517,-166503,4267
1689018204518,-166503,4267
1689018204520,-166503,4267
1689018204522,-166503,4267
1689018204524,-166503,4267
1689018204525,-166503,4267
1689018204527,-166503,4267
1689018204528,-166503,4267
1689018204530,-166503,4267
1689018204531,-166503,4267
1689018204533,-166503,4267
1689018204535,-166503,4267
1689018204537,-166503,4267
1689018204539,-166503,4267
1689018204541,-166503,4267
1689018204543,-166503,4267
1689018204544,-166503,4267
1689018204546,-166503,4267
1689018204548,-166503,4267
1689018204549,-166503,4267
1689018204552,-166503,4267
1689018204556,-166503,4267
1689018204559,-166503,4267
1689018204562,-166503,4267
1689018204566,-166503,4267
1689018204568,-166503,4267
1689018204572,-166503,4267
1689018204576,-166503,4267
1689018204581,-166503,4267
1689018204585,-166503,4267
1689018204588,-166503,4267
1689018204593,-166503,4267
1689018204595,-166503,4267
1689018204597,-166503,4267
1689018204601,-166503,4267
1689018204604,-166503,4267
1689018204607,-166503,4267
1689018204611,-166503,4267
1689018204614,-166503,4267
1689018204617,-166503,4267
1689018204621,-166503,4267
1689018204625,-166503,4267
1689018204628,-166503,4267
1689018204632,-166503,4267
1689018204635,-166503,4267
1689018204637,-166503,4267
1689018204641,-166503,4267
1689018204645,-166503,4267
1689018204647,-166503,4267
1689018204651,-166503,4267
1689018204655,-166503,4267
1689018204659,-166503,4267
1689018204664,-166503,4267
1689018204667,-166503,4267
1689018204671,-166503,4267
1689018204674,-166503,4267
1689018204677,-166503,4267
1689018204680,-166503,4267
1689018204684,-166503,4267
1689018204688,-166503,4267
1689018204691,-166503,4267
1689018204695,-166503,4267
1689018204699,-166503,4267
1689018204703,-166503,4267
1689018204706,-166503,4267
1689018204709,-166503,4267
1689018204714,-166503,4267
1689018204717,-166503,4267
1689018204721,-166503,4267
1689018204724,-166503,4267
1689018204727,-166503,4267
1689018204731,-166503,4267
1689018204734,-166503,4267
1689018204737,-166503,4267
1689018204741,-166503,4267
1689018204745,-166503,4267
1689018204748,-166503,4267
1689018204751,-166503,4267
1689018204755,-166503,4267
1689018204758,-166503,4267
1689018204762,-166503,4267
1689018204765,-166503,4267
1689018204768,-166503,4267
1689018204772,-166503,4267
1689018204776,-166503,4267
1689018204780,-166503,4267
1689018204784,-166503,4267
1689018204787,-166503,4267
1689018204790,-166503,4267
1689018204794,-166503,4267
1689018204797,-166503,4267
1689018204801,-166503,4267
1689018204805,-166503,4267
1689018204808,-166503,4267
1689018204811,-166503,4267
1689018204815,-166503,4267
1689018204819,-166503,4267
1689018204823,-166503,4267
1689018204827,-166503,4267
1689018204830,-166503,4267
1689018204835,-166503,4267
1689018204838,-166503,4267
1689018204842,-166503,4267
1689018204845,-166503,4267
1689018204849,-166503,4267
1689018204852,-166503,4267
1689018204855,-166503,4267
1689018204859,-166503,4267
1689018204864,-166503,4267
1689018204867,-166503,4267
1689018204871,-166503,4267
1689018204874,-166503,4267
1689018204878,-166503,4267
1689018204881,-166503,4267
1689018204885,-166503,4267
1689018204888,-166503,4267
1689018204892,-166503,4267
1689018204895,-166503,4267
1689018204900,-166503,4267
1689018204904,-166503,4267
1689018204907,-166503,4267
1689018204911,-166503,4267
1689018204914,-166503,4267
1689018204917,-166503,4267
1689018204921,-166503,4267
1689018204925,-166503,4267
1689018204928,-166503,4267
1689018204931,-166503,4267
1689018204935,-166503,4267
1689018204938,-166503,4267
1689018204942,-166503,4267
1689018204946,-166503,4267
1689018204949,-166503,4267
1689018204953,-166503,4267
1689018204956,-166503,4267
1689018204959,-166503,4267
1689018204963,-166503,4267
1689018204966,-166503,4267
1689018204969,-166503,4267
1689018204973,-166503,4267
1689018204978,-166503,4267
1689018204982,-166503,4267
1689018204986,-166503,4267
1689018204989,-166503,4267
1689018204992,-166503,4267
1689018204995,-166503,4267
1689018204998,-166503,4267
1689018205001,-166503,4267
1689018205004,-166503,4267
1689018205007,-166503,4267
1689018205010,-166503,4267
1689018205012,-166503,4267
1689018205015,-166503,4267
1689018205017,-166503,4267
1689018205020,-166503,4267
1689018205023,-166503,4267
1689018205025,-166503,4267
1689018205028,-166503,4267
1689018205030,-166503,4267
1689018205033,-166503,4267
1689018205035,-166503,4267
1689018205038,-166503,4267
1689018205041,-166503,4267
1689018205043,-166503,4267
1689018205046,-166503,4267
1689018205048,-166503,4267
1689018205050,-166503,4267
1689018205053,-166503,4267
1689018205055,-166503,4267
1689018205058,-166503,4267
1689018205060,-166503,4267
1689018205063,-166503,4267
1689018205065,-166503,4267
1689018205068,-166503,4267
1689018205071,-166503,4267
1689018205073,-166503,4267
1689018205076,-166503,4267
1689018205078,-166503,4267
1689018205080,-166503,4267
1689018205083,-166503,4267
1689018205085,-166503,4267
1689018205087,-166503,4267
1689018205089,-166503,4267
1689018205092,-166503,4267
1689018205094,-166503,4267
1689018205097,-166503,4267
1689018205099,-166503,4267
1689018205102,-166503,4267
1689018205104,-166503,4267
1689018205106,-166503,4267
1689018205109,-166503,4267
1689018205111,-166503,4267
1689018205114,-166503,4267
1689018205116,-166503,4267
1689018205119,-166503,4267
1689018205121,-166503,4267
1689018205124,-166503,4267
1689018205126,-166503,4267
1689018205128,-166503,4267
1689018205131,-166503,4267
1689018205134,-166503,4267
1689018205136,-166503,4267
1689018205139,-166503,4267
1689018205142,-166503,4267
1689018205144,-166503,4267
1689018205147,-166503,4267
1689018205149,-166503,4267
1689018205152,-166503,4267
1689018205155,-166503,4267
1689018205157,-166503,4267
1689018205160,-166503,4267
1689018205162,-166503,4267
1689018205165,-166503,4267
1689018205167,-166503,4267
1689018205169,-166503,4267
1689018205172,-166503,4267
1689018205175,-166503,4267
1689018205178,-166503,4267
1689018205180,-166503,4267
1689018205183,-166503,4267
1689018205185,-166503,4267
1689018205188,-166503,4267
1689018205191,-166503,4267
1689018205194,-166503,4267
1689018205197,-166503,4267
1689018205199,-166503,4267
1689018205201,-166503,4267
1689018205204,-166503,4267
1689018205206,-166503,4267
1689018205208,-166503,4267
1689018205211,-166503,4267
1689018205213,-166503,4267
1689018205216,-166503,4267
1689018205219,-166503,4267
1689018205223,-166503,4267
1689018205225,-166503,4267
1689018205228,-166503,4267
1689018205230,-166503,4267
1689018205232,-166503,4267
1689018205235,-166503,4267
1689018205238,-166503,4267
1689018205242,-166503,4267
1689018205246,-166503,4267
1689018205250,-166503,4267
1689018205256,-224609,4267
1689018205267,-224609,4267
1689018205277,-224609,4267
1689018205282,-224609,4267
1689018205287,-224609,4267
1689018205292,-224609,4267
1689018205295,-224609,4267
1689018205297,-224609,4267
1689018205298,-224609,4267
1689018205300,-224609,4267
1689018205302,-224609,4267
1689018205304,-224609,4267
1689018205305,-224609,4267
1689018205307,-224609,4267
1689018205309,-224609,4267
1689018205311,-224609,4267
1689018205313,-224609,4267
1689018205314,-224609,4267
1689018205317,-224609,4267
1689018205318,-224609,4267
1689018205320,-224609,4267
1689018205322,-224609,4267
1689018205324,-224609,4267
1689018205325,-224609,4267
1689018205327,-224609,4267
1689018205329,-224609,4267
1689018205331,-224609,4267
1689018205333,-224609,4267
1689018205335,-224609,4267
1689018205337,-224609,4267
1689018205340,-224609,4267
1689018205342,-224609,4267
1689018205344,-224609,4267
1689018205346,-224609,4267
1689018205348,-224609,4267
1689018205350,-224609,4267
1689018205353,-224609,4267
1689018205357,-224609,4267
1689018205359,-224609,4267
1689018205362,-224609,4267
1689018205364,-224609,4267
1689018205368,-224609,4267
1689018205372,-224609,4267
1689018205376,-224609,4267
1689018205380,-224609,4267
1689018205388,-224609,4267
1689018205393,-224609,4267
1689018205396,-224609,4267
1689018205398,-224609,4267
1689018205402,-224609,4267
1689018205407,-224609,4267
1689018205410,-224609,4267
1689018205413,-224609,4267
1689018205416,-224609,4267
1689018205421,-224609,4267
1689018205425,-224609,4267
1689018205429,-224609,4267
1689018205432,-224609,4267
1689018205434,-224609,4267
1689018205437,-224609,4267
1689018205439,-224609,4267
1689018205441,-224609,4267
1689018205443,-224609,4267
1689018205445,-224609,4267
1689018205447,-224609,4267
1689018205449,-224609,4267
1689018205452,-224609,4267
1689018205454,-224609,4267
1689018205456,-224609,4267
1689018205458,-224609,4267
1689018205460,-224609,4267
1689018205463,-224609,4267
1689018205465,-224609,4267
1689018205467,-224609,4267
1689018205469,-224609,4267
1689018205470,-224609,4267
1689018205473,-224609,4267
1689018205477,-224609,4267
1689018205480,-224609,4267
1689018205483,-224609,4267
1689018205486,-224609,4267
1689018205489,-224609,4267
1689018205493,-224609,4267
1689018205497,-224609,4267
1689018205501,-224609,4267
1689018205504,-224609,4267
1689018205507,-224609,4267
1689018205511,-224609,4267
1689018205516,-224609,4267
1689018205519,-224609,4267
1689018205525,-224609,4267
1689018205530,-224609,4267
1689018205535,-224609,4267
1689018205539,-224609,4267
1689018205543,-224609,4267
1689018205546,-224609,4267
1689018205549,-224609,4267
1689018205553,-224609,4267
1689018205556,-224609,4267
1689018205559,-224609,4267
1689018205563,-224609,4267
1689018205566,-224609,4267
1689018205569,-224609,4267
1689018205573,-224609,4267
1689018205576,-224609,4267
1689018205581,-224609,4267
1689018205585,-224609,4267
1689018205588,-224609,4267
1689018205593,-224609,4267
1689018205597,-224609,4267
1689018205601,-224609,4267
1689018205605,-224609,4267
1689018205608,-224609,4267
1689018205612,-224609,4267
1689018205617,-224609,4267
1689018205621,-224609,4267
1689018205625,-224609,4267
1689018205628,-224609,4267
1689018205632,-224609,4267
1689018205635,-224609,4267
1689018205638,-224609,4267
1689018205642,-224609,4267
1689018205646,-224609,4267
1689018205649,-224609,4267
1689018205652,-224609,4267
1689018205656,-224609,4267
1689018205660,-224609,4267
1689018205663,-224609,4267
1689018205666,-224609,4267
1689018205670,-224609,4267
1689018205675,-224609,4267
1689018205678,-224609,4267
1689018205681,-224609,4267
1689018205684,-224609,4267
1689018205687,-224609,4267
1689018205691,-224609,4267
1689018205695,-224609,4267
1689018205699,-224609,4267
1689018205702,-224609,4267
1689018205706,-224609,4267
1689018205709,-224609,4267
1689018205712,-224609,4267
1689018205714,-224609,4267
1689018205717,-224609,4267
1689018205719,-224609,4267
1689018205721,-224609,4267
1689018205724,-224609,4267
1689018205726,-224609,4267
1689018205729,-224609,4267
1689018205732,-224609,4267
1689018205737,-224609,4267
1689018205740,-224609,4267
1689018205743,-224609,4267
1689018205747,-224609,4267
1689018205750,-224609,4267
1689018205753,-224609,4267
1689018205757,-224609,4267
1689018205760,-224609,4267
1689018205764,-224609,4267
1689018205768,-224609,4267
1689018205772,-224609,4267
1689018205776,-224609,4267
1689018205779,-224609,4267
1689018205783,-224609,4267
1689018205786,-224609,4267
1689018205790,-224609,4267
1689018205795,-224609,4267
1689018205798,-224609,4267
1689018205802,-224609,4267
1689018205805,-224609,4267
1689018205808,-224609,4267
1689018205812,-224609,4267
1689018205817,-224609,4267
1689018205821,-224609,4267
1689018205825,-224609,4267
1689018205828,-224609,4267
1689018205831,-224609,4267
1689018205835,-224609,4267
1689018205838,-224609,4267
1689018205841,-224609,4267
1689018205844,-224609,4267
1689018205847,-224609,4267
1689018205852,-224609,4267
1689018205857,-224609,4267
1689018205860,-224609,4267
1689018205864,-224609,4267
1689018205867,-224609,4267
1689018205869,-224609,4267
1689018205873,-224609,4267
1689018205876,-224609,4267
1689018205879,-224609,4267
1689018205883,-224609,4267
1689018205886,-224609,4267
1689018205889,-224609,4267
1689018205893,-224609,4267
1689018205897,-224609,4267
1689018205901,-224609,4267
1689018205904,-224609,4267
1689018205907,-224609,4267
1689018205911,-224609,4267
1689018205915,-224609,4267
1689018205918,-224609,4267
1689018205921,-224609,4267
1689018205924,-224609,4267
1689018205927,-224609,4267
1689018205931,-224609,4267
1689018205935,-224609,4267
1689018205939,-224609,4267
1689018205943,-224609,4267
1689018205947,-224609,4267
1689018205950,-224609,4267
1689018205956,-224609,4267
1689018205959,-224609,4267
1689018205962,-224609,4267
1689018205965,-224609,4267
1689018205969,-224609,4267
1689018205973,-224609,4267
1689018205977,-224609,4267
1689018205980,-224609,4267
1689018205982,-224609,4267
1689018205985,-224609,4267
1689018205988,-224609,4267
1689018205997,-224609,4267
1689018206003,-224609,4267
1689018206006,-224609,4267
1689018206008,-224609,4267
1689018206011,-224609,4267
1689018206015,-224609,4267
1689018206019,-224609,4267
1689018206022,-224609,4267
1689018206025,-224609,4267
1689018206027,-224609,4267
1689018206031,-224609,4267
1689018206034,-224609,4267
1689018206037,-224609,4267
1689018206042,-224609,4267
1689018206051,-224609,4267
1689018206053,-224609,4267
1689018206056,-224609,4267
1689018206060,-224609,4267
1689018206062,-224609,4267
1689018206063,-224609,4267
1689018206065,-224609,4267
1689018206066,-224609,4267
1689018206067,-224609,4267
1689018206068,-224609,4267
1689018206070,-224609,4267
1689018206072,-224609,4267
1689018206074,-224609,4267
1689018206076,-224609,4267
1689018206077,-224609,4267
1689018206080,-224609,4267
1689018206082,-224609,4267
1689018206084,-224609,4267
1689018206086,-224609,4267
1689018206087,-224609,4267
1689018206090,-224609,4267
1689018206092,-224609,4267
1689018206094,-224609,4267
1689018206096,-224609,4267
1689018206098,-224609,4267
1689018206104,-224609,4267
1689018206107,-224609,4267
1689018206109,-224609,4267
1689018206113,-224609,4267
1689018206116,-224609,4267
1689018206118,-224609,4267
1689018206120,-224609,4267
1689018206123,-224609,4267
1689018206124,-224609,4267
1689018206126,-224609,4267
1689018206128,-224609,4267
1689018206130,-224609,4267
1689018206133,-224609,4267
1689018206135,-224609,4267
1689018206137,-224609,4267
1689018206139,-224609,4267
1689018206141,-224609,4267
1689018206143,-224609,4267
1689018206145,-224609,4267
1689018206148,-224609,4267
1689018206151,-224609,4267
1689018206153,-224609,4267
1689018206155,-224609,4267
1689018206157,-224609,4267
1689018206158,-224609,4267
1689018206161,-224609,4267
1689018206163,-224609,4267
1689018206164,-224609,4267
1689018206166,-224609,4267
1689018206168,-224609,4267
1689018206171,-224609,4267
1689018206173,-224609,4267
1689018206176,-224609,4267
1689018206178,-224609,4267
1689018206181,-224609,4267
1689018206183,-224609,4267
1689018206185,-224609,4267
1689018206188,-224609,4267
1689018206191,-224609,4267
1689018206193,-224609,4267
1689018206196,-224609,4267
1689018206198,-224609,4267
1689018206201,-224609,4267
1689018206204,-224609,4267
1689018206206,-224609,4267
1689018206209,-224609,4267
1689018206212,-224609,4267
1689018206215,-224609,4267
1689018206217,-224609,4267
1689018206220,-224609,4267
1689018206222,-224609,4267
1689018206225,-224609,4267
1689018206227,-224609,4267
1689018206229,-224609,4267
1689018206231,-224609,4267
1689018206233,-224609,4267
1689018206235,-224609,4267
1689018206237,-224609,4267
1689018206240,-224609,4267
1689018206242,-224609,4267
1689018206244,-224609,4267
1689018206246,-224609,4267
1689018206249,-224609,4267
1689018206252,-224609,4267
1689018206254,-224609,4267
1689018206256,-224609,4267
1689018206259,-224609,4267
1689018206261,-224609,4267
1689018206263,-224609,4267
1689018206265,-224609,4267
1689018206267,-224609,4267
1689018206269,-224609,4267
1689018206271,-224609,4267
1689018206274,-224609,4267
1689018206276,-224609,4267
1689018206278,-224609,4267
1689018206281,-224609,4267
1689018206283,-224609,4267
1689018206285,-224609,4267
1689018206287,-224609,4267
1689018206290,-224609,4267
1689018206293,-224609,4267
1689018206296,-224609,4267
1689018206298,-224609,4267
1689018206300,-224609,4267
1689018206303,-224609,4267
1689018206305,-224609,4267
1689018206308,-224609,4267
1689018206310,-224609,4267
1689018206313,-224609,4267
1689018206316,-224609,4267
1689018206318,-224609,4267
1689018206322,-224609,4267
1689018206324,-224609,4267
1689018206327,-224609,4267
1689018206329,-224609,4267
1689018206332,-224609,4267
1689018206335,-224609,4267
1689018206337,-224609,4267
1689018206339,-224609,4267
1689018206342,-224609,4267
1689018206344,-224609,4267
1689018206347,-224609,4267
1689018206350,-224609,4267
1689018206353,-224609,4267
1689018206355,-224609,4267
1689018206357,-224609,4267
1689018206361,-224609,4267
1689018206365,-224609,4267
1689018206368,-224609,4267
1689018206371,-224609,4267
1689018206375,-224609,4267
1689018206378,-224609,4267
1689018206381,-224609,4267
1689018206385,-224609,4267
1689018206387,-224609,4267
1689018206391,-224609,4267
1689018206394,-224609,4267
1689018206397,-224609,4267
1689018206401,-224609,4267
1689018206404,-224609,4267
1689018206407,-224609,4267
1689018206411,-224609,4267
1689018206415,-224609,4267
1689018206418,-224609,4267
1689018206422,-224609,4267
1689018206426,-224609,4267
1689018206429,-224609,4267
1689018206433,-224609,4267
1689018206435,-224609,4267
1689018206438,-224609,4267
1689018206442,-224609,4267
1689018206446,-224609,4267
1689018206452,-224609,4267
1689018206456,-224609,4267
1689018206460,-224609,4267
1689018206463,-224609,4267
1689018206467,-224609,4267
1689018206470,-224609,4267
1689018206474,-224609,4267
1689018206477,-224609,4267
1689018206484,-224609,4267
1689018206488,-224609,4267
1689018206496,-224609,4267
1689018206501,-224609,4267
1689018206507,-224609,4267
1689018206513,-224609,4267
1689018206517,-224609,4267
1689018206522,-224609,4267
1689018206525,-224609,4267
1689018206528,-224609,4267
1689018206532,-224609,4267
1689018206536,-224609,4267
1689018206539,-224609,4267
1689018206542,-224609,4267
1689018206552,-224609,4267
1689018206557,-224609,4267
1689018206561,-224609,4267
1689018206564,-224609,4267
1689018206567,-224609,4267
1689018206572,-224609,4267
1689018206575,-224609,4267
1689018206579,-224609,4267
1689018206582,-224609,4267
1689018206585,-224609,4267
1689018206588,-224609,4267
1689018206591,-224609,4267
1689018206595,-224609,4267
1689018206598,-224609,4267
1689018206602,-224609,4267
1689018206605,-224609,4267
1689018206609,-224609,4267
1689018206613,-224609,4267
1689018206617,-224609,4267
1689018206620,-224609,4267
1689018206623,-224609,4267
1689018206627,-224609,4267
1689018206631,-224609,4267
1689018206635,-224609,4267
1689018206638,-224609,4267
1689018206641,-224609,4267
1689018206645,-224609,4267
1689018206648,-224609,4267
1689018206653,-224609,4267
1689018206656,-224609,4267
1689018206659,-224609,4267
1689018206663,-224609,4267
1689018206666,-224609,4267
1689018206669,-224609,4267
1689018206673,-224609,4267
1689018206676,-224609,4267
1689018206679,-224609,4267
1689018206683,-224609,4267
1689018206686,-224609,4267
1689018206691,-224609,4267
1689018206695,-224609,4267
1689018206699,-224609,4267
1689018206702,-224609,4267
1689018206705,-224609,4267
1689018206708,-224609,4267
1689018206712,-224609,4267
1689018206716,-224609,4267
1689018206719,-224609,4267
1689018206722,-161132,4267
1689018206725,-161132,4267
1689018206730,-161132,4267
1689018206734,-161132,4267
1689018206737,-161132,4267
1689018206740,-161132,4267
1689018206744,-161132,4267
1689018206747,-161132,4267
1689018206749,-161132,4267
1689018206754,-161132,4267
1689018206757,-161132,4267
1689018206760,-161132,4267
1689018206763,-161132,4267
1689018206766,-161132,4267
1689018206771,-161132,4267
1689018206775,-161132,4267
1689018206778,-161132,4267
1689018206781,-161132,4267
1689018206785,-161132,4267
1689018206788,-161132,4267
1689018206792,-161132,4267
1689018206795,-161132,4267
1689018206798,-161132,4267
1689018206801,-161132,4267
1689018206805,-161132,4267
1689018206808,-161132,4267
1689018206812,-161132,4267
1689018206816,-161132,4267
1689018206819,-161132,4267
1689018206822,-161132,4267
1689018206825,-161132,4267
1689018206828,-161132,4267
1689018206832,-161132,4267
1689018206835,-161132,4267
1689018206838,-161132,4267
1689018206843,-161132,4267
1689018206847,-161132,4267
1689018206852,-161132,4267
1689018206855,-161132,4267
1689018206859,-161132,4267
1689018206862,-161132,4267
1689018206865,-161132,4267
1689018206868,-161132,4267
1689018206872,-161132,4267
1689018206876,-161132,4267
1689018206880,-161132,4267
1689018206883,-161132,4267
1689018206886,-161132,4267
1689018206889,-161132,4267
1689018206893,-161132,4267
1689018206895,-161132,4267
1689018206898,-161132,4267
1689018206901,-161132,4267
1689018206904,-161132,4267
1689018206907,-161132,4267
1689018206910,-161132,4267
1689018206913,-161132,4267
1689018206916,-161132,4267
1689018206919,-161132,4267
1689018206921,-161132,4267
1689018206924,-161132,4267
1689018206928,-161132,4267
1689018206931,-161132,4267
1689018206934,-161132,4267
1689018206937,-161132,4267
1689018206940,-161132,4267
1689018206944,-161132,4267
1689018206947,-161132,4267
1689018206949,-161132,4267
1689018206953,-161132,4267
1689018206956,-161132,4267
1689018206959,-161132,4267
1689018206962,-161132,4267
1689018206965,-161132,4267
1689018206968,-161132,4267
1689018206971,-161132,4267
1689018206975,-161132,4267
1689018206979,-161132,4267
1689018206986,-161132,4267
1689018206990,-161132,4267
1689018206994,-161132,4267
1689018206997,-161132,4267
1689018207001,-161132,4267
1689018207004,-161132,4267
1689018207008,-161132,4267
1689018207012,-161132,4267
1689018207016,-161132,4267
1689018207018,-161132,4267
1689018207022,-161132,4267
1689018207025,-161132,4267
1689018207028,-161132,4267
1689018207031,-161132,4267
1689018207035,-161132,4267
1689018207038,-161132,4267
1689018207041,-161132,4267
1689018207044,-161132,4267
1689018207047,-161132,4267
1689018207052,-161132,4267
1689018207056,-161132,4267
1689018207059,-161132,4267
1689018207062,-161132,4267
1689018207065,-161132,4267
1689018207068,-161132,4267
1689018207072,-161132,4267
1689018207075,-161132,4267
1689018207078,-161132,4267
1689018207082,-161132,4267
1689018207086,-161132,4267
1689018207089,-161132,4267
1689018207093,-161132,4267
1689018207096,-161132,4267
1689018207100,-161132,4267
1689018207103,-161132,4267
1689018207107,-161132,4267
1689018207110,-161132,4267
1689018207115,-161132,4267
1689018207118,-161132,4267
1689018207121,-161132,4267
1689018207125,-161132,4267
1689018207129,-161132,4267
1689018207134,-161132,4267
1689018207137,-161132,4267
1689018207140,-161132,4267
1689018207144,-161132,4267
1689018207147,-161132,4267
1689018207151,-161132,4267
1689018207154,-161132,4267
1689018207158,-161132,4267
1689018207162,-161132,4267
1689018207166,-161132,4267
1689018207171,-161132,4267
1689018207175,-161132,4267
1689018207179,-161132,4267
1689018207182,-161132,4267
1689018207185,-161132,4267
1689018207188,-161132,4267
1689018207192,-161132,4267
1689018207197,-161132,4267
1689018207200,-161132,4267
1689018207205,-161132,4267
1689018207210,-161132,4267
1689018207213,-161132,4267
1689018207217,-161132,4267
1689018207221,-161132,4267
1689018207224,-161132,4267
1689018207227,-161132,4267
1689018207231,-161132,4267
1689018207235,-161132,4267
1689018207238,-161132,4267
1689018207241,-161132,4267
1689018207243,-161132,4267
1689018207246,-161132,4267
1689018207249,-161132,4267
1689018207252,-161132,4267
1689018207256,-161132,4267
1689018207258,-161132,4267
1689018207261,-161132,4267
1689018207263,-161132,4267
1689018207266,-161132,4267
1689018207268,-161132,4267
1689018207271,-161132,4267
1689018207273,-161132,4267
1689018207276,-161132,4267
1689018207278,-161132,4267
1689018207280,-161132,4267
1689018207282,-161132,4267
1689018207285,-161132,4267
1689018207287,-161132,4267
1689018207290,-161132,4267
1689018207293,-161132,4267
1689018207295,-161132,4267
1689018207298,-161132,4267
1689018207300,-161132,4267
1689018207303,-161132,4267
1689018207305,-161132,4267
1689018207308,-161132,4267
1689018207311,-161132,4267
1689018207314,-161132,4267
1689018207316,-161132,4267
1689018207318,-161132,4267
1689018207320,-161132,4267
1689018207323,-161132,4267
1689018207326,-161132,4267
1689018207328,-161132,4267
1689018207331,-161132,4267
1689018207333,-161132,4267
1689018207335,-161132,4267
1689018207338,-161132,4267
1689018207340,-161132,4267
1689018207342,-161132,4267
1689018207345,-161132,4267
1689018207347,-161132,4267
1689018207349,-161132,4267
1689018207352,-161132,4267
1689018207355,-161132,4267
1689018207357,-161132,4267
1689018207359,-161132,4267
1689018207361,-161132,4267
1689018207364,-161132,4267
1689018207366,-161132,4267
1689018207368,-161132,4267
1689018207371,-161132,4267
1689018207373,-161132,4267
1689018207375,-161132,4267
1689018207378,-161132,4267
1689018207380,-161132,4267
1689018207383,-161132,4267
1689018207385,-161132,4267
1689018207387,-161132,4267
1689018207390,-161132,4267
1689018207392,-161132,4267
1689018207395,-161132,4267
1689018207397,-161132,4267
1689018207399,-161132,4267
1689018207402,-161132,4267
1689018207405,-161132,4267
1689018207408,-161132,4267
1689018207410,-161132,4267
1689018207413,-161132,4267
1689018207416,-161132,4267
1689018207418,-161132,4267
1689018207420,-161132,4267
1689018207423,-161132,4267
1689018207425,-161132,4267
1689018207427,-161132,4267
1689018207430,-161132,4267
1689018207432,-161132,4267
1689018207435,-161132,4267
1689018207437,-161132,4267
1689018207439,-161132,4267
1689018207442,-161132,4267
1689018207445,-161132,4267
1689018207447,-161132,4267
1689018207450,-161132,4267
1689018207453,-161132,4267
1689018207456,-161132,4267
1689018207458,-161132,4267
1689018207461,-161132,4267
1689018207463,-161132,4267
1689018207466,-161132,4267
1689018207469,-161132,4267
1689018207472,-161132,4267
1689018207475,-161132,4267
1689018207477,-161132,4267
1689018207480,-161132,4267
1689018207482,-161132,4267
1689018207485,-161132,4267
1689018207488,-161132,4267
1689018207492,-161132,4267
1689018207495,-161132,4267
1689018207498,-161132,4267
1689018207502,-161132,4267
1689018207506,-161132,4267
1689018207509,-161132,4267
1689018207512,-161132,4267
1689018207516,-161132,4267
1689018207519,-161132,4267
1689018207522,-161132,4267
1689018207526,-161132,4267
1689018207529,-161132,4267
1689018207534,-161132,4267
1689018207537,-161132,4267
1689018207541,-161132,4267
1689018207545,-161132,4267
1689018207548,-161132,4267
1689018207552,-161132,4267
1689018207555,-161132,4267
1689018207558,-161132,4267
1689018207562,-161132,4267
1689018207566,-161132,4267
1689018207569,-161132,4267
1689018207574,-161132,4267
1689018207577,-161132,4267
1689018207580,-161132,4267
1689018207584,-161132,4267
1689018207587,-161132,4267
1689018207591,-161132,4267
1689018207595,-161132,4267
1689018207598,-161132,4267
1689018207603,-161132,4267
1689018207607,-161132,4267
1689018207611,-161132,4267
1689018207615,-161132,4267
1689018207618,-161132,4267
1689018207621,-161132,4267
1689018207625,-161132,4267
1689018207628,-161132,4267
1689018207632,-161132,4267
1689018207635,-161132,4267
1689018207638,-161132,4267
1689018207642,-161132,4267
1689018207646,-161132,4267
1689018207650,-161132,4267
1689018207654,-161132,4267
1689018207657,-161132,4267
1689018207661,-161132,4267
1689018207664,-161132,4267
1689018207667,-161132,4267
1689018207669,-161132,4267
1689018207673,-161132,4267
1689018207676,-161132,4267
1689018207679,-161132,4267
1689018207683,-161132,4267
1689018207687,-161132,4267
1689018207691,-161132,4267
1689018207694,-161132,4267
1689018207697,-161132,4267
1689018207700,-161132,4267
1689018207703,-161132,4267
1689018207706,-161132,4267
1689018207709,-161132,4267
1689018207713,-161132,4267
1689018207717,-161132,4267
1689018207719,-161132,4267
1689018207723,-161132,4267
1689018207727,-161132,4267
1689018207730,-161132,4267
1689018207734,-161132,4267
1689018207737,-161132,4267
1689018207741,-161132,4267
1689018207744,-161132,4267
1689018207747,-161132,4267
1689018207751,-161132,4267
1689018207754,-161132,4267
1689018207757,-161132,4267
1689018207760,-161132,4267
1689018207764,-161132,4267
1689018207768,-161132,4267
1689018207773,-161132,4267
1689018207776,-161132,4267
1689018207779,-161132,4267
1689018207783,-161132,4267
1689018207786,-161132,4267
1689018207789,-161132,4267
1689018207793,-161132,4267
1689018207796,-161132,4267
1689018207800,-161132,4267
1689018207805,-161132,4267
1689018207809,-161132,4267
1689018207812,-161132,4267
1689018207815,-161132,4267
1689018207819,-161132,4267
1689018207822,-161132,4267
1689018207826,-161132,4267
1689018207829,-161132,4267
1689018207833,-161132,4267
1689018207837,-161132,4267
1689018207841,-161132,4267
1689018207845,-161132,4267
1689018207848,-161132,4267
1689018207852,-161132,4267
1689018207855,-161132,4267
1689018207858,-161132,4267
1689018207862,-161132,4267
1689018207865,-161132,4267
1689018207868,-161132,4267
1689018207873,-161132,4267
1689018207876,-161132,4267
1689018207879,-161132,4267
1689018207883,-161132,4267
1689018207887,-161132,4267
1689018207890,-161132,4267
1689018207894,-161132,4267
1689018207897,-161132,4267
1689018207901,-161132,4267
1689018207904,-161132,4267
1689018207907,-161132,4267
1689018207911,-161132,4267
1689018207914,-161132,4267
1689018207917,-161132,4267
1689018207920,-161132,4267
1689018207925,-161132,4267
1689018207928,-161132,4267
1689018207932,-161132,4267
1689018207935,-161132,4267
1689018207938,-161132,4267
1689018207942,-161132,4267
1689018207945,-161132,4267
1689018207948,-161132,4267
1689018207952,-161132,4267
1689018207956,-161132,4267
1689018207960,-161132,4267
1689018207964,-161132,4267
1689018207967,-161132,4267
1689018207971,-161132,4267
1689018207975,-161132,4267
1689018207983,-161132,4267
1689018207988,-161132,4267
1689018207994,-161132,4267
1689018208001,-161132,4267
1689018208006,-161132,4267
1689018208009,-161132,4267
1689018208013,-161132,4267
1689018208017,-161132,4267
1689018208020,-161132,4267
1689018208024,-161132,4267
1689018208029,-161132,4267
1689018208034,-161132,4267
1689018208038,-161132,4267
1689018208041,-161132,4267
1689018208045,-161132,4267
1689018208048,-161132,4267
1689018208051,-161132,4267
1689018208054,-161132,4267
1689018208057,-161132,4267
1689018208059,-161132,4267
1689018208062,-161132,4267
1689018208065,-161132,4267
1689018208068,-161132,4267
1689018208072,-161132,4267
1689018208075,-161132,4267
1689018208078,-161132,4267
1689018208082,-161132,4267
1689018208086,-161132,4267
1689018208089,-161132,4267
1689018208093,-161132,4267
1689018208096,-161132,4267
1689018208099,-161132,4267
1689018208103,-161132,4267
1689018208107,-161132,4267
1689018208110,-161132,4267
1689018208114,-161132,4267
1689018208117,-161132,4267
1689018208120,-161132,4267
1689018208124,-161132,4267
1689018208127,-161132,4267
1689018208130,-161132,4267
1689018208134,-161132,4267
1689018208137,-161132,4267
1689018208140,-161132,4267
1689018208144,-161132,4267
1689018208147,-161132,4267
1689018208151,-161132,4267
1689018208154,-161132,4267
1689018208157,-161132,4267
1689018208161,-161132,4267
1689018208165,-161132,4267
1689018208168,-161132,4267
1689018208171,-161132,4267
1689018208174,-161132,4267
1689018208177,-161132,4267
1689018208181,-161132,4267
1689018208183,-161132,4267
1689018208186,-161132,4267
1689018208189,-157226,4267
1689018208193,-157226,4267
1689018208197,-157226,4267
1689018208200,-157226,4267
1689018208204,-157226,4267
1689018208207,-157226,4267
1689018208211,-157226,4267
1689018208215,-157226,4267
1689018208218,-157226,4267
1689018208222,-157226,4267
1689018208225,-157226,4267
1689018208228,-157226,4267
1689018208232,-157226,4267
1689018208235,-157226,4267
1689018208238,-157226,4267
1689018208241,-157226,4267
1689018208245,-157226,4267
1689018208248,-157226,4267
1689018208251,-157226,4267
1689018208255,-157226,4267
1689018208258,-157226,4267
1689018208261,-157226,4267
1689018208264,-157226,4267
1689018208267,-157226,4267
1689018208270,-157226,4267
1689018208274,-157226,4267
1689018208276,-157226,4267
1689018208279,-157226,4267
1689018208281,-157226,4267
1689018208284,-157226,4267
1689018208286,-157226,4267
1689018208288,-157226,4267
1689018208291,-157226,4267
1689018208294,-157226,4267
1689018208297,-157226,4267
1689018208300,-157226,4267
1689018208303,-157226,4267
1689018208306,-157226,4267
1689018208308,-157226,4267
1689018208312,-157226,4267
1689018208316,-157226,4267
1689018208320,-157226,4267
1689018208324,-157226,4267
1689018208327,-157226,4267
1689018208330,-157226,4267
1689018208333,-157226,4267
1689018208336,-157226,4267
1689018208339,-157226,4267
1689018208343,-157226,4267
1689018208346,-157226,4267
1689018208349,-157226,4267
1689018208353,-157226,4267
1689018208357,-157226,4267
1689018208361,-157226,4267
1689018208365,-157226,4267
1689018208367,-157226,4267
1689018208370,-157226,4267
1689018208373,-157226,4267
1689018208375,-157226,4267
1689018208377,-157226,4267
1689018208380,-157226,4267
1689018208383,-157226,4267
1689018208386,-157226,4267
1689018208388,-157226,4267
1689018208391,-157226,4267
1689018208394,-157226,4267
1689018208396,-157226,4267
1689018208399,-157226,4267
1689018208402,-157226,4267
1689018208404,-157226,4267
1689018208407,-157226,4267
1689018208409,-157226,4267
1689018208412,-157226,4267
1689018208414,-157226,4267
1689018208417,-157226,4267
1689018208419,-157226,4267
1689018208422,-157226,4267
1689018208424,-157226,4267
1689018208427,-157226,4267
1689018208429,-157226,4267
1689018208431,-157226,4267
1689018208434,-157226,4267
1689018208443,-157226,4267
1689018208447,-157226,4267
1689018208451,-157226,4267
1689018208454,-157226,4267
1689018208458,-157226,4267
1689018208462,-157226,4267
1689018208466,-157226,4267
1689018208474,-157226,4267
1689018208478,-157226,4267
1689018208482,-157226,4267
1689018208495,-157226,4267
1689018208498,-157226,4267
1689018208500,-157226,4267
1689018208503,-157226,4267
1689018208504,-157226,4267
1689018208506,-157226,4267
1689018208508,-157226,4267
1689018208510,-157226,4267
1689018208512,-157226,4267
1689018208514,-157226,4267
1689018208516,-157226,4267
1689018208519,-157226,4267
1689018208521,-157226,4267
1689018208523,-157226,4267
1689018208525,-157226,4267
1689018208526,-157226,4267
1689018208528,-157226,4267
1689018208530,-157226,4267
1689018208532,-157226,4267
1689018208534,-157226,4267
1689018208536,-157226,4267
1689018208538,-157226,4267
1689018208540,-157226,4267
1689018208542,-157226,4267
1689018208544,-157226,4267
1689018208546,-157226,4267
1689018208548,-157226,4267
1689018208549,-157226,4267
1689018208552,-157226,4267
1689018208555,-157226,4267
1689018208558,-157226,4267
1689018208561,-157226,4267
1689018208563,-157226,4267
1689018208566,-157226,4267
1689018208568,-157226,4267
1689018208572,-157226,4267
1689018208574,-157226,4267
1689018208577,-157226,4267
1689018208579,-157226,4267
1689018208582,-157226,4267
1689018208585,-157226,4267
1689018208587,-157226,4267
1689018208590,-157226,4267
1689018208593,-157226,4267
1689018208595,-157226,4267
1689018208598,-157226,4267
1689018208601,-157226,4267
1689018208604,-157226,4267
1689018208607,-157226,4267
1689018208609,-157226,4267
1689018208613,-157226,4267
1689018208616,-157226,4267
1689018208619,-157226,4267
1689018208622,-157226,4267
1689018208625,-157226,4267
1689018208628,-157226,4267
1689018208630,-157226,4267
1689018208634,-157226,4267
1689018208638,-157226,4267
1689018208643,-157226,4267
1689018208647,-157226,4267
1689018208649,-157226,4267
1689018208652,-157226,4267
1689018208655,-157226,4267
1689018208658,-157226,4267
1689018208661,-157226,4267
1689018208664,-157226,4267
1689018208666,-157226,4267
1689018208668,-157226,4267
1689018208669,-157226,4267
1689018208672,-157226,4267
1689018208674,-157226,4267
1689018208676,-157226,4267
1689018208678,-157226,4267
1689018208680,-157226,4267
1689018208683,-157226,4267
1689018208687,-157226,4267
1689018208689,-157226,4267
1689018208691,-157226,4267
1689018208692,-157226,4267
1689018208694,-157226,4267
1689018208696,-157226,4267
1689018208697,-157226,4267
1689018208699,-157226,4267
1689018208701,-157226,4267
1689018208703,-157226,4267
1689018208705,-157226,4267
1689018208706,-157226,4267
1689018208708,-157226,4267
1689018208709,-157226,4267
1689018208713,-157226,4267
1689018208718,-157226,4267
1689018208722,-157226,4267
1689018208725,-157226,4267
1689018208728,-157226,4267
1689018208732,-157226,4267
1689018208736,-157226,4267
1689018208738,-157226,4267
1689018208742,-157226,4267
1689018208745,-157226,4267
1689018208748,-157226,4267
1689018208752,-157226,4267
1689018208755,-157226,4267
1689018208759,-157226,4267
1689018208763,-157226,4267
1689018208766,-157226,4267
1689018208769,-157226,4267
1689018208771,-157226,4267
1689018208775,-157226,4267
1689018208778,-157226,4267
1689018208781,-157226,4267
1689018208784,-157226,4267
1689018208787,-157226,4267
1689018208789,-157226,4267
1689018208793,-157226,4267
1689018208796,-157226,4267
1689018208800,-157226,4267
1689018208803,-157226,4267
1689018208805,-157226,4267
1689018208807,-157226,4267
1689018208808,-157226,4267
1689018208811,-157226,4267
1689018208813,-157226,4267
1689018208816,-157226,4267
1689018208819,-157226,4267
1689018208822,-157226,4267
1689018208825,-157226,4267
1689018208828,-157226,4267
1689018208831,-157226,4267
1689018208835,-157226,4267
1689018208838,-157226,4267
1689018208842,-157226,4267
1689018208845,-157226,4267
1689018208848,-157226,4267
1689018208851,-157226,4267
1689018208854,-157226,4267
1689018208857,-157226,4267
1689018208860,-157226,4267
1689018208863,-157226,4267
1689018208866,-157226,4267
1689018208869,-157226,4267
1689018208872,-157226,4267
1689018208875,-157226,4267
1689018208879,-157226,4267
1689018208882,-157226,4267
1689018208885,-157226,4267
1689018208888,-157226,4267
1689018208891,-157226,4267
1689018208895,-157226,4267
1689018208897,-157226,4267
1689018208901,-157226,4267
1689018208904,-157226,4267
1689018208907,-157226,4267
1689018208910,-157226,4267
1689018208914,-157226,4267
1689018208917,-157226,4267
1689018208921,-157226,4267
1689018208925,-157226,4267
1689018208928,-157226,4267
1689018208931,-157226,4267
1689018208934,-157226,4267
1689018208937,-157226,4267
1689018208941,-157226,4267
1689018208945,-157226,4267
1689018208948,-157226,4267
1689018208951,-157226,4267
1689018208955,-157226,4267
1689018208958,-157226,4267
1689018208962,-157226,4267
1689018208965,-157226,4267
1689018208968,-157226,4267
1689018208972,-157226,4267
1689018208975,-157226,4267
1689018208978,-157226,4267
1689018208981,-157226,4267
1689018208984,-157226,4267
1689018208987,-157226,4267
1689018208990,-157226,4267
1689018208994,-157226,4267
1689018208997,-157226,4267
1689018209001,-157226,4267
1689018209005,-157226,4267
1689018209008,-157226,4267
1689018209012,-157226,4267
1689018209015,-157226,4267
1689018209018,-157226,4267
1689018209021,-157226,4267
1689018209024,-157226,4267
1689018209027,-157226,4267
1689018209029,-157226,4267
1689018209034,-157226,4267
1689018209037,-157226,4267
1689018209041,-157226,4267
1689018209044,-157226,4267
1689018209047,-157226,4267
1689018209051,-157226,4267
1689018209054,-157226,4267
1689018209057,-157226,4267
1689018209060,-157226,4267
1689018209063,-157226,4267
1689018209067,-157226,4267
1689018209069,-157226,4267
1689018209073,-157226,4267
1689018209077,-157226,4267
1689018209081,-157226,4267
1689018209084,-157226,4267
1689018209087,-157226,4267
1689018209091,-157226,4267
1689018209095,-157226,4267
1689018209098,-157226,4267
1689018209100,-157226,4267
1689018209103,-157226,4267
1689018209106,-157226,4267
1689018209109,-157226,4267
1689018209113,-157226,4267
1689018209117,-157226,4267
1689018209122,-157226,4267
1689018209125,-157226,4267
1689018209128,-157226,4267
1689018209132,-157226,4267
1689018209135,-157226,4267
1689018209138,-157226,4267
1689018209142,-157226,4267
1689018209145,-157226,4267
1689018209148,-157226,4267
1689018209153,-157226,4267
1689018209157,-157226,4267
1689018209160,-157226,4267
1689018209163,-157226,4267
1689018209166,-157226,4267
1689018209170,-157226,4267
1689018209174,-157226,4267
1689018209177,-157226,4267
1689018209179,-157226,4267
1689018209183,-157226,4267
1689018209186,-157226,4267
1689018209189,-157226,4267
1689018209193,-157226,4267
1689018209197,-157226,4267
1689018209201,-157226,4267
1689018209205,-157226,4267
1689018209208,-157226,4267
1689018209211,-157226,4267
1689018209214,-157226,4267
1689018209217,-157226,4267
1689018209220,-157226,4267
1689018209223,-157226,4267
1689018209226,-157226,4267
1689018209229,-157226,4267
1689018209233,-157226,4267
1689018209237,-157226,4267
1689018209242,-157226,4267
1689018209245,-157226,4267
1689018209248,-157226,4267
1689018209252,-157226,4267
1689018209255,-157226,4267
1689018209258,-157226,4267
1689018209263,-157226,4267
1689018209267,-157226,4267
1689018209270,-157226,4267
1689018209274,-157226,4267
1689018209277,-157226,4267
1689018209281,-157226,4267
1689018209284,-157226,4267
1689018209287,-157226,4267
1689018209291,-157226,4267
1689018209294,-157226,4267
1689018209297,-157226,4267
1689018209299,-157226,4267
1689018209303,-157226,4267
1689018209306,-157226,4267
1689018209308,-157226,4267
1689018209312,-157226,4267
1689018209318,-157226,4267
1689018209322,-157226,4267
1689018209326,-157226,4267
1689018209329,-157226,4267
1689018209332,-157226,4267
1689018209336,-157226,4267
1689018209339,-157226,4267
1689018209342,-157226,4267
1689018209345,-157226,4267
1689018209348,-157226,4267
1689018209351,-157226,4267
1689018209356,-157226,4267
1689018209359,-157226,4267
1689018209362,-157226,4267
1689018209365,-157226,4267
1689018209368,-157226,4267
1689018209372,-157226,4267
1689018209375,-157226,4267
1689018209377,-157226,4267
1689018209380,-157226,4267
1689018209383,-157226,4267
1689018209385,-157226,4267
1689018209388,-157226,4267
1689018209393,-157226,4267
1689018209397,-157226,4267
1689018209401,-157226,4267
1689018209404,-157226,4267
1689018209407,-157226,4267
1689018209409,-157226,4267
1689018209413,-157226,4267
1689018209416,-157226,4267
1689018209419,-157226,4267
1689018209422,-157226,4267
1689018209425,-157226,4267
1689018209428,-157226,4267
1689018209431,-157226,4267
1689018209434,-157226,4267
1689018209437,-157226,4267
1689018209440,-157226,4267
1689018209443,-157226,4267
1689018209446,-157226,4267
1689018209449,-157226,4267
1689018209453,-157226,4267
1689018209456,-157226,4267
1689018209459,-157226,4267
1689018209462,-157226,4267
1689018209464,-157226,4267
1689018209467,-157226,4267
1689018209470,-157226,4267
1689018209474,-157226,4267
1689018209478,-157226,4267
1689018209482,-157226,4267
1689018209486,-157226,4267
1689018209489,-157226,4267
1689018209492,-157226,4267
1689018209496,-157226,4267
1689018209499,-157226,4267
1689018209502,-157226,4267
1689018209504,-157226,4267
1689018209508,-157226,4267
1689018209511,-157226,4267
1689018209514,-157226,4267
1689018209516,-157226,4267
1689018209518,-157226,4267
1689018209521,-157226,4267
1689018209523,-157226,4267
1689018209525,-157226,4267
1689018209527,-157226,4267
1689018209530,-157226,4267
1689018209532,-157226,4267
1689018209534,-157226,4267
1689018209537,-157226,4267
1689018209539,-157226,4267
1689018209542,-157226,4267
1689018209544,-157226,4267
1689018209546,-157226,4267
1689018209548,-157226,4267
1689018209551,-157226,4267
1689018209554,-157226,4267
1689018209556,-157226,4267
1689018209558,-157226,4267
1689018209560,-157226,4267
1689018209562,-157226,4267
1689018209564,-157226,4267
1689018209566,-157226,4267
1689018209568,-157226,4267
1689018209570,-157226,4267
1689018209573,-157226,4267
1689018209575,-157226,4267
1689018209577,-157226,4267
1689018209580,-157226,4267
1689018209582,-157226,4267
1689018209584,-157226,4267
1689018209587,-157226,4267
1689018209589,-157226,4267
1689018209592,-157226,4267
1689018209595,-157226,4267
1689018209597,-157226,4267
1689018209599,-157226,4267
1689018209602,-157226,4267
1689018209604,-157226,4267
1689018209606,-157226,4267
1689018209608,-157226,4267
1689018209610,-157226,4267
1689018209613,-157226,4267
1689018209615,-157226,4267
1689018209617,-157226,4267
1689018209620,-157226,4267
1689018209623,-157226,4267
1689018209625,-157226,4267
1689018209627,-157226,4267
1689018209629,-157226,4267
1689018209631,-157226,4267
1689018209634,-157226,4267
1689018209637,-157226,4267
1689018209639,-157226,4267
1689018209641,-157226,4267
1689018209644,-157226,4267
1689018209646,-157226,4267
1689018209648,-157226,4267
1689018209651,-157226,4267
1689018209653,-157226,4267
1689018209656,-233398,4267
1689018209658,-233398,4267
1689018209660,-233398,4267
1689018209662,-233398,4267
1689018209664,-233398,4267
1689018209667,-233398,4267
1689018209669,-233398,4267
1689018209671,-233398,4267
1689018209674,-233398,4267
1689018209676,-233398,4267
1689018209679,-233398,4267
1689018209681,-233398,4267
1689018209684,-233398,4267
1689018209686,-233398,4267
1689018209688,-233398,4267
1689018209691,-233398,4267
1689018209693,-233398,4267
1689018209696,-233398,4267
1689018209698,-233398,4267
1689018209701,-233398,4267
1689018209704,-233398,4267
1689018209706,-233398,4267
1689018209708,-233398,4267
1689018209710,-233398,4267
1689018209713,-233398,4267
1689018209715,-233398,4267
1689018209717,-233398,4267
1689018209719,-233398,4267
1689018209721,-233398,4267
1689018209724,-233398,4267
1689018209726,-233398,4267
1689018209728,-233398,4267
1689018209730,-233398,4267
1689018209732,-233398,4267
1689018209734,-233398,4267
1689018209736,-233398,4267
1689018209738,-233398,4267
1689018209740,-233398,4267
1689018209742,-233398,4267
1689018209744,-233398,4267
1689018209746,-233398,4267
1689018209748,-233398,4267
1689018209750,-233398,4267
1689018209753,-233398,4267
1689018209756,-233398,4267
1689018209758,-233398,4267
1689018209761,-233398,4267
1689018209764,-233398,4267
1689018209766,-233398,4267
1689018209769,-233398,4267
1689018209773,-233398,4267
1689018209776,-233398,4267
1689018209779,-233398,4267
1689018209783,-233398,4267
1689018209786,-233398,4267
1689018209789,-233398,4267
1689018209792,-233398,4267
1689018209796,-233398,4267
1689018209799,-233398,4267
1689018209802,-233398,4267
1689018209805,-233398,4267
1689018209808,-233398,4267
1689018209811,-233398,4267
1689018209815,-233398,4267
1689018209817,-233398,4267
1689018209820,-233398,4267
1689018209823,-233398,4267
1689018209825,-233398,4267
1689018209828,-233398,4267
1689018209832,-233398,4267
1689018209836,-233398,4267
1689018209838,-233398,4267
1689018209842,-233398,4267
1689018209845,-233398,4267
1689018209848,-233398,4267
1689018209851,-233398,4267
1689018209854,-233398,4267
1689018209857,-233398,4267
1689018209860,-233398,4267
1689018209863,-233398,4267
1689018209866,-233398,4267
1689018209868,-233398,4267
1689018209872,-233398,4267
1689018209875,-233398,4267
1689018209879,-233398,4267
1689018209882,-233398,4267
1689018209885,-233398,4267
1689018209887,-233398,4267
1689018209890,-233398,4267
1689018209894,-233398,4267
1689018209896,-233398,4267
1689018209899,-233398,4267
1689018209902,-233398,4267
1689018209905,-233398,4267
1689018209907,-233398,4267
1689018209910,-233398,4267
1689018209914,-233398,4267
1689018209917,-233398,4267
1689018209920,-233398,4267
1689018209924,-233398,4267
1689018209928,-233398,4267
1689018209931,-233398,4267
1689018209935,-233398,4267
1689018209938,-233398,4267
1689018209941,-233398,4267
1689018209944,-233398,4267
1689018209947,-233398,4267
1689018209950,-233398,4267
1689018209954,-233398,4267
1689018209958,-233398,4267
1689018209961,-233398,4267
1689018209964,-233398,4267
1689018209967,-233398,4267
1689018209970,-233398,4267
1689018209973,-233398,4267
1689018209976,-233398,4267
1689018209979,-233398,4267
1689018209983,-233398,4267
1689018209986,-233398,4267
1689018209989,-233398,4267
1689018209995,-233398,4267
1689018209998,-233398,4267
1689018210001,-233398,4267
1689018210004,-233398,4267
1689018210012,-233398,4267
1689018210017,-233398,4267
1689018210020,-233398,4267
1689018210024,-233398,4267
1689018210027,-233398,4267
1689018210029,-233398,4267
1689018210034,-233398,4267
1689018210037,-233398,4267
1689018210040,-233398,4267
1689018210044,-233398,4267
1689018210047,-233398,4267
1689018210049,-233398,4267
1689018210053,-233398,4267
1689018210056,-233398,4267
1689018210059,-233398,4267
1689018210062,-233398,4267
1689018210065,-233398,4267
1689018210069,-233398,4267
1689018210073,-233398,4267
1689018210076,-233398,4267
1689018210079,-233398,4267
1689018210082,-233398,4267
1689018210085,-233398,4267
1689018210088,-233398,4267
1689018210092,-233398,4267
1689018210095,-233398,4267
1689018210098,-233398,4267
1689018210102,-233398,4267
1689018210104,-233398,4267
1689018210107,-233398,4267
1689018210111,-233398,4267
1689018210115,-233398,4267
1689018210118,-233398,4267
1689018210121,-233398,4267
1689018210124,-233398,4267
1689018210127,-233398,4267
1689018210130,-233398,4267
1689018210134,-233398,4267
1689018210136,-233398,4267
1689018210139,-233398,4267
1689018210143,-233398,4267
1689018210147,-233398,4267
1689018210150,-233398,4267
1689018210155,-233398,4267
1689018210158,-233398,4267
1689018210161,-233398,4267
1689018210164,-233398,4267
1689018210166,-233398,4267
1689018210170,-233398,4267
1689018210174,-233398,4267
1689018210178,-233398,4267
1689018210181,-233398,4267
1689018210184,-233398,4267
1689018210187,-233398,4267
1689018210190,-233398,4267
1689018210194,-233398,4267
1689018210197,-233398,4267
1689018210201,-233398,4267
1689018210204,-233398,4267
1689018210207,-233398,4267
1689018210210,-233398,4267
1689018210214,-233398,4267
1689018210217,-233398,4267
1689018210220,-233398,4267
1689018210224,-233398,4267
1689018210227,-233398,4267
1689018210230,-233398,4267
1689018210235,-233398,4267
1689018210238,-233398,4267
1689018210242,-233398,4267
1689018210245,-233398,4267
1689018210247,-233398,4267
1689018210251,-233398,4267
1689018210254,-233398,4267
1689018210257,-233398,4267
1689018210260,-233398,4267
1689018210264,-233398,4267
1689018210267,-233398,4267
1689018210271,-233398,4267
1689018210275,-233398,4267
1689018210277,-233398,4267
1689018210281,-233398,4267
1689018210284,-233398,4267
1689018210287,-233398,4267
1689018210289,-233398,4267
1689018210294,-233398,4267
1689018210297,-233398,4267
1689018210299,-233398,4267
1689018210303,-233398,4267
1689018210306,-233398,4267
1689018210309,-233398,4267
1689018210313,-233398,4267
1689018210317,-233398,4267
1689018210320,-233398,4267
1689018210324,-233398,4267
1689018210327,-233398,4267
1689018210331,-233398,4267
1689018210334,-233398,4267
1689018210337,-233398,4267
1689018210340,-233398,4267
1689018210344,-233398,4267
1689018210347,-233398,4267
1689018210352,-233398,4267
1689018210356,-233398,4267
1689018210359,-233398,4267
1689018210363,-233398,4267
1689018210366,-233398,4267
1689018210369,-233398,4267
1689018210372,-233398,4267
1689018210375,-233398,4267
1689018210378,-233398,4267
1689018210381,-233398,4267
1689018210384,-233398,4267
1689018210387,-233398,4267
1689018210390,-233398,4267
1689018210394,-233398,4267
1689018210397,-233398,4267
1689018210401,-233398,4267
1689018210404,-233398,4267
1689018210407,-233398,4267
1689018210410,-233398,4267
1689018210414,-233398,4267
1689018210417,-233398,4267
1689018210421,-233398,4267
1689018210424,-233398,4267
1689018210427,-233398,4267
1689018210432,-233398,4267
1689018210435,-233398,4267
1689018210438,-233398,4267
1689018210442,-233398,4267
1689018210446,-233398,4267
1689018210450,-233398,4267
1689018210455,-233398,4267
1689018210459,-233398,4267
1689018210463,-233398,4267
1689018210466,-233398,4267
1689018210470,-233398,4267
1689018210474,-233398,4267
1689018210477,-233398,4267
1689018210480,-233398,4267
1689018210483,-233398,4267
1689018210486,-233398,4267
1689018210489,-233398,4267
1689018210492,-233398,4267
1689018210496,-233398,4267
1689018210498,-233398,4267
1689018210501,-233398,4267
1689018210505,-233398,4267
1689018210507,-233398,4267
1689018210511,-233398,4267
1689018210515,-233398,4267
1689018210518,-233398,4267
1689018210521,-233398,4267
1689018210524,-233398,4267
1689018210527,-233398,4267
1689018210531,-233398,4267
1689018210534,-233398,4267
1689018210537,-233398,4267
1689018210540,-233398,4267
1689018210544,-233398,4267
1689018210546,-233398,4267
1689018210551,-233398,4267
1689018210554,-233398,4267
1689018210557,-233398,4267
1689018210561,-233398,4267
1689018210564,-233398,4267
1689018210567,-233398,4267
1689018210570,-233398,4267
1689018210574,-233398,4267
1689018210577,-233398,4267
1689018210580,-233398,4267
1689018210584,-233398,4267
1689018210587,-233398,4267
1689018210592,-233398,4267
1689018210596,-233398,4267
1689018210599,-233398,4267
1689018210602,-233398,4267
1689018210604,-233398,4267
1689018210607,-233398,4267
1689018210610,-233398,4267
1689018210613,-233398,4267
1689018210616,-233398,4267
1689018210619,-233398,4267
1689018210621,-233398,4267
1689018210625,-233398,4267
1689018210628,-233398,4267
1689018210631,-233398,4267
1689018210635,-233398,4267
1689018210637,-233398,4267
1689018210640,-233398,4267
1689018210643,-233398,4267
1689018210645,-233398,4267
1689018210647,-233398,4267
1689018210649,-233398,4267
1689018210652,-233398,4267
1689018210654,-233398,4267
1689018210657,-233398,4267
1689018210659,-233398,4267
1689018210662,-233398,4267
1689018210664,-233398,4267
1689018210666,-233398,4267
1689018210669,-233398,4267
1689018210672,-233398,4267
1689018210675,-233398,4267
1689018210677,-233398,4267
1689018210679,-233398,4267
1689018210681,-233398,4267
1689018210684,-233398,4267
1689018210686,-233398,4267
1689018210688,-233398,4267
1689018210691,-233398,4267
1689018210693,-233398,4267
1689018210695,-233398,4267
1689018210697,-233398,4267
1689018210699,-233398,4267
1689018210702,-233398,4267
1689018210704,-233398,4267
1689018210707,-233398,4267
1689018210710,-233398,4267
1689018210712,-233398,4267
1689018210716,-233398,4267
1689018210722,-233398,4267
1689018210725,-233398,4267
1689018210730,-233398,4267
1689018210734,-233398,4267
1689018210736,-233398,4267
1689018210738,-233398,4267
1689018210740,-233398,4267
1689018210743,-233398,4267
1689018210745,-233398,4267
1689018210747,-233398,4267
1689018210749,-233398,4267
1689018210751,-233398,4267
1689018210754,-233398,4267
1689018210756,-233398,4267
1689018210758,-233398,4267
1689018210759,-233398,4267
1689018210761,-233398,4267
1689018210763,-233398,4267
1689018210765,-233398,4267
1689018210767,-233398,4267
1689018210768,-233398,4267
1689018210770,-233398,4267
1689018210772,-233398,4267
1689018210774,-233398,4267
1689018210775,-233398,4267
1689018210778,-233398,4267
1689018210779,-233398,4267
1689018210781,-233398,4267
1689018210784,-233398,4267
1689018210786,-233398,4267
1689018210788,-233398,4267
1689018210791,-233398,4267
1689018210793,-233398,4267
1689018210796,-233398,4267
1689018210798,-233398,4267
1689018210800,-233398,4267
1689018210803,-233398,4267
1689018210805,-233398,4267
1689018210807,-233398,4267
1689018210809,-233398,4267
1689018210812,-233398,4267
1689018210814,-233398,4267
1689018210816,-233398,4267
1689018210818,-233398,4267
1689018210820,-233398,4267
1689018210823,-233398,4267
1689018210825,-233398,4267
1689018210827,-233398,4267
1689018210829,-233398,4267
1689018210832,-233398,4267
1689018210834,-233398,4267
1689018210837,-233398,4267
1689018210839,-233398,4267
1689018210841,-233398,4267
1689018210844,-233398,4267
1689018210846,-233398,4267
1689018210848,-233398,4267
1689018210851,-233398,4267
1689018210853,-233398,4267
1689018210855,-233398,4267
1689018210858,-233398,4267
1689018210860,-233398,4267
1689018210863,-233398,4267
1689018210866,-233398,4267
1689018210869,-233398,4267
1689018210873,-233398,4267
1689018210876,-233398,4267
1689018210878,-233398,4267
1689018210883,-233398,4267
1689018210886,-233398,4267
1689018210888,-233398,4267
1689018210892,-233398,4267
1689018210895,-233398,4267
1689018210898,-233398,4267
1689018210902,-233398,4267
1689018210904,-233398,4267
1689018210908,-233398,4267
1689018210912,-233398,4267
1689018210915,-233398,4267
1689018210918,-233398,4267
1689018210921,-233398,4267
1689018210925,-233398,4267
1689018210928,-233398,4267
1689018210931,-233398,4267
1689018210934,-233398,4267
1689018210937,-233398,4267
1689018210940,-233398,4267
1689018210944,-233398,4267
1689018210947,-233398,4267
1689018210950,-233398,4267
1689018210954,-233398,4267
1689018210957,-233398,4267
1689018210961,-233398,4267
1689018210964,-233398,4267
1689018210967,-233398,4267
1689018210970,-233398,4267
1689018210973,-233398,4267
1689018210977,-233398,4267
1689018210981,-233398,4267
1689018210985,-233398,4267
1689018210989,-233398,4267
1689018210993,-233398,4267
1689018210996,-233398,4267
1689018210999,-233398,4267
1689018211003,-233398,4267
1689018211006,-233398,4267
1689018211009,-233398,4267
1689018211012,-233398,4267
1689018211016,-233398,4267
1689018211019,-233398,4267
1689018211023,-233398,4267
1689018211027,-233398,4267
1689018211031,-233398,4267
1689018211034,-233398,4267
1689018211037,-233398,4267
1689018211041,-233398,4267
1689018211044,-233398,4267
1689018211047,-233398,4267
1689018211050,-233398,4267
1689018211054,-233398,4267
1689018211057,-233398,4267
1689018211060,-233398,4267
1689018211063,-233398,4267
1689018211067,-233398,4267
1689018211072,-233398,4267
1689018211076,-233398,4267
1689018211078,-233398,4267
1689018211082,-233398,4267
1689018211085,-233398,4267
1689018211088,-233398,4267
1689018211091,-233398,4267
1689018211094,-233398,4267
1689018211097,-233398,4267
1689018211101,-233398,4267
1689018211104,-233398,4267
1689018211108,-233398,4267
1689018211111,-233398,4267
1689018211115,-233398,4267
1689018211117,-233398,4267
1689018211120,-233398,4267
1689018211124,-156249,4267
1689018211127,-156249,4267
1689018211129,-156249,4267
1689018211133,-156249,4267
1689018211136,-156249,4267
1689018211139,-156249,4267
1689018211143,-156249,4267
1689018211145,-156249,4267
1689018211147,-156249,4267
1689018211149,-156249,4267
1689018211152,-156249,4267
1689018211154,-156249,4267
1689018211156,-156249,4267
1689018211158,-156249,4267
1689018211160,-156249,4267
1689018211164,-156249,4267
1689018211166,-156249,4267
1689018211170,-156249,4267
1689018211175,-156249,4267
1689018211178,-156249,4267
1689018211181,-156249,4267
1689018211184,-156249,4267
1689018211188,-156249,4267
1689018211192,-156249,4267
1689018211195,-156249,4267
1689018211198,-156249,4267
1689018211201,-156249,4267
1689018211204,-156249,4267
1689018211207,-156249,4267
1689018211210,-156249,4267
1689018211213,-156249,4267
1689018211216,-156249,4267
1689018211219,-156249,4267
1689018211222,-156249,4267
1689018211226,-156249,4267
1689018211230,-156249,4267
1689018211233,-156249,4267
1689018211236,-156249,4267
1689018211239,-156249,4267
1689018211243,-156249,4267
1689018211246,-156249,4267
1689018211249,-156249,4267
1689018211253,-156249,4267
1689018211256,-156249,4267
1689018211259,-156249,4267
1689018211261,-156249,4267
1689018211265,-156249,4267
1689018211268,-156249,4267
1689018211272,-156249,4267
1689018211275,-156249,4267
1689018211278,-156249,4267
1689018211281,-156249,4267
1689018211285,-156249,4267
1689018211288,-156249,4267
1689018211291,-156249,4267
1689018211294,-156249,4267
1689018211298,-156249,4267
1689018211301,-156249,4267
1689018211304,-156249,4267
1689018211307,-156249,4267
1689018211312,-156249,4267
1689018211316,-156249,4267
1689018211319,-156249,4267
1689018211322,-156249,4267
1689018211325,-156249,4267
1689018211328,-156249,4267
1689018211331,-156249,4267
1689018211335,-156249,4267
1689018211339,-156249,4267
1689018211343,-156249,4267
1689018211347,-156249,4267
1689018211350,-156249,4267
1689018211353,-156249,4267
1689018211356,-156249,4267
1689018211360,-156249,4267
1689018211363,-156249,4267
1689018211366,-156249,4267
1689018211369,-156249,4267
1689018211373,-156249,4267
1689018211376,-156249,4267
1689018211379,-156249,4267
1689018211384,-156249,4267
1689018211387,-156249,4267
1689018211392,-156249,4267
1689018211395,-156249,4267
1689018211398,-156249,4267
1689018211401,-156249,4267
1689018211405,-156249,4267
1689018211407,-156249,4267
1689018211411,-156249,4267
1689018211414,-156249,4267
1689018211417,-156249,4267
1689018211420,-156249,4267
1689018211424,-156249,4267
1689018211428,-156249,4267
1689018211432,-156249,4267
1689018211435,-156249,4267
1689018211438,-156249,4267
1689018211442,-156249,4267
1689018211445,-156249,4267
1689018211448,-156249,4267
1689018211451,-156249,4267
1689018211454,-156249,4267
1689018211457,-156249,4267
1689018211461,-156249,4267
1689018211465,-156249,4267
1689018211468,-156249,4267
1689018211471,-156249,4267
1689018211475,-156249,4267
1689018211477,-156249,4267
1689018211480,-156249,4267
1689018211483,-156249,4267
1689018211486,-156249,4267
1689018211488,-156249,4267
1689018211491,-156249,4267
1689018211495,-156249,4267
1689018211497,-156249,4267
1689018211501,-156249,4267
1689018211507,-156249,4267
1689018211512,-156249,4267
1689018211515,-156249,4267
1689018211517,-156249,4267
1689018211519,-156249,4267
1689018211524,-156249,4267
1689018211530,-156249,4267
1689018211537,-156249,4267
1689018211544,-156249,4267
1689018211554,-156249,4267
1689018211558,-156249,4267
1689018211561,-156249,4267
1689018211563,-156249,4267
1689018211564,-156249,4267
1689018211566,-156249,4267
1689018211567,-156249,4267
1689018211570,-156249,4267
1689018211574,-156249,4267
1689018211578,-156249,4267
1689018211582,-156249,4267
1689018211586,-156249,4267
1689018211588,-156249,4267
1689018211590,-156249,4267
1689018211592,-156249,4267
1689018211594,-156249,4267
1689018211595,-156249,4267
1689018211597,-156249,4267
1689018211599,-156249,4267
1689018211601,-156249,4267
1689018211604,-156249,4267
1689018211606,-156249,4267
1689018211608,-156249,4267
1689018211610,-156249,4267
1689018211612,-156249,4267
1689018211614,-156249,4267
1689018211616,-156249,4267
1689018211618,-156249,4267
1689018211620,-156249,4267
1689018211623,-156249,4267
1689018211624,-156249,4267
1689018211626,-156249,4267
1689018211628,-156249,4267
1689018211629,-156249,4267
1689018211632,-156249,4267
1689018211635,-156249,4267
1689018211639,-156249,4267
1689018211643,-156249,4267
1689018211646,-156249,4267
1689018211650,-156249,4267
1689018211654,-156249,4267
1689018211656,-156249,4267
1689018211659,-156249,4267
1689018211664,-156249,4267
1689018211667,-156249,4267
1689018211670,-156249,4267
1689018211673,-156249,4267
1689018211675,-156249,4267
1689018211678,-156249,4267
1689018211681,-156249,4267
1689018211684,-156249,4267
1689018211686,-156249,4267
1689018211689,-156249,4267
1689018211693,-156249,4267
1689018211696,-156249,4267
1689018211699,-156249,4267
1689018211704,-156249,4267
1689018211707,-156249,4267
1689018211711,-156249,4267
1689018211715,-156249,4267
1689018211718,-156249,4267
1689018211721,-156249,4267
1689018211724,-156249,4267
1689018211727,-156249,4267
1689018211730,-156249,4267
1689018211733,-156249,4267
1689018211735,-156249,4267
1689018211738,-156249,4267
1689018211743,-156249,4267
1689018211745,-156249,4267
1689018211748,-156249,4267
1689018211750,-156249,4267
1689018211752,-156249,4267
1689018211755,-156249,4267
1689018211758,-156249,4267
1689018211761,-156249,4267
1689018211764,-156249,4267
1689018211766,-156249,4267
1689018211768,-156249,4267
1689018211771,-156249,4267
1689018211773,-156249,4267
1689018211775,-156249,4267
1689018211778,-156249,4267
1689018211781,-156249,4267
1689018211784,-156249,4267
1689018211786,-156249,4267
1689018211788,-156249,4267
1689018211790,-156249,4267
1689018211793,-156249,4267
1689018211795,-156249,4267
1689018211797,-156249,4267
1689018211799,-156249,4267
1689018211802,-156249,4267
1689018211804,-156249,4267
1689018211806,-156249,4267
1689018211808,-156249,4267
1689018211811,-156249,4267
1689018211813,-156249,4267
1689018211815,-156249,4267
1689018211817,-156249,4267
1689018211820,-156249,4267
1689018211824,-156249,4267
1689018211827,-156249,4267
1689018211829,-156249,4267
1689018211832,-156249,4267
1689018211834,-156249,4267
1689018211836,-156249,4267
1689018211839,-156249,4267
1689018211841,-156249,4267
1689018211843,-156249,4267
1689018211846,-156249,4267
1689018211848,-156249,4267
1689018211851,-156249,4267
1689018211853,-156249,4267
1689018211856,-156249,4267
1689018211858,-156249,4267
1689018211861,-156249,4267
1689018211864,-156249,4267
1689018211866,-156249,4267
1689018211868,-156249,4267
1689018211871,-156249,4267
1689018211873,-156249,4267
1689018211875,-156249,4267
1689018211878,-156249,4267
1689018211881,-156249,4267
1689018211883,-156249,4267
1689018211885,-156249,4267
1689018211887,-156249,4267
1689018211890,-156249,4267
1689018211892,-156249,4267
1689018211895,-156249,4267
1689018211897,-156249,4267
1689018211899,-156249,4267
1689018211902,-156249,4267
1689018211904,-156249,4267
1689018211906,-156249,4267
1689018211908,-156249,4267
1689018211911,-156249,4267
1689018211913,-156249,4267
1689018211917,-156249,4267
1689018211926,-156249,4267
1689018211929,-156249,4267
1689018211932,-156249,4267
1689018211940,-156249,4267
1689018211943,-156249,4267
1689018211946,-156249,4267
1689018211948,-156249,4267
1689018211952,-156249,4267
1689018211955,-156249,4267
1689018211957,-156249,4267
1689018211959,-156249,4267
1689018211962,-156249,4267
1689018211965,-156249,4267
1689018211967,-156249,4267
1689018211969,-156249,4267
1689018211972,-156249,4267
1689018211974,-156249,4267
1689018211976,-156249,4267
1689018211977,-156249,4267
1689018211979,-156249,4267
1689018211981,-156249,4267
1689018211983,-156249,4267
1689018211985,-156249,4267
1689018211987,-156249,4267
1689018211989,-156249,4267
1689018211995,-156249,4267
1689018211997,-156249,4267
1689018211999,-156249,4267
1689018212001,-156249,4267
1689018212003,-156249,4267
1689018212004,-156249,4267
1689018212005,-156249,4267
1689018212006,-156249,4267
1689018212007,-156249,4267
1689018212008,-156249,4267
1689018212009,-156249,4267
1689018212012,-156249,4267
1689018212014,-156249,4267
1689018212016,-156249,4267
1689018212018,-156249,4267
1689018212020,-156249,4267
1689018212022,-156249,4267
1689018212024,-156249,4267
1689018212025,-156249,4267
1689018212027,-156249,4267
1689018212029,-156249,4267
1689018212031,-156249,4267
1689018212034,-156249,4267
1689018212036,-156249,4267
1689018212038,-156249,4267
1689018212040,-156249,4267
1689018212043,-156249,4267
1689018212044,-156249,4267
1689018212046,-156249,4267
1689018212048,-156249,4267
1689018212050,-156249,4267
1689018212053,-156249,4267
1689018212054,-156249,4267
1689018212056,-156249,4267
1689018212058,-156249,4267
1689018212060,-156249,4267
1689018212062,-156249,4267
1689018212064,-156249,4267
1689018212066,-156249,4267
1689018212068,-156249,4267
1689018212070,-156249,4267
1689018212073,-156249,4267
1689018212077,-156249,4267
1689018212079,-156249,4267
1689018212082,-156249,4267
1689018212085,-156249,4267
1689018212088,-156249,4267
1689018212092,-156249,4267
1689018212095,-156249,4267
1689018212098,-156249,4267
1689018212102,-156249,4267
1689018212106,-156249,4267
1689018212109,-156249,4267
1689018212113,-156249,4267
1689018212116,-156249,4267
1689018212119,-156249,4267
1689018212122,-156249,4267
1689018212125,-156249,4267
1689018212128,-156249,4267
1689018212132,-156249,4267
1689018212135,-156249,4267
1689018212138,-156249,4267
1689018212143,-156249,4267
1689018212149,-156249,4267
1689018212163,-156249,4267
1689018212168,-156249,4267
1689018212172,-156249,4267
1689018212174,-156249,4267
1689018212176,-156249,4267
1689018212178,-156249,4267
1689018212191,-156249,4267
1689018212193,-156249,4267
1689018212195,-156249,4267
1689018212196,-156249,4267
1689018212199,-156249,4267
1689018212202,-156249,4267
1689018212205,-156249,4267
1689018212207,-156249,4267
1689018212209,-156249,4267
1689018212212,-156249,4267
1689018212214,-156249,4267
1689018212216,-156249,4267
1689018212218,-156249,4267
1689018212219,-156249,4267
1689018212221,-156249,4267
1689018212222,-156249,4267
1689018212223,-156249,4267
1689018212225,-156249,4267
1689018212226,-156249,4267
1689018212227,-156249,4267
1689018212228,-156249,4267
1689018212230,-156249,4267
1689018212231,-156249,4267
1689018212232,-156249,4267
1689018212234,-156249,4267
1689018212235,-156249,4267
1689018212236,-156249,4267
1689018212237,-156249,4267
1689018212238,-156249,4267
1689018212239,-156249,4267
1689018212241,-156249,4267
1689018212243,-156249,4267
1689018212244,-156249,4267
1689018212245,-156249,4267
1689018212247,-156249,4267
1689018212248,-156249,4267
1689018212249,-156249,4267
1689018212251,-156249,4267
1689018212254,-156249,4267
1689018212255,-156249,4267
1689018212258,-156249,4267
1689018212260,-156249,4267
1689018212263,-156249,4267
1689018212264,-156249,4267
1689018212266,-156249,4267
1689018212268,-156249,4267
1689018212271,-156249,4267
1689018212272,-156249,4267
1689018212275,-156249,4267
1689018212277,-156249,4267
1689018212279,-156249,4267
1689018212281,-156249,4267
1689018212283,-156249,4267
1689018212285,-156249,4267
1689018212287,-156249,4267
1689018212288,-156249,4267
1689018212290,-156249,4267
1689018212293,-156249,4267
1689018212297,-156249,4267
1689018212301,-156249,4267
1689018212305,-156249,4267
1689018212308,-156249,4267
1689018212311,-156249,4267
1689018212314,-156249,4267
1689018212317,-156249,4267
1689018212320,-156249,4267
1689018212323,-156249,4267
1689018212325,-156249,4267
1689018212328,-156249,4267
1689018212331,-156249,4267
1689018212334,-156249,4267
1689018212338,-156249,4267
1689018212341,-156249,4267
1689018212344,-156249,4267
1689018212347,-156249,4267
1689018212350,-156249,4267
1689018212353,-156249,4267
1689018212356,-156249,4267
1689018212359,-156249,4267
1689018212362,-156249,4267
1689018212365,-156249,4267
1689018212368,-156249,4267
1689018212371,-156249,4267
1689018212374,-156249,4267
1689018212378,-156249,4267
1689018212382,-156249,4267
1689018212385,-156249,4267
1689018212388,-156249,4267
1689018212392,-156249,4267
1689018212395,-156249,4267
1689018212398,-156249,4267
1689018212401,-156249,4267
1689018212404,-156249,4267
1689018212407,-156249,4267
1689018212409,-156249,4267
1689018212413,-156249,4267
1689018212416,-156249,4267
1689018212420,-156249,4267
1689018212424,-156249,4267
1689018212427,-156249,4267
1689018212429,-156249,4267
1689018212433,-156249,4267
1689018212436,-156249,4267
1689018212439,-156249,4267
1689018212442,-156249,4267
1689018212445,-156249,4267
1689018212448,-156249,4267
1689018212451,-156249,4267
1689018212454,-156249,4267
1689018212457,-156249,4267
1689018212460,-156249,4267
1689018212463,-156249,4267
1689018212466,-156249,4267
1689018212468,-156249,4267
1689018212472,-156249,4267
1689018212475,-156249,4267
1689018212478,-156249,4267
1689018212481,-156249,4267
1689018212484,-156249,4267
1689018212487,-156249,4267
1689018212490,-156249,4267
1689018212494,-156249,4267
1689018212497,-156249,4267
1689018212500,-156249,4267
1689018212503,-156249,4267
1689018212506,-156249,4267
1689018212509,-156249,4267
1689018212513,-156249,4267
1689018212516,-156249,4267
1689018212519,-156249,4267
1689018212522,-156249,4267
1689018212525,-156249,4267
1689018212527,-156249,4267
1689018212531,-156249,4267
1689018212534,-156249,4267
1689018212538,-156249,4267
1689018212542,-156249,4267
1689018212546,-156249,4267
1689018212549,-156249,4267
1689018212552,-156249,4267
1689018212556,-156249,4267
1689018212559,-156249,4267
1689018212561,-156249,4267
1689018212565,-156249,4267
1689018212567,-156249,4267
1689018212571,-156249,4267
1689018212575,-156249,4267
1689018212579,-156249,4267
1689018212583,-156249,4267
1689018212586,-156249,4267
1689018212589,-158691,4267
1689018212593,-158691,4267
1689018212596,-158691,4267
1689018212598,-158691,4267
1689018212602,-158691,4267
1689018212605,-158691,4267
1689018212608,-158691,4267
1689018212611,-158691,4267
1689018212614,-158691,4267
1689018212618,-158691,4267
1689018212621,-158691,4267
1689018212625,-158691,4267
1689018212627,-158691,4267
1689018212631,-158691,4267
1689018212633,-158691,4267
1689018212636,-158691,4267
1689018212639,-158691,4267
1689018212642,-158691,4267
1689018212646,-158691,4267
1689018212649,-158691,4267
1689018212652,-158691,4267
1689018212655,-158691,4267
1689018212658,-158691,4267
1689018212662,-158691,4267
1689018212665,-158691,4267
1689018212668,-158691,4267
1689018212672,-158691,4267
1689018212675,-158691,4267
1689018212678,-158691,4267
1689018212681,-158691,4267
1689018212684,-158691,4267
1689018212687,-158691,4267
1689018212692,-158691,4267
1689018212696,-158691,4267
1689018212699,-158691,4267
1689018212703,-158691,4267
1689018212706,-158691,4267
1689018212708,-158691,4267
1689018212712,-158691,4267
1689018212715,-158691,4267
1689018212718,-158691,4267
1689018212721,-158691,4267
1689018212725,-158691,4267
1689018212728,-158691,4267
1689018212731,-158691,4267
1689018212734,-158691,4267
1689018212738,-158691,4267
1689018212741,-158691,4267
1689018212744,-158691,4267
1689018212747,-158691,4267
1689018212750,-158691,4267
1689018212753,-158691,4267
1689018212755,-158691,4267
1689018212757,-158691,4267
1689018212759,-158691,4267
1689018212761,-158691,4267
1689018212763,-158691,4267
1689018212765,-158691,4267
1689018212767,-158691,4267
1689018212769,-158691,4267
1689018212772,-158691,4267
1689018212774,-158691,4267
1689018212776,-158691,4267
1689018212778,-158691,4267
1689018212780,-158691,4267
1689018212782,-158691,4267
1689018212783,-158691,4267
1689018212785,-158691,4267
1689018212786,-158691,4267
1689018212788,-158691,4267
1689018212789,-158691,4267
1689018212791,-158691,4267
1689018212793,-158691,4267
1689018212795,-158691,4267
1689018212797,-158691,4267
1689018212799,-158691,4267
1689018212801,-158691,4267
1689018212803,-158691,4267
1689018212804,-158691,4267
1689018212806,-158691,4267
1689018212807,-158691,4267
1689018212808,-158691,4267
1689018212810,-158691,4267
1689018212813,-158691,4267
1689018212817,-158691,4267
1689018212821,-158691,4267
1689018212825,-158691,4267
1689018212828,-158691,4267
1689018212831,-158691,4267
1689018212834,-158691,4267
1689018212837,-158691,4267
1689018212841,-158691,4267
1689018212844,-158691,4267
1689018212847,-158691,4267
1689018212849,-158691,4267
1689018212853,-158691,4267
1689018212856,-158691,4267
1689018212859,-158691,4267
1689018212862,-158691,4267
1689018212865,-158691,4267
1689018212867,-158691,4267
1689018212871,-158691,4267
1689018212873,-158691,4267
1689018212876,-158691,4267
1689018212878,-158691,4267
1689018212881,-158691,4267
1689018212884,-158691,4267
1689018212886,-158691,4267
1689018212889,-158691,4267
1689018212891,-158691,4267
1689018212894,-158691,4267
1689018212896,-158691,4267
1689018212898,-158691,4267
1689018212901,-158691,4267
1689018212903,-158691,4267
1689018212906,-158691,4267
1689018212908,-158691,4267
1689018212910,-158691,4267
1689018212912,-158691,4267
1689018212914,-158691,4267
1689018212916,-158691,4267
1689018212919,-158691,4267
1689018212921,-158691,4267
1689018212923,-158691,4267
1689018212925,-158691,4267
1689018212928,-158691,4267
1689018212930,-158691,4267
1689018212933,-158691,4267
1689018212936,-158691,4267
1689018212938,-158691,4267
1689018212941,-158691,4267
1689018212943,-158691,4267
1689018212945,-158691,4267
1689018212947,-158691,4267
1689018212949,-158691,4267
1689018212952,-158691,4267
1689018212954,-158691,4267
1689018212957,-158691,4267
1689018212959,-158691,4267
1689018212962,-158691,4267
1689018212964,-158691,4267
1689018212966,-158691,4267
1689018212968,-158691,4267
1689018212971,-158691,4267
1689018212973,-158691,4267
1689018212975,-158691,4267
1689018212978,-158691,4267
1689018212981,-158691,4267
1689018212983,-158691,4267
1689018212985,-158691,4267
1689018212987,-158691,4267
1689018212989,-158691,4267
1689018212992,-158691,4267
1689018212994,-158691,4267
1689018212996,-158691,4267
1689018212998,-158691,4267
1689018213001,-158691,4267
1689018213003,-158691,4267
1689018213005,-158691,4267
1689018213008,-158691,4267
1689018213010,-158691,4267
1689018213013,-158691,4267
1689018213015,-158691,4267
1689018213018,-158691,4267
1689018213021,-158691,4267
1689018213023,-158691,4267
1689018213025,-158691,4267
1689018213027,-158691,4267
1689018213029,-158691,4267
1689018213032,-158691,4267
1689018213034,-158691,4267
1689018213036,-158691,4267
1689018213039,-158691,4267
1689018213041,-158691,4267
1689018213043,-158691,4267
1689018213045,-158691,4267
1689018213047,-158691,4267
1689018213049,-158691,4267
1689018213053,-158691,4267
1689018213056,-158691,4267
1689018213058,-158691,4267
1689018213060,-158691,4267
1689018213063,-158691,4267
1689018213065,-158691,4267
1689018213067,-158691,4267
1689018213069,-158691,4267
1689018213072,-158691,4267
1689018213074,-158691,4267
1689018213076,-158691,4267
1689018213078,-158691,4267
1689018213081,-158691,4267
1689018213084,-158691,4267
1689018213086,-158691,4267
1689018213089,-158691,4267
1689018213091,-158691,4267
1689018213094,-158691,4267
1689018213097,-158691,4267
1689018213099,-158691,4267
1689018213102,-158691,4267
1689018213104,-158691,4267
1689018213107,-158691,4267
1689018213109,-158691,4267
1689018213112,-158691,4267
1689018213115,-158691,4267
1689018213117,-158691,4267
1689018213120,-158691,4267
1689018213123,-158691,4267
1689018213126,-158691,4267
1689018213129,-158691,4267
1689018213132,-158691,4267
1689018213136,-158691,4267
1689018213139,-158691,4267
1689018213143,-158691,4267
1689018213146,-158691,4267
1689018213148,-158691,4267
1689018213152,-158691,4267
1689018213155,-158691,4267
1689018213158,-158691,4267
1689018213161,-158691,4267
1689018213164,-158691,4267
1689018213167,-158691,4267
1689018213169,-158691,4267
1689018213174,-158691,4267
1689018213177,-158691,4267
1689018213181,-158691,4267
1689018213184,-158691,4267
1689018213187,-158691,4267
1689018213189,-158691,4267
1689018213193,-158691,4267
1689018213196,-158691,4267
1689018213199,-158691,4267
1689018213202,-158691,4267
1689018213206,-158691,4267
1689018213208,-158691,4267
1689018213212,-158691,4267
1689018213215,-158691,4267
1689018213219,-158691,4267
1689018213222,-158691,4267
1689018213225,-158691,4267
1689018213228,-158691,4267
1689018213231,-158691,4267
1689018213235,-158691,4267
1689018213238,-158691,4267
1689018213241,-158691,4267
1689018213244,-158691,4267
1689018213247,-158691,4267
1689018213250,-158691,4267
1689018213254,-158691,4267
1689018213258,-158691,4267
1689018213261,-158691,4267
1689018213265,-158691,4267
1689018213268,-158691,4267
1689018213272,-158691,4267
1689018213275,-158691,4267
1689018213278,-158691,4267
1689018213281,-158691,4267
1689018213284,-158691,4267
1689018213287,-158691,4267
1689018213290,-158691,4267
1689018213295,-158691,4267
1689018213298,-158691,4267
1689018213302,-158691,4267
1689018213305,-158691,4267
1689018213308,-158691,4267
1689018213311,-158691,4267
1689018213313,-158691,4267
1689018213316,-158691,4267
1689018213319,-158691,4267
1689018213323,-158691,4267
1689018213327,-158691,4267
1689018213330,-158691,4267
1689018213335,-158691,4267
1689018213338,-158691,4267
1689018213342,-158691,4267
1689018213345,-158691,4267
1689018213348,-158691,4267
1689018213352,-158691,4267
1689018213355,-158691,4267
1689018213358,-158691,4267
1689018213362,-158691,4267
1689018213365,-158691,4267
1689018213368,-158691,4267
1689018213372,-158691,4267
1689018213376,-158691,4267
1689018213380,-158691,4267
1689018213383,-158691,4267
1689018213386,-158691,4267
1689018213389,-158691,4267
1689018213394,-158691,4267
1689018213397,-158691,4267
1689018213399,-158691,4267
1689018213401,-158691,4267
1689018213404,-158691,4267
1689018213406,-158691,4267
1689018213408,-158691,4267
1689018213410,-158691,4267
1689018213412,-158691,4267
1689018213416,-158691,4267
1689018213418,-158691,4267
1689018213421,-158691,4267
1689018213424,-158691,4267
1689018213427,-158691,4267
1689018213430,-158691,4267
1689018213435,-158691,4267
1689018213443,-158691,4267
1689018213449,-158691,4267
1689018213455,-158691,4267
1689018213459,-158691,4267
1689018213463,-158691,4267
1689018213467,-158691,4267
1689018213471,-158691,4267
1689018213474,-158691,4267
1689018213476,-158691,4267
1689018213477,-158691,4267
1689018213479,-158691,4267
1689018213481,-158691,4267
1689018213482,-158691,4267
1689018213484,-158691,4267
1689018213486,-158691,4267
1689018213488,-158691,4267
1689018213489,-158691,4267
1689018213492,-158691,4267
1689018213494,-158691,4267
1689018213495,-158691,4267
1689018213497,-158691,4267
1689018213498,-158691,4267
1689018213500,-158691,4267
1689018213502,-158691,4267
1689018213504,-158691,4267
1689018213505,-158691,4267
1689018213507,-158691,4267
1689018213508,-158691,4267
1689018213510,-158691,4267
1689018213513,-158691,4267
1689018213516,-158691,4267
1689018213519,-158691,4267
1689018213523,-158691,4267
1689018213526,-158691,4267
1689018213529,-158691,4267
1689018213534,-158691,4267
1689018213538,-158691,4267
1689018213542,-158691,4267
1689018213545,-158691,4267
1689018213548,-158691,4267
1689018213552,-158691,4267
1689018213554,-158691,4267
1689018213557,-158691,4267
1689018213560,-158691,4267
1689018213563,-158691,4267
1689018213565,-158691,4267
1689018213568,-158691,4267
1689018213572,-158691,4267
1689018213576,-158691,4267
1689018213578,-158691,4267
1689018213580,-158691,4267
1689018213583,-158691,4267
1689018213585,-158691,4267
1689018213587,-158691,4267
1689018213589,-158691,4267
1689018213593,-158691,4267
1689018213595,-158691,4267
1689018213596,-158691,4267
1689018213598,-158691,4267
1689018213599,-158691,4267
1689018213601,-158691,4267
1689018213603,-158691,4267
1689018213604,-158691,4267
1689018213606,-158691,4267
1689018213607,-158691,4267
1689018213609,-158691,4267
1689018213611,-158691,4267
1689018213613,-158691,4267
1689018213615,-158691,4267
1689018213617,-158691,4267
1689018213619,-158691,4267
1689018213621,-158691,4267
1689018213623,-158691,4267
1689018213624,-158691,4267
1689018213626,-158691,4267
1689018213628,-158691,4267
1689018213630,-158691,4267
1689018213633,-158691,4267
1689018213636,-158691,4267
1689018213639,-158691,4267
1689018213645,-158691,4267
1689018213655,-158691,4267
1689018213661,-158691,4267
1689018213664,-158691,4267
1689018213667,-158691,4267
1689018213671,-158691,4267
1689018213675,-158691,4267
1689018213678,-158691,4267
1689018213681,-158691,4267
1689018213684,-158691,4267
1689018213687,-158691,4267
1689018213691,-158691,4267
1689018213694,-158691,4267
1689018213697,-158691,4267
1689018213700,-158691,4267
1689018213703,-158691,4267
1689018213706,-158691,4267
1689018213709,-158691,4267
1689018213713,-158691,4267
1689018213717,-158691,4267
1689018213719,-158691,4267
1689018213721,-158691,4267
1689018213724,-158691,4267
1689018213726,-158691,4267
1689018213728,-158691,4267
1689018213731,-158691,4267
1689018213735,-158691,4267
1689018213738,-158691,4267
1689018213742,-158691,4267
1689018213745,-158691,4267
1689018213748,-158691,4267
1689018213752,-158691,4267
1689018213755,-158691,4267
1689018213757,-158691,4267
1689018213760,-158691,4267
1689018213763,-158691,4267
1689018213766,-158691,4267
1689018213769,-158691,4267
1689018213774,-158691,4267
1689018213777,-158691,4267
1689018213780,-158691,4267
1689018213783,-158691,4267
1689018213786,-158691,4267
1689018213789,-158691,4267
1689018213792,-158691,4267
1689018213795,-158691,4267
1689018213798,-158691,4267
1689018213801,-158691,4267
1689018213804,-158691,4267
1689018213807,-158691,4267
1689018213812,-158691,4267
1689018213816,-158691,4267
1689018213819,-158691,4267
1689018213822,-158691,4267
1689018213825,-158691,4267
1689018213828,-158691,4267
1689018213831,-158691,4267
1689018213835,-158691,4267
1689018213838,-158691,4267
1689018213841,-158691,4267
1689018213844,-158691,4267
1689018213847,-158691,4267
1689018213852,-158691,4267
1689018213856,-158691,4267
1689018213858,-158691,4267
1689018213862,-158691,4267
1689018213865,-158691,4267
1689018213868,-158691,4267
1689018213872,-158691,4267
1689018213874,-158691,4267
1689018213877,-158691,4267
1689018213880,-158691,4267
1689018213882,-158691,4267
1689018213885,-158691,4267
1689018213888,-158691,4267
1689018213893,-158691,4267
1689018213896,-158691,4267
1689018213900,-158691,4267
1689018213903,-158691,4267
1689018213905,-158691,4267
1689018213908,-158691,4267
1689018213912,-158691,4267
1689018213915,-158691,4267
1689018213918,-158691,4267
1689018213920,-158691,4267
1689018213923,-158691,4267
1689018213926,-158691,4267
1689018213929,-158691,4267
1689018213933,-158691,4267
1689018213936,-158691,4267
1689018213939,-158691,4267
1689018213942,-158691,4267
1689018213945,-158691,4267
1689018213947,-158691,4267
1689018213952,-158691,4267
1689018213955,-158691,4267
1689018213958,-158691,4267
1689018213961,-158691,4267
1689018213964,-158691,4267
1689018213966,-158691,4267
1689018213969,-158691,4267
1689018213973,-158691,4267
1689018213976,-158691,4267
1689018213979,-158691,4267
1689018213983,-158691,4267
1689018213985,-158691,4267
1689018213988,-158691,4267
1689018213991,-158691,4267
1689018213994,-158691,4267
1689018213997,-158691,4267
1689018213999,-158691,4267
1689018214001,-158691,4267
1689018214003,-158691,4267
1689018214005,-158691,4267
1689018214008,-158691,4267
1689018214012,-158691,4267
1689018214014,-158691,4267
1689018214018,-158691,4267
1689018214021,-158691,4267
1689018214023,-158691,4267
1689018214025,-158691,4267
1689018214027,-158691,4267
1689018214030,-158691,4267
1689018214032,-158691,4267
1689018214034,-158691,4267
1689018214037,-158691,4267
1689018214039,-158691,4267
1689018214042,-158691,4267
1689018214045,-158691,4267
1689018214047,-158691,4267
1689018214049,-158691,4267
1689018214052,-158691,4267
1689018214054,-193359,4267
1689018214057,-193359,4267
1689018214059,-193359,4267
1689018214061,-193359,4267
1689018214063,-193359,4267
1689018214065,-193359,4267
1689018214068,-193359,4267
1689018214070,-193359,4267
1689018214072,-193359,4267
1689018214074,-193359,4267
1689018214077,-193359,4267
1689018214079,-193359,4267
1689018214081,-193359,4267
1689018214084,-193359,4267
1689018214086,-193359,4267
1689018214088,-193359,4267
1689018214091,-193359,4267
1689018214094,-193359,4267
1689018214096,-193359,4267
1689018214098,-193359,4267
1689018214101,-193359,4267
1689018214103,-193359,4267
1689018214106,-193359,4267
1689018214108,-193359,4267
1689018214110,-193359,4267
1689018214113,-193359,4267
1689018214115,-193359,4267
1689018214117,-193359,4267
1689018214119,-193359,4267
1689018214122,-193359,4267
1689018214124,-193359,4267
1689018214126,-193359,4267
1689018214129,-193359,4267
1689018214132,-193359,4267
1689018214134,-193359,4267
1689018214136,-193359,4267
1689018214138,-193359,4267
1689018214141,-193359,4267
1689018214143,-193359,4267
1689018214145,-193359,4267
1689018214147,-193359,4267
1689018214150,-193359,4267
1689018214152,-193359,4267
1689018214155,-193359,4267
1689018214157,-193359,4267
1689018214159,-193359,4267
1689018214163,-193359,4267
1689018214165,-193359,4267
1689018214167,-193359,4267
1689018214171,-193359,4267
1689018214173,-193359,4267
1689018214175,-193359,4267
1689018214177,-193359,4267
1689018214179,-193359,4267
1689018214182,-193359,4267
1689018214184,-193359,4267
1689018214187,-193359,4267
1689018214189,-193359,4267
1689018214192,-193359,4267
1689018214195,-193359,4267
1689018214197,-193359,4267
1689018214199,-193359,4267
1689018214201,-193359,4267
1689018214204,-193359,4267
1689018214206,-193359,4267
1689018214209,-193359,4267
1689018214212,-193359,4267
1689018214215,-193359,4267
1689018214217,-193359,4267
1689018214219,-193359,4267
1689018214222,-193359,4267
1689018214225,-193359,4267
1689018214227,-193359,4267
1689018214229,-193359,4267
1689018214232,-193359,4267
1689018214234,-193359,4267
1689018214236,-193359,4267
1689018214238,-193359,4267
1689018214241,-193359,4267
1689018214244,-193359,4267
1689018214246,-193359,4267
1689018214250,-193359,4267
1689018214254,-193359,4267
1689018214256,-193359,4267
1689018214259,-193359,4267
1689018214263,-193359,4267
1689018214266,-193359,4267
1689018214269,-193359,4267
1689018214272,-193359,4267
1689018214275,-193359,4267
1689018214277,-193359,4267
1689018214280,-193359,4267
1689018214283,-193359,4267
1689018214285,-193359,4267
1689018214289,-193359,4267
1689018214292,-193359,4267
1689018214295,-193359,4267
1689018214298,-193359,4267
1689018214302,-193359,4267
1689018214304,-193359,4267
1689018214307,-193359,4267
1689018214311,-193359,4267
1689018214315,-193359,4267
1689018214318,-193359,4267
1689018214321,-193359,4267
1689018214324,-193359,4267
1689018214327,-193359,4267
1689018214331,-193359,4267
1689018214333,-193359,4267
1689018214335,-193359,4267
1689018214337,-193359,4267
1689018214339,-193359,4267
1689018214342,-193359,4267
1689018214345,-193359,4267
1689018214347,-193359,4267
1689018214349,-193359,4267
1689018214351,-193359,4267
1689018214353,-193359,4267
1689018214355,-193359,4267
1689018214357,-193359,4267
1689018214359,-193359,4267
1689018214361,-193359,4267
1689018214363,-193359,4267
1689018214365,-193359,4267
1689018214368,-193359,4267
1689018214372,-193359,4267
1689018214374,-193359,4267
1689018214375,-193359,4267
1689018214377,-193359,4267
1689018214378,-193359,4267
1689018214380,-193359,4267
1689018214381,-193359,4267
1689018214383,-193359,4267
1689018214384,-193359,4267
1689018214386,-193359,4267
1689018214387,-193359,4267
1689018214389,-193359,4267
1689018214390,-193359,4267
1689018214392,-193359,4267
1689018214394,-193359,4267
1689018214396,-193359,4267
1689018214397,-193359,4267
1689018214399,-193359,4267
1689018214401,-193359,4267
1689018214403,-193359,4267
1689018214404,-193359,4267
1689018214407,-193359,4267
1689018214409,-193359,4267
1689018214411,-193359,4267
1689018214414,-193359,4267
1689018214417,-193359,4267
1689018214421,-193359,4267
1689018214424,-193359,4267
1689018214427,-193359,4267
1689018214430,-193359,4267
1689018214434,-193359,4267
1689018214437,-193359,4267
1689018214440,-193359,4267
1689018214444,-193359,4267
1689018214449,-193359,4267
1689018214453,-193359,4267
1689018214456,-193359,4267
1689018214459,-193359,4267
1689018214463,-193359,4267
1689018214466,-193359,4267
1689018214469,-193359,4267
1689018214471,-193359,4267
1689018214474,-193359,4267
1689018214477,-193359,4267
1689018214480,-193359,4267
1689018214483,-193359,4267
1689018214486,-193359,4267
1689018214489,-193359,4267
1689018214494,-193359,4267
1689018214497,-193359,4267
1689018214500,-193359,4267
1689018214504,-193359,4267
1689018214507,-193359,4267
1689018214509,-193359,4267
1689018214512,-193359,4267
1689018214514,-193359,4267
1689018214517,-193359,4267
1689018214520,-193359,4267
1689018214523,-193359,4267
1689018214526,-193359,4267
1689018214528,-193359,4267
1689018214533,-193359,4267
1689018214536,-193359,4267
1689018214538,-193359,4267
1689018214541,-193359,4267
1689018214544,-193359,4267
1689018214547,-193359,4267
1689018214550,-193359,4267
1689018214553,-193359,4267
1689018214556,-193359,4267
1689018214559,-193359,4267
1689018214563,-193359,4267
1689018214566,-193359,4267
1689018214569,-193359,4267
1689018214573,-193359,4267
1689018214576,-193359,4267
1689018214579,-193359,4267
1689018214583,-193359,4267
1689018214586,-193359,4267
1689018214588,-193359,4267
1689018214602,-193359,4267
1689018214606,-193359,4267
1689018214609,-193359,4267
1689018214614,-193359,4267
1689018214622,-193359,4267
1689018214629,-193359,4267
1689018214634,-193359,4267
1689018214637,-193359,4267
1689018214641,-193359,4267
1689018214644,-193359,4267
1689018214647,-193359,4267
1689018214649,-193359,4267
1689018214654,-193359,4267
1689018214658,-193359,4267
1689018214661,-193359,4267
1689018214668,-193359,4267
1689018214674,-193359,4267
1689018214676,-193359,4267
1689018214678,-193359,4267
1689018214680,-193359,4267
1689018214682,-193359,4267
1689018214684,-193359,4267
1689018214686,-193359,4267
1689018214688,-193359,4267
1689018214689,-193359,4267
1689018214692,-193359,4267
1689018214693,-193359,4267
1689018214695,-193359,4267
1689018214696,-193359,4267
1689018214698,-193359,4267
1689018214700,-193359,4267
1689018214701,-193359,4267
1689018214703,-193359,4267
1689018214705,-193359,4267
1689018214707,-193359,4267
1689018214709,-193359,4267
1689018214711,-193359,4267
1689018214715,-193359,4267
1689018214717,-193359,4267
1689018214720,-193359,4267
1689018214724,-193359,4267
1689018214726,-193359,4267
1689018214729,-193359,4267
1689018214732,-193359,4267
1689018214735,-193359,4267
1689018214738,-193359,4267
1689018214741,-193359,4267
1689018214744,-193359,4267
1689018214747,-193359,4267
1689018214749,-193359,4267
1689018214752,-193359,4267
1689018214755,-193359,4267
1689018214758,-193359,4267
1689018214762,-193359,4267
1689018214765,-193359,4267
1689018214768,-193359,4267
1689018214772,-193359,4267
1689018214775,-193359,4267
1689018214778,-193359,4267
1689018214781,-193359,4267
1689018214784,-193359,4267
1689018214787,-193359,4267
1689018214789,-193359,4267
1689018214793,-193359,4267
1689018214796,-193359,4267
1689018214798,-193359,4267
1689018214801,-193359,4267
1689018214804,-193359,4267
1689018214808,-193359,4267
1689018214811,-193359,4267
1689018214815,-193359,4267
1689018214817,-193359,4267
1689018214822,-193359,4267
1689018214825,-193359,4267
1689018214827,-193359,4267
1689018214830,-193359,4267
1689018214833,-193359,4267
1689018214836,-193359,4267
1689018214838,-193359,4267
1689018214842,-193359,4267
1689018214844,-193359,4267
1689018214847,-193359,4267
1689018214852,-193359,4267
1689018214855,-193359,4267
1689018214858,-193359,4267
1689018214861,-193359,4267
1689018214863,-193359,4267
1689018214866,-193359,4267
1689018214869,-193359,4267
1689018214872,-193359,4267
1689018214875,-193359,4267
1689018214878,-193359,4267
1689018214881,-193359,4267
1689018214884,-193359,4267
1689018214887,-193359,4267
1689018214891,-193359,4267
1689018214895,-193359,4267
1689018214897,-193359,4267
1689018214901,-193359,4267
1689018214904,-193359,4267
1689018214906,-193359,4267
1689018214909,-193359,4267
1689018214913,-193359,4267
1689018214916,-193359,4267
1689018214918,-193359,4267
1689018214921,-193359,4267
1689018214925,-193359,4267
1689018214928,-193359,4267
1689018214931,-193359,4267
1689018214934,-193359,4267
1689018214937,-193359,4267
1689018214939,-193359,4267
1689018214944,-193359,4267
1689018214948,-193359,4267
1689018214951,-193359,4267
1689018214954,-193359,4267
1689018214957,-193359,4267
1689018214960,-193359,4267
1689018214963,-193359,4267
1689018214967,-193359,4267
1689018214970,-193359,4267
1689018214973,-193359,4267
1689018214976,-193359,4267
1689018214978,-193359,4267
1689018214981,-193359,4267
1689018214984,-193359,4267
1689018214987,-193359,4267
1689018214989,-193359,4267
1689018214993,-193359,4267
1689018214996,-193359,4267
1689018214999,-193359,4267
1689018215003,-193359,4267
1689018215006,-193359,4267
1689018215009,-193359,4267
1689018215013,-193359,4267
1689018215016,-193359,4267
1689018215018,-193359,4267
1689018215022,-193359,4267
1689018215024,-193359,4267
1689018215027,-193359,4267
1689018215029,-193359,4267
1689018215034,-193359,4267
1689018215037,-193359,4267
1689018215040,-193359,4267
1689018215044,-193359,4267
1689018215047,-193359,4267
1689018215051,-193359,4267
1689018215054,-193359,4267
1689018215057,-193359,4267
1689018215060,-193359,4267
1689018215064,-193359,4267
1689018215067,-193359,4267
1689018215069,-193359,4267
1689018215073,-193359,4267
1689018215076,-193359,4267
1689018215079,-193359,4267
1689018215083,-193359,4267
1689018215087,-193359,4267
1689018215092,-193359,4267
1689018215096,-193359,4267
1689018215099,-193359,4267
1689018215102,-193359,4267
1689018215105,-193359,4267
1689018215109,-193359,4267
1689018215112,-193359,4267
1689018215115,-193359,4267
1689018215118,-193359,4267
1689018215122,-193359,4267
1689018215124,-193359,4267
1689018215127,-193359,4267
1689018215129,-193359,4267
1689018215132,-193359,4267
1689018215135,-193359,4267
1689018215137,-193359,4267
1689018215140,-193359,4267
1689018215142,-193359,4267
1689018215145,-193359,4267
1689018215147,-193359,4267
1689018215149,-193359,4267
1689018215152,-193359,4267
1689018215154,-193359,4267
1689018215156,-193359,4267
1689018215159,-193359,4267
1689018215161,-193359,4267
1689018215164,-193359,4267
1689018215166,-193359,4267
1689018215169,-193359,4267
1689018215171,-193359,4267
1689018215174,-193359,4267
1689018215176,-193359,4267
1689018215179,-193359,4267
1689018215182,-193359,4267
1689018215184,-193359,4267
1689018215186,-193359,4267
1689018215188,-193359,4267
1689018215190,-193359,4267
1689018215193,-193359,4267
1689018215195,-193359,4267
1689018215198,-193359,4267
1689018215200,-193359,4267
1689018215202,-193359,4267
1689018215205,-193359,4267
1689018215207,-193359,4267
1689018215209,-193359,4267
1689018215212,-193359,4267
1689018215214,-193359,4267
1689018215217,-193359,4267
1689018215219,-193359,4267
1689018215221,-193359,4267
1689018215224,-193359,4267
1689018215226,-193359,4267
1689018215229,-193359,4267
1689018215231,-193359,4267
1689018215233,-193359,4267
1689018215236,-193359,4267
1689018215238,-193359,4267
1689018215240,-193359,4267
1689018215243,-193359,4267
1689018215245,-193359,4267
1689018215248,-193359,4267
1689018215250,-193359,4267
1689018215253,-193359,4267
1689018215255,-193359,4267
1689018215257,-193359,4267
1689018215259,-193359,4267
1689018215262,-193359,4267
1689018215264,-193359,4267
1689018215266,-193359,4267
1689018215268,-193359,4267
1689018215271,-193359,4267
1689018215273,-193359,4267
1689018215275,-193359,4267
1689018215277,-193359,4267
1689018215279,-193359,4267
1689018215281,-193359,4267
1689018215284,-193359,4267
1689018215286,-193359,4267
1689018215287,-193359,4267
1689018215289,-193359,4267
1689018215291,-193359,4267
1689018215293,-193359,4267
1689018215294,-193359,4267
1689018215295,-193359,4267
1689018215296,-193359,4267
1689018215297,-193359,4267
1689018215298,-193359,4267
1689018215299,-193359,4267
1689018215302,-193359,4267
1689018215303,-193359,4267
1689018215304,-193359,4267
1689018215306,-193359,4267
1689018215307,-193359,4267
1689018215308,-193359,4267
1689018215310,-193359,4267
1689018215312,-193359,4267
1689018215314,-193359,4267
1689018215316,-193359,4267
1689018215317,-193359,4267
1689018215319,-193359,4267
1689018215321,-193359,4267
1689018215324,-193359,4267
1689018215325,-193359,4267
1689018215327,-193359,4267
1689018215328,-193359,4267
1689018215330,-193359,4267
1689018215333,-193359,4267
1689018215335,-193359,4267
1689018215337,-193359,4267
1689018215339,-193359,4267
1689018215342,-193359,4267
1689018215344,-193359,4267
1689018215347,-193359,4267
1689018215351,-193359,4267
1689018215353,-193359,4267
1689018215356,-193359,4267
1689018215358,-193359,4267
1689018215361,-193359,4267
1689018215364,-193359,4267
1689018215367,-193359,4267
1689018215370,-193359,4267
1689018215373,-193359,4267
1689018215375,-193359,4267
1689018215377,-193359,4267
1689018215379,-193359,4267
1689018215381,-193359,4267
1689018215383,-193359,4267
1689018215391,-193359,4267
1689018215397,-193359,4267
1689018215401,-193359,4267
1689018215405,-193359,4267
1689018215408,-193359,4267
1689018215413,-193359,4267
1689018215415,-193359,4267
1689018215417,-193359,4267
1689018215419,-193359,4267
1689018215422,-193359,4267
1689018215424,-193359,4267
1689018215425,-193359,4267
1689018215426,-193359,4267
1689018215428,-193359,4267
1689018215429,-193359,4267
1689018215431,-193359,4267
1689018215433,-193359,4267
1689018215435,-193359,4267
1689018215436,-193359,4267
1689018215437,-193359,4267
1689018215439,-193359,4267
1689018215441,-193359,4267
1689018215443,-193359,4267
1689018215445,-193359,4267
1689018215446,-193359,4267
1689018215448,-193359,4267
1689018215449,-193359,4267
1689018215452,-193359,4267
1689018215456,-193359,4267
1689018215460,-193359,4267
1689018215463,-193359,4267
1689018215466,-193359,4267
1689018215469,-193359,4267
1689018215472,-193359,4267
1689018215475,-193359,4267
1689018215478,-193359,4267
1689018215482,-193359,4267
1689018215485,-193359,4267
1689018215488,-193359,4267
1689018215492,-193359,4267
1689018215494,-193359,4267
1689018215496,-193359,4267
1689018215499,-193359,4267
1689018215503,-193359,4267
1689018215506,-193359,4267
1689018215509,-193359,4267
1689018215514,-193359,4267
1689018215517,-193359,4267
1689018215519,-193359,4267
1689018215524,-176757,4267
1689018215526,-176757,4267
1689018215528,-176757,4267
1689018215531,-176757,4267
1689018215533,-176757,4267
1689018215534,-176757,4267
1689018215535,-176757,4267
1689018215536,-176757,4267
1689018215537,-176757,4267
1689018215538,-176757,4267
1689018215539,-176757,4267
1689018215541,-176757,4267
1689018215543,-176757,4267
1689018215544,-176757,4267
1689018215545,-176757,4267
1689018215546,-176757,4267
1689018215547,-176757,4267
1689018215548,-176757,4267
1689018215549,-176757,4267
1689018215551,-176757,4267
1689018215553,-176757,4267
1689018215554,-176757,4267
1689018215556,-176757,4267
1689018215557,-176757,4267
1689018215558,-176757,4267
1689018215561,-176757,4267
1689018215562,-176757,4267
1689018215564,-176757,4267
1689018215565,-176757,4267
1689018215567,-176757,4267
1689018215569,-176757,4267
1689018215571,-176757,4267
1689018215573,-176757,4267
1689018215575,-176757,4267
1689018215576,-176757,4267
1689018215578,-176757,4267
1689018215580,-176757,4267
1689018215582,-176757,4267
1689018215584,-176757,4267
1689018215585,-176757,4267
1689018215588,-176757,4267
1689018215589,-176757,4267
1689018215592,-176757,4267
1689018215593,-176757,4267
1689018215595,-176757,4267
1689018215597,-176757,4267
1689018215599,-176757,4267
1689018215601,-176757,4267
1689018215603,-176757,4267
1689018215605,-176757,4267
1689018215607,-176757,4267
1689018215609,-176757,4267
1689018215610,-176757,4267
1689018215612,-176757,4267
1689018215614,-176757,4267
1689018215615,-176757,4267
1689018215617,-176757,4267
1689018215619,-176757,4267
1689018215621,-176757,4267
1689018215623,-176757,4267
1689018215624,-176757,4267
1689018215626,-176757,4267
1689018215628,-176757,4267
1689018215629,-176757,4267
1689018215632,-176757,4267
1689018215634,-176757,4267
1689018215635,-176757,4267
1689018215637,-176757,4267
1689018215639,-176757,4267
1689018215642,-176757,4267
1689018215643,-176757,4267
1689018215645,-176757,4267
1689018215647,-176757,4267
1689018215648,-176757,4267
1689018215651,-176757,4267
1689018215652,-176757,4267
1689018215654,-176757,4267
1689018215656,-176757,4267
1689018215657,-176757,4267
1689018215659,-176757,4267
1689018215661,-176757,4267
1689018215663,-176757,4267
1689018215664,-176757,4267
1689018215666,-176757,4267
1689018215667,-176757,4267
1689018215669,-176757,4267
1689018215671,-176757,4267
1689018215673,-176757,4267
1689018215675,-176757,4267
1689018215677,-176757,4267
1689018215679,-176757,4267
1689018215681,-176757,4267
1689018215683,-176757,4267
1689018215685,-176757,4267
1689018215687,-176757,4267
1689018215689,-176757,4267
1689018215691,-176757,4267
1689018215693,-176757,4267
1689018215695,-176757,4267
1689018215697,-176757,4267
1689018215698,-176757,4267
1689018215701,-176757,4267
1689018215703,-176757,4267
1689018215704,-176757,4267
1689018215706,-176757,4267
1689018215707,-176757,4267
1689018215709,-176757,4267
1689018215711,-176757,4267
1689018215713,-176757,4267
1689018215715,-176757,4267
1689018215717,-176757,4267
1689018215718,-176757,4267
1689018215721,-176757,4267
1689018215723,-176757,4267
1689018215724,-176757,4267
1689018215726,-176757,4267
1689018215727,-176757,4267
1689018215729,-176757,4267
1689018215731,-176757,4267
1689018215735,-176757,4267
1689018215738,-176757,4267
1689018215741,-176757,4267
1689018215745,-176757,4267
1689018215748,-176757,4267
1689018215752,-176757,4267
1689018215756,-176757,4267
1689018215760,-176757,4267
1689018215764,-176757,4267
1689018215767,-176757,4267
1689018215771,-176757,4267
1689018215774,-176757,4267
1689018215777,-176757,4267
1689018215779,-176757,4267
1689018215783,-176757,4267
1689018215786,-176757,4267
1689018215789,-176757,4267
1689018215792,-176757,4267
1689018215795,-176757,4267
1689018215797,-176757,4267
1689018215798,-176757,4267
1689018215801,-176757,4267
1689018215805,-176757,4267
1689018215807,-176757,4267
1689018215811,-176757,4267
1689018215814,-176757,4267
1689018215817,-176757,4267
1689018215819,-176757,4267
1689018215822,-176757,4267
1689018215825,-176757,4267
1689018215827,-176757,4267
1689018215830,-176757,4267
1689018215833,-176757,4267
1689018215836,-176757,4267
1689018215839,-176757,4267
1689018215843,-176757,4267
1689018215846,-176757,4267
1689018215849,-176757,4267
1689018215852,-176757,4267
1689018215854,-176757,4267
1689018215857,-176757,4267
1689018215860,-176757,4267
1689018215863,-176757,4267
1689018215866,-176757,4267
1689018215869,-176757,4267
1689018215872,-176757,4267
1689018215874,-176757,4267
1689018215877,-176757,4267
1689018215882,-176757,4267
1689018215885,-176757,4267
1689018215888,-176757,4267
1689018215891,-176757,4267
1689018215894,-176757,4267
1689018215897,-176757,4267
1689018215899,-176757,4267
1689018215902,-176757,4267
1689018215905,-176757,4267
1689018215908,-176757,4267
1689018215911,-176757,4267
1689018215914,-176757,4267
1689018215917,-176757,4267
1689018215920,-176757,4267
1689018215924,-176757,4267
1689018215927,-176757,4267
1689018215929,-176757,4267
1689018215932,-176757,4267
1689018215935,-176757,4267
1689018215938,-176757,4267
1689018215941,-176757,4267
1689018215945,-176757,4267
1689018215949,-176757,4267
1689018215951,-176757,4267
1689018215959,-176757,4267
1689018215964,-176757,4267
1689018215968,-176757,4267
1689018215976,-176757,4267
1689018215981,-176757,4267
1689018215988,-176757,4267
1689018215995,-176757,4267
1689018215998,-176757,4267
1689018216000,-176757,4267
1689018216002,-176757,4267
1689018216003,-176757,4267
1689018216005,-176757,4267
1689018216006,-176757,4267
1689018216008,-176757,4267
1689018216009,-176757,4267
1689018216012,-176757,4267
1689018216013,-176757,4267
1689018216015,-176757,4267
1689018216017,-176757,4267
1689018216018,-176757,4267
1689018216021,-176757,4267
1689018216025,-176757,4267
1689018216027,-176757,4267
1689018216028,-176757,4267
1689018216030,-176757,4267
1689018216032,-176757,4267
1689018216035,-176757,4267
1689018216038,-176757,4267
1689018216042,-176757,4267
1689018216046,-176757,4267
1689018216049,-176757,4267
1689018216052,-176757,4267
1689018216056,-176757,4267
1689018216059,-176757,4267
1689018216063,-176757,4267
1689018216067,-176757,4267
1689018216070,-176757,4267
1689018216073,-176757,4267
1689018216076,-176757,4267
1689018216079,-176757,4267
1689018216084,-176757,4267
1689018216086,-176757,4267
1689018216089,-176757,4267
1689018216092,-176757,4267
1689018216095,-176757,4267
1689018216098,-176757,4267
1689018216102,-176757,4267
1689018216104,-176757,4267
1689018216107,-176757,4267
1689018216109,-176757,4267
1689018216113,-176757,4267
1689018216116,-176757,4267
1689018216119,-176757,4267
1689018216123,-176757,4267
1689018216125,-176757,4267
1689018216128,-176757,4267
1689018216131,-176757,4267
1689018216133,-176757,4267
1689018216134,-176757,4267
1689018216136,-176757,4267
1689018216137,-176757,4267
1689018216139,-176757,4267
1689018216141,-176757,4267
1689018216142,-176757,4267
1689018216144,-176757,4267
1689018216145,-176757,4267
1689018216147,-176757,4267
1689018216148,-176757,4267
1689018216150,-176757,4267
1689018216152,-176757,4267
1689018216153,-176757,4267
1689018216155,-176757,4267
1689018216157,-176757,4267
1689018216159,-176757,4267
1689018216161,-176757,4267
1689018216163,-176757,4267
1689018216165,-176757,4267
1689018216167,-176757,4267
1689018216169,-176757,4267
1689018216171,-176757,4267
1689018216174,-176757,4267
1689018216177,-176757,4267
1689018216180,-176757,4267
1689018216183,-176757,4267
1689018216186,-176757,4267
1689018216188,-176757,4267
1689018216190,-176757,4267
1689018216196,-176757,4267
1689018216199,-176757,4267
1689018216202,-176757,4267
1689018216205,-176757,4267
1689018216208,-176757,4267
1689018216212,-176757,4267
1689018216214,-176757,4267
1689018216216,-176757,4267
1689018216219,-176757,4267
1689018216221,-176757,4267
1689018216224,-176757,4267
1689018216227,-176757,4267
1689018216229,-176757,4267
1689018216232,-176757,4267
1689018216235,-176757,4267
1689018216239,-176757,4267
1689018216243,-176757,4267
1689018216246,-176757,4267
1689018216247,-176757,4267
1689018216250,-176757,4267
1689018216252,-176757,4267
1689018216254,-176757,4267
1689018216256,-176757,4267
1689018216259,-176757,4267
1689018216263,-176757,4267
1689018216265,-176757,4267
1689018216268,-176757,4267
1689018216270,-176757,4267
1689018216272,-176757,4267
1689018216274,-176757,4267
1689018216277,-176757,4267
1689018216279,-176757,4267
1689018216281,-176757,4267
1689018216283,-176757,4267
1689018216286,-176757,4267
1689018216288,-176757,4267
1689018216290,-176757,4267
1689018216292,-176757,4267
1689018216295,-176757,4267
1689018216297,-176757,4267
1689018216299,-176757,4267
1689018216301,-176757,4267
1689018216303,-176757,4267
1689018216306,-176757,4267
1689018216308,-176757,4267
1689018216310,-176757,4267
1689018216312,-176757,4267
1689018216314,-176757,4267
1689018216317,-176757,4267
1689018216319,-176757,4267
1689018216322,-176757,4267
1689018216325,-176757,4267
1689018216327,-176757,4267
1689018216329,-176757,4267
1689018216332,-176757,4267
1689018216334,-176757,4267
1689018216336,-176757,4267
1689018216338,-176757,4267
1689018216340,-176757,4267
1689018216342,-176757,4267
1689018216344,-176757,4267
1689018216346,-176757,4267
1689018216350,-176757,4267
1689018216352,-176757,4267
1689018216354,-176757,4267
1689018216357,-176757,4267
1689018216359,-176757,4267
1689018216362,-176757,4267
1689018216364,-176757,4267
1689018216366,-176757,4267
1689018216368,-176757,4267
1689018216371,-176757,4267
1689018216373,-176757,4267
1689018216375,-176757,4267
1689018216377,-176757,4267
1689018216379,-176757,4267
1689018216381,-176757,4267
1689018216384,-176757,4267
1689018216386,-176757,4267
1689018216388,-176757,4267
1689018216390,-176757,4267
1689018216392,-176757,4267
1689018216394,-176757,4267
1689018216396,-176757,4267
1689018216399,-176757,4267
1689018216401,-176757,4267
1689018216403,-176757,4267
1689018216405,-176757,4267
1689018216407,-176757,4267
1689018216409,-176757,4267
1689018216411,-176757,4267
1689018216414,-176757,4267
1689018216416,-176757,4267
1689018216418,-176757,4267
1689018216420,-176757,4267
1689018216422,-176757,4267
1689018216424,-176757,4267
1689018216426,-176757,4267
1689018216429,-176757,4267
1689018216431,-176757,4267
1689018216433,-176757,4267
1689018216436,-176757,4267
1689018216438,-176757,4267
1689018216441,-176757,4267
1689018216443,-176757,4267
1689018216445,-176757,4267
1689018216447,-176757,4267
1689018216449,-176757,4267
1689018216451,-176757,4267
1689018216454,-176757,4267
1689018216456,-176757,4267
1689018216458,-176757,4267
1689018216460,-176757,4267
1689018216463,-176757,4267
1689018216465,-176757,4267
1689018216467,-176757,4267
1689018216469,-176757,4267
1689018216471,-176757,4267
1689018216473,-176757,4267
1689018216476,-176757,4267
1689018216479,-176757,4267
1689018216481,-176757,4267
1689018216484,-176757,4267
1689018216486,-176757,4267
1689018216488,-176757,4267
1689018216491,-176757,4267
1689018216494,-176757,4267
1689018216497,-176757,4267
1689018216499,-176757,4267
1689018216504,-176757,4267
1689018216507,-176757,4267
1689018216509,-176757,4267
1689018216513,-176757,4267
1689018216516,-176757,4267
1689018216519,-176757,4267
1689018216523,-176757,4267
1689018216526,-176757,4267
1689018216528,-176757,4267
1689018216532,-176757,4267
1689018216535,-176757,4267
1689018216537,-176757,4267
1689018216540,-176757,4267
1689018216552,-176757,4267
1689018216556,-176757,4267
1689018216560,-176757,4267
1689018216563,-176757,4267
1689018216566,-176757,4267
1689018216569,-176757,4267
1689018216572,-176757,4267
1689018216575,-176757,4267
1689018216577,-176757,4267
1689018216580,-176757,4267
1689018216583,-176757,4267
1689018216585,-176757,4267
1689018216588,-176757,4267
1689018216591,-176757,4267
1689018216593,-176757,4267
1689018216597,-176757,4267
1689018216600,-176757,4267
1689018216603,-176757,4267
1689018216606,-176757,4267
1689018216609,-176757,4267
1689018216613,-176757,4267
1689018216615,-176757,4267
1689018216618,-176757,4267
1689018216622,-176757,4267
1689018216625,-176757,4267
1689018216628,-176757,4267
1689018216631,-176757,4267
1689018216634,-176757,4267
1689018216637,-176757,4267
1689018216640,-176757,4267
1689018216643,-176757,4267
1689018216646,-176757,4267
1689018216649,-176757,4267
1689018216653,-176757,4267
1689018216656,-176757,4267
1689018216658,-176757,4267
1689018216662,-176757,4267
1689018216665,-176757,4267
1689018216667,-176757,4267
1689018216670,-176757,4267
1689018216673,-176757,4267
1689018216675,-176757,4267
1689018216679,-176757,4267
1689018216684,-176757,4267
1689018216686,-176757,4267
1689018216689,-176757,4267
1689018216692,-176757,4267
1689018216695,-176757,4267
1689018216697,-176757,4267
1689018216701,-176757,4267
1689018216703,-176757,4267
1689018216706,-176757,4267
1689018216709,-176757,4267
1689018216713,-176757,4267
1689018216716,-176757,4267
1689018216719,-176757,4267
1689018216721,-176757,4267
1689018216724,-176757,4267
1689018216727,-176757,4267
1689018216730,-176757,4267
1689018216733,-176757,4267
1689018216736,-176757,4267
1689018216738,-176757,4267
1689018216743,-176757,4267
1689018216746,-176757,4267
1689018216749,-176757,4267
1689018216752,-176757,4267
1689018216756,-176757,4267
1689018216759,-176757,4267
1689018216763,-176757,4267
1689018216765,-176757,4267
1689018216768,-176757,4267
1689018216771,-176757,4267
1689018216774,-176757,4267
1689018216777,-176757,4267
1689018216780,-176757,4267
1689018216782,-176757,4267
1689018216785,-176757,4267
1689018216788,-176757,4267
1689018216792,-176757,4267
1689018216795,-176757,4267
1689018216798,-176757,4267
1689018216802,-176757,4267
1689018216805,-176757,4267
1689018216808,-176757,4267
1689018216810,-176757,4267
1689018216813,-176757,4267
1689018216816,-176757,4267
1689018216818,-176757,4267
1689018216821,-176757,4267
1689018216824,-176757,4267
1689018216827,-176757,4267
1689018216829,-176757,4267
1689018216834,-176757,4267
1689018216837,-176757,4267
1689018216839,-176757,4267
1689018216841,-176757,4267
1689018216844,-176757,4267
1689018216845,-176757,4267
1689018216847,-176757,4267
1689018216849,-176757,4267
1689018216852,-176757,4267
1689018216853,-176757,4267
1689018216854,-176757,4267
1689018216855,-176757,4267
1689018216856,-176757,4267
1689018216858,-176757,4267
1689018216859,-176757,4267
1689018216860,-176757,4267
1689018216862,-176757,4267
1689018216863,-176757,4267
1689018216865,-176757,4267
1689018216866,-176757,4267
1689018216867,-176757,4267
1689018216869,-176757,4267
1689018216871,-176757,4267
1689018216873,-176757,4267
1689018216875,-176757,4267
1689018216876,-176757,4267
1689018216877,-176757,4267
1689018216879,-176757,4267
1689018216881,-176757,4267
1689018216882,-176757,4267
1689018216884,-176757,4267
1689018216886,-176757,4267
1689018216887,-176757,4267
1689018216889,-176757,4267
1689018216891,-176757,4267
1689018216892,-176757,4267
1689018216894,-176757,4267
1689018216896,-176757,4267
1689018216897,-176757,4267
1689018216899,-176757,4267
1689018216901,-176757,4267
1689018216902,-176757,4267
1689018216904,-176757,4267
1689018216905,-176757,4267
1689018216906,-176757,4267
1689018216908,-176757,4267
1689018216910,-176757,4267
1689018216914,-176757,4267
1689018216918,-176757,4267
1689018216921,-176757,4267
1689018216925,-176757,4267
1689018216928,-176757,4267
1689018216932,-176757,4267
1689018216934,-176757,4267
1689018216937,-176757,4267
1689018216941,-176757,4267
1689018216944,-176757,4267
1689018216947,-176757,4267
1689018216950,-176757,4267
1689018216954,-176757,4267
1689018216957,-176757,4267
1689018216961,-176757,4267
1689018216964,-176757,4267
1689018216967,-176757,4267
1689018216970,-176757,4267
1689018216973,-176757,4267
1689018216976,-176757,4267
1689018216979,-176757,4267
1689018216982,-176757,4267
1689018216984,-176757,4267
1689018216986,-176757,4267
1689018216987,-174804,4267
1689018216989,-174804,4267
1689018216992,-174804,4267
1689018216995,-174804,4267
1689018216997,-174804,4267
1689018216999,-174804,4267
1689018217002,-174804,4267
1689018217005,-174804,4267
1689018217007,-174804,4267
1689018217009,-174804,4267
1689018217013,-174804,4267
1689018217016,-174804,4267
1689018217019,-174804,4267
1689018217023,-174804,4267
1689018217026,-174804,4267
1689018217028,-174804,4267
1689018217031,-174804,4267
1689018217035,-174804,4267
1689018217038,-174804,4267
1689018217041,-174804,4267
1689018217044,-174804,4267
1689018217047,-174804,4267
1689018217049,-174804,4267
1689018217052,-174804,4267
1689018217054,-174804,4267
1689018217057,-174804,4267
1689018217059,-174804,4267
1689018217063,-174804,4267
1689018217066,-174804,4267
1689018217069,-174804,4267
1689018217072,-174804,4267
1689018217076,-174804,4267
1689018217079,-174804,4267
1689018217082,-174804,4267
1689018217084,-174804,4267
1689018217086,-174804,4267
1689018217087,-174804,4267
1689018217089,-174804,4267
1689018217092,-174804,4267
1689018217094,-174804,4267
1689018217097,-174804,4267
1689018217099,-174804,4267
1689018217104,-174804,4267
1689018217106,-174804,4267
1689018217109,-174804,4267
1689018217113,-174804,4267
1689018217116,-174804,4267
1689018217119,-174804,4267
1689018217122,-174804,4267
1689018217125,-174804,4267
1689018217128,-174804,4267
1689018217131,-174804,4267
1689018217134,-174804,4267
1689018217137,-174804,4267
1689018217140,-174804,4267
1689018217143,-174804,4267
1689018217145,-174804,4267
1689018217148,-174804,4267
1689018217151,-174804,4267
1689018217155,-174804,4267
1689018217158,-174804,4267
1689018217162,-174804,4267
1689018217165,-174804,4267
1689018217168,-174804,4267
1689018217172,-174804,4267
1689018217175,-174804,4267
1689018217176,-174804,4267
1689018217178,-174804,4267
1689018217181,-174804,4267
1689018217183,-174804,4267
1689018217185,-174804,4267
1689018217187,-174804,4267
1689018217188,-174804,4267
1689018217192,-174804,4267
1689018217196,-174804,4267
1689018217199,-174804,4267
1689018217202,-174804,4267
1689018217204,-174804,4267
1689018217206,-174804,4267
1689018217209,-174804,4267
1689018217212,-174804,4267
1689018217214,-174804,4267
1689018217217,-174804,4267
1689018217221,-174804,4267
1689018217224,-174804,4267
1689018217227,-174804,4267
1689018217229,-174804,4267
1689018217232,-174804,4267
1689018217235,-174804,4267
1689018217238,-174804,4267
1689018217241,-174804,4267
1689018217244,-174804,4267
1689018217247,-174804,4267
1689018217249,-174804,4267
1689018217252,-174804,4267
1689018217255,-174804,4267
1689018217257,-174804,4267
1689018217260,-174804,4267
1689018217262,-174804,4267
1689018217265,-174804,4267
1689018217268,-174804,4267
1689018217271,-174804,4267
1689018217275,-174804,4267
1689018217277,-174804,4267
1689018217279,-174804,4267
1689018217282,-174804,4267
1689018217285,-174804,4267
1689018217288,-174804,4267
1689018217291,-174804,4267
1689018217294,-174804,4267
1689018217297,-174804,4267
1689018217299,-174804,4267
1689018217303,-174804,4267
1689018217305,-174804,4267
1689018217308,-174804,4267
1689018217311,-174804,4267
1689018217314,-174804,4267
1689018217317,-174804,4267
1689018217321,-174804,4267
1689018217324,-174804,4267
1689018217327,-174804,4267
1689018217330,-174804,4267
1689018217333,-174804,4267
1689018217336,-174804,4267
1689018217338,-174804,4267
1689018217341,-174804,4267
1689018217344,-174804,4267
1689018217347,-174804,4267
1689018217351,-174804,4267
1689018217354,-174804,4267
1689018217357,-174804,4267
1689018217360,-174804,4267
1689018217363,-174804,4267
1689018217366,-174804,4267
1689018217368,-174804,4267
1689018217372,-174804,4267
1689018217374,-174804,4267
1689018217376,-174804,4267
1689018217379,-174804,4267
1689018217381,-174804,4267
1689018217383,-174804,4267
1689018217385,-174804,4267
1689018217389,-174804,4267
1689018217391,-174804,4267
1689018217394,-174804,4267
1689018217396,-174804,4267
1689018217398,-174804,4267
1689018217400,-174804,4267
1689018217402,-174804,4267
1689018217404,-174804,4267
1689018217407,-174804,4267
1689018217409,-174804,4267
1689018217411,-174804,4267
1689018217413,-174804,4267
1689018217415,-174804,4267
1689018217418,-174804,4267
1689018217420,-174804,4267
1689018217422,-174804,4267
1689018217424,-174804,4267
1689018217426,-174804,4267
1689018217428,-174804,4267
1689018217431,-174804,4267
1689018217434,-174804,4267
1689018217436,-174804,4267
1689018217438,-174804,4267
1689018217439,-174804,4267
1689018217442,-174804,4267
1689018217444,-174804,4267
1689018217446,-174804,4267
1689018217448,-174804,4267
1689018217450,-174804,4267
1689018217453,-174804,4267
1689018217455,-174804,4267
1689018217457,-174804,4267
1689018217459,-174804,4267
1689018217461,-174804,4267
1689018217463,-174804,4267
1689018217465,-174804,4267
1689018217467,-174804,4267
1689018217470,-174804,4267
1689018217472,-174804,4267
1689018217474,-174804,4267
1689018217477,-174804,4267
1689018217478,-174804,4267
1689018217481,-174804,4267
1689018217483,-174804,4267
1689018217485,-174804,4267
1689018217487,-174804,4267
1689018217489,-174804,4267
1689018217494,-174804,4267
1689018217497,-174804,4267
1689018217499,-174804,4267
1689018217501,-174804,4267
1689018217503,-174804,4267
1689018217505,-174804,4267
1689018217507,-174804,4267
1689018217509,-174804,4267
1689018217511,-174804,4267
1689018217514,-174804,4267
1689018217517,-174804,4267
1689018217519,-174804,4267
1689018217522,-174804,4267
1689018217524,-174804,4267
1689018217526,-174804,4267
1689018217528,-174804,4267
1689018217531,-174804,4267
1689018217534,-174804,4267
1689018217537,-174804,4267
1689018217539,-174804,4267
1689018217542,-174804,4267
1689018217543,-174804,4267
1689018217545,-174804,4267
1689018217547,-174804,4267
1689018217549,-174804,4267
1689018217553,-174804,4267
1689018217554,-174804,4267
1689018217556,-174804,4267
1689018217557,-174804,4267
1689018217558,-174804,4267
1689018217560,-174804,4267
1689018217562,-174804,4267
1689018217563,-174804,4267
1689018217565,-174804,4267
1689018217566,-174804,4267
1689018217567,-174804,4267
1689018217569,-174804,4267
1689018217571,-174804,4267
1689018217573,-174804,4267
1689018217574,-174804,4267
1689018217575,-174804,4267
1689018217577,-174804,4267
1689018217579,-174804,4267
1689018217582,-174804,4267
1689018217584,-174804,4267
1689018217585,-174804,4267
1689018217587,-174804,4267
1689018217588,-174804,4267
1689018217591,-174804,4267
1689018217594,-174804,4267
1689018217596,-174804,4267
1689018217599,-174804,4267
1689018217601,-174804,4267
1689018217604,-174804,4267
1689018217606,-174804,4267
1689018217609,-174804,4267
1689018217611,-174804,4267
1689018217613,-174804,4267
1689018217615,-174804,4267
1689018217618,-174804,4267
1689018217621,-174804,4267
1689018217624,-174804,4267
1689018217627,-174804,4267
1689018217630,-174804,4267
1689018217633,-174804,4267
1689018217636,-174804,4267
1689018217638,-174804,4267
1689018217641,-174804,4267
1689018217644,-174804,4267
1689018217647,-174804,4267
1689018217650,-174804,4267
1689018217653,-174804,4267
1689018217656,-174804,4267
1689018217659,-174804,4267
1689018217661,-174804,4267
1689018217664,-174804,4267
1689018217667,-174804,4267
1689018217670,-174804,4267
1689018217674,-174804,4267
1689018217678,-174804,4267
1689018217682,-174804,4267
1689018217688,-174804,4267
1689018217691,-174804,4267
1689018217693,-174804,4267
1689018217696,-174804,4267
1689018217706,-174804,4267
1689018217710,-174804,4267
1689018217714,-174804,4267
1689018217719,-174804,4267
1689018217723,-174804,4267
1689018217726,-174804,4267
1689018217727,-174804,4267
1689018217729,-174804,4267
1689018217731,-174804,4267
1689018217732,-174804,4267
1689018217734,-174804,4267
1689018217743,-174804,4267
1689018217751,-174804,4267
1689018217755,-174804,4267
1689018217757,-174804,4267
1689018217758,-174804,4267
1689018217760,-174804,4267
1689018217762,-174804,4267
1689018217763,-174804,4267
1689018217765,-174804,4267
1689018217766,-174804,4267
1689018217768,-174804,4267
1689018217769,-174804,4267
1689018217771,-174804,4267
1689018217773,-174804,4267
1689018217775,-174804,4267
1689018217776,-174804,4267
1689018217778,-174804,4267
1689018217779,-174804,4267
1689018217781,-174804,4267
1689018217783,-174804,4267
1689018217785,-174804,4267
1689018217786,-174804,4267
1689018217788,-174804,4267
1689018217791,-174804,4267
1689018217794,-174804,4267
1689018217798,-174804,4267
1689018217801,-174804,4267
1689018217804,-174804,4267
1689018217807,-174804,4267
1689018217809,-174804,4267
1689018217813,-174804,4267
1689018217816,-174804,4267
1689018217818,-174804,4267
1689018217823,-174804,4267
1689018217826,-174804,4267
1689018217828,-174804,4267
1689018217832,-174804,4267
1689018217835,-174804,4267
1689018217838,-174804,4267
1689018217841,-174804,4267
1689018217844,-174804,4267
1689018217846,-174804,4267
1689018217849,-174804,4267
1689018217852,-174804,4267
1689018217854,-174804,4267
1689018217857,-174804,4267
1689018217859,-174804,4267
1689018217862,-174804,4267
1689018217865,-174804,4267
1689018217867,-174804,4267
1689018217870,-174804,4267
1689018217873,-174804,4267
1689018217875,-174804,4267
1689018217878,-174804,4267
1689018217881,-174804,4267
1689018217883,-174804,4267
1689018217886,-174804,4267
1689018217888,-174804,4267
1689018217891,-174804,4267
1689018217894,-174804,4267
1689018217897,-174804,4267
1689018217899,-174804,4267
1689018217902,-174804,4267
1689018217905,-174804,4267
1689018217907,-174804,4267
1689018217911,-174804,4267
1689018217915,-174804,4267
1689018217917,-174804,4267
1689018217920,-174804,4267
1689018217923,-174804,4267
1689018217925,-174804,4267
1689018217928,-174804,4267
1689018217931,-174804,4267
1689018217934,-174804,4267
1689018217937,-174804,4267
1689018217939,-174804,4267
1689018217942,-174804,4267
1689018217944,-174804,4267
1689018217947,-174804,4267
1689018217951,-174804,4267
1689018217955,-174804,4267
1689018217958,-174804,4267
1689018217961,-174804,4267
1689018217964,-174804,4267
1689018217967,-174804,4267
1689018217969,-174804,4267
1689018217972,-174804,4267
1689018217975,-174804,4267
1689018217977,-174804,4267
1689018217980,-174804,4267
1689018217982,-174804,4267
1689018217984,-174804,4267
1689018217987,-174804,4267
1689018217989,-174804,4267
1689018217993,-174804,4267
1689018217996,-174804,4267
1689018217998,-174804,4267
1689018218001,-174804,4267
1689018218004,-174804,4267
1689018218006,-174804,4267
1689018218008,-174804,4267
1689018218012,-174804,4267
1689018218015,-174804,4267
1689018218017,-174804,4267
1689018218020,-174804,4267
1689018218023,-174804,4267
1689018218031,-174804,4267
1689018218035,-174804,4267
1689018218038,-174804,4267
1689018218042,-174804,4267
1689018218045,-174804,4267
1689018218048,-174804,4267
1689018218051,-174804,4267
1689018218054,-174804,4267
1689018218057,-174804,4267
1689018218059,-174804,4267
1689018218062,-174804,4267
1689018218065,-174804,4267
1689018218068,-174804,4267
1689018218078,-174804,4267
1689018218083,-174804,4267
1689018218086,-174804,4267
1689018218089,-174804,4267
1689018218093,-174804,4267
1689018218095,-174804,4267
1689018218098,-174804,4267
1689018218101,-174804,4267
1689018218103,-174804,4267
1689018218106,-174804,4267
1689018218115,-174804,4267
1689018218119,-174804,4267
1689018218122,-174804,4267
1689018218125,-174804,4267
1689018218127,-174804,4267
1689018218130,-174804,4267
1689018218133,-174804,4267
1689018218135,-174804,4267
1689018218138,-174804,4267
1689018218141,-174804,4267
1689018218143,-174804,4267
1689018218145,-174804,4267
1689018218150,-174804,4267
1689018218154,-174804,4267
1689018218157,-174804,4267
1689018218160,-174804,4267
1689018218163,-174804,4267
1689018218166,-174804,4267
1689018218168,-174804,4267
1689018218171,-174804,4267
1689018218174,-174804,4267
1689018218177,-174804,4267
1689018218180,-174804,4267
1689018218182,-174804,4267
1689018218185,-174804,4267
1689018218189,-174804,4267
1689018218193,-174804,4267
1689018218196,-174804,4267
1689018218198,-174804,4267
1689018218201,-174804,4267
1689018218204,-174804,4267
1689018218206,-174804,4267
1689018218209,-174804,4267
1689018218213,-174804,4267
1689018218216,-174804,4267
1689018218218,-174804,4267
1689018218221,-174804,4267
1689018218223,-174804,4267
1689018218227,-174804,4267
1689018218230,-174804,4267
1689018218233,-174804,4267
1689018218236,-174804,4267
1689018218238,-174804,4267
1689018218242,-174804,4267
1689018218246,-174804,4267
1689018218248,-174804,4267
1689018218252,-174804,4267
1689018218254,-174804,4267
1689018218257,-174804,4267
1689018218259,-174804,4267
1689018218263,-174804,4267
1689018218266,-174804,4267
1689018218270,-174804,4267
1689018218275,-174804,4267
1689018218281,-174804,4267
1689018218284,-174804,4267
1689018218288,-174804,4267
1689018218291,-174804,4267
1689018218293,-174804,4267
1689018218295,-174804,4267
1689018218297,-174804,4267
1689018218299,-174804,4267
1689018218300,-174804,4267
1689018218302,-174804,4267
1689018218304,-174804,4267
1689018218306,-174804,4267
1689018218308,-174804,4267
1689018218310,-174804,4267
1689018218313,-174804,4267
1689018218315,-174804,4267
1689018218317,-174804,4267
1689018218318,-174804,4267
1689018218322,-174804,4267
1689018218328,-174804,4267
1689018218333,-174804,4267
1689018218335,-174804,4267
1689018218336,-174804,4267
1689018218338,-174804,4267
1689018218339,-174804,4267
1689018218340,-174804,4267
1689018218342,-174804,4267
1689018218343,-174804,4267
1689018218344,-174804,4267
1689018218346,-174804,4267
1689018218347,-174804,4267
1689018218349,-174804,4267
1689018218350,-174804,4267
1689018218351,-174804,4267
1689018218353,-174804,4267
1689018218354,-174804,4267
1689018218356,-174804,4267
1689018218357,-174804,4267
1689018218358,-174804,4267
1689018218359,-174804,4267
1689018218360,-174804,4267
1689018218362,-174804,4267
1689018218363,-174804,4267
1689018218364,-174804,4267
1689018218365,-174804,4267
1689018218366,-174804,4267
1689018218367,-174804,4267
1689018218367,-174804,4267
1689018218368,-174804,4267
1689018218369,-174804,4267
1689018218370,-174804,4267
1689018218371,-174804,4267
1689018218372,-174804,4267
1689018218373,-174804,4267
1689018218373,-174804,4267
1689018218374,-174804,4267
1689018218375,-174804,4267
1689018218376,-174804,4267
1689018218376,-174804,4267
1689018218377,-174804,4267
1689018218378,-174804,4267
1689018218379,-174804,4267
1689018218380,-174804,4267
1689018218381,-174804,4267
1689018218382,-174804,4267
1689018218383,-174804,4267
1689018218384,-174804,4267
1689018218385,-174804,4267
1689018218386,-174804,4267
1689018218387,-174804,4267
1689018218389,-174804,4267
1689018218390,-174804,4267
1689018218392,-174804,4267
1689018218394,-174804,4267
1689018218395,-174804,4267
1689018218397,-174804,4267
1689018218398,-174804,4267
1689018218400,-174804,4267
1689018218401,-174804,4267
1689018218403,-174804,4267
1689018218405,-174804,4267
1689018218406,-174804,4267
1689018218408,-174804,4267
1689018218410,-174804,4267
1689018218411,-174804,4267
1689018218413,-174804,4267
1689018218415,-174804,4267
1689018218416,-174804,4267
1689018218418,-174804,4267
1689018218420,-174804,4267
1689018218422,-174804,4267
1689018218423,-174804,4267
1689018218425,-174804,4267
1689018218427,-174804,4267
1689018218429,-174804,4267
1689018218431,-174804,4267
1689018218435,-174804,4267
1689018218438,-174804,4267
1689018218441,-174804,4267
1689018218445,-174804,4267
1689018218448,-174804,4267
1689018218451,-174804,4267
1689018218454,-213867,4267
1689018218457,-213867,4267
1689018218459,-213867,4267
1689018218462,-213867,4267
1689018218465,-213867,4267
1689018218467,-213867,4267
1689018218470,-213867,4267
1689018218473,-213867,4267
1689018218475,-213867,4267
1689018218478,-213867,4267
1689018218482,-213867,4267
1689018218484,-213867,4267
1689018218487,-213867,4267
1689018218491,-213867,4267
1689018218494,-213867,4267
1689018218496,-213867,4267
1689018218499,-213867,4267
1689018218501,-213867,4267
1689018218504,-213867,4267
1689018218506,-213867,4267
1689018218509,-213867,4267
1689018218512,-213867,4267
1689018218514,-213867,4267
1689018218517,-213867,4267
1689018218519,-213867,4267
1689018218521,-213867,4267
1689018218523,-213867,4267
1689018218525,-213867,4267
1689018218527,-213867,4267
1689018218529,-213867,4267
1689018218532,-213867,4267
1689018218535,-213867,4267
1689018218537,-213867,4267
1689018218539,-213867,4267
1689018218542,-213867,4267
1689018218544,-213867,4267
1689018218546,-213867,4267
1689018218548,-213867,4267
1689018218550,-213867,4267
1689018218553,-213867,4267
1689018218555,-213867,4267
1689018218557,-213867,4267
1689018218559,-213867,4267
1689018218561,-213867,4267
1689018218563,-213867,4267
1689018218565,-213867,4267
1689018218568,-213867,4267
1689018218569,-213867,4267
1689018218572,-213867,4267
1689018218574,-213867,4267
1689018218576,-213867,4267
1689018218578,-213867,4267
1689018218581,-213867,4267
1689018218583,-213867,4267
1689018218585,-213867,4267
1689018218588,-213867,4267
1689018218591,-213867,4267
1689018218593,-213867,4267
1689018218596,-213867,4267
1689018218598,-213867,4267
1689018218599,-213867,4267
1689018218602,-213867,4267
1689018218604,-213867,4267
1689018218606,-213867,4267
1689018218608,-213867,4267
1689018218610,-213867,4267
1689018218612,-213867,4267
1689018218614,-213867,4267
1689018218616,-213867,4267
1689018218618,-213867,4267
1689018218621,-213867,4267
1689018218623,-213867,4267
1689018218625,-213867,4267
1689018218627,-213867,4267
1689018218629,-213867,4267
1689018218632,-213867,4267
1689018218634,-213867,4267
1689018218637,-213867,4267
1689018218639,-213867,4267
1689018218641,-213867,4267
1689018218643,-213867,4267
1689018218645,-213867,4267
1689018218647,-213867,4267
1689018218649,-213867,4267
1689018218652,-213867,4267
1689018218654,-213867,4267
1689018218656,-213867,4267
1689018218657,-213867,4267
1689018218659,-213867,4267
1689018218662,-213867,4267
1689018218664,-213867,4267
1689018218666,-213867,4267
1689018218668,-213867,4267
1689018218670,-213867,4267
1689018218673,-213867,4267
1689018218674,-213867,4267
1689018218676,-213867,4267
1689018218678,-213867,4267
1689018218681,-213867,4267
1689018218683,-213867,4267
1689018218685,-213867,4267
1689018218687,-213867,4267
1689018218689,-213867,4267
1689018218692,-213867,4267
1689018218694,-213867,4267
1689018218696,-213867,4267
1689018218698,-213867,4267
1689018218701,-213867,4267
1689018218704,-213867,4267
1689018218706,-213867,4267
1689018218708,-213867,4267
1689018218710,-213867,4267
1689018218712,-213867,4267
1689018218714,-213867,4267
1689018218716,-213867,4267
1689018218718,-213867,4267
1689018218720,-213867,4267
1689018218723,-213867,4267
1689018218725,-213867,4267
1689018218727,-213867,4267
1689018218729,-213867,4267
1689018218732,-213867,4267
1689018218734,-213867,4267
1689018218736,-213867,4267
1689018218738,-213867,4267
1689018218739,-213867,4267
1689018218741,-213867,4267
1689018218743,-213867,4267
1689018218746,-213867,4267
1689018218749,-213867,4267
1689018218752,-213867,4267
1689018218755,-213867,4267
1689018218757,-213867,4267
1689018218760,-213867,4267
1689018218762,-213867,4267
1689018218765,-213867,4267
1689018218767,-213867,4267
1689018218770,-213867,4267
1689018218773,-213867,4267
1689018218776,-213867,4267
1689018218779,-213867,4267
1689018218783,-213867,4267
1689018218787,-213867,4267
1689018218790,-213867,4267
1689018218792,-213867,4267
1689018218795,-213867,4267
1689018218797,-213867,4267
1689018218800,-213867,4267
1689018218802,-213867,4267
1689018218805,-213867,4267
1689018218807,-213867,4267
1689018218810,-213867,4267
1689018218813,-213867,4267
1689018218815,-213867,4267
1689018218818,-213867,4267
1689018218821,-213867,4267
1689018218825,-213867,4267
1689018218827,-213867,4267
1689018218831,-213867,4267
1689018218834,-213867,4267
1689018218837,-213867,4267
1689018218840,-213867,4267
1689018218843,-213867,4267
1689018218846,-213867,4267
1689018218848,-213867,4267
1689018218852,-213867,4267
1689018218855,-213867,4267
1689018218857,-213867,4267
1689018218859,-213867,4267
1689018218863,-213867,4267
1689018218867,-213867,4267
1689018218871,-213867,4267
1689018218875,-213867,4267
1689018218877,-213867,4267
1689018218880,-213867,4267
1689018218883,-213867,4267
1689018218885,-213867,4267
1689018218888,-213867,4267
1689018218891,-213867,4267
1689018218895,-213867,4267
1689018218898,-213867,4267
1689018218904,-213867,4267
1689018218911,-213867,4267
1689018218915,-213867,4267
1689018218917,-213867,4267
1689018218919,-213867,4267
1689018218921,-213867,4267
1689018218923,-213867,4267
1689018218924,-213867,4267
1689018218925,-213867,4267
1689018218927,-213867,4267
1689018218928,-213867,4267
1689018218930,-213867,4267
1689018218932,-213867,4267
1689018218933,-213867,4267
1689018218935,-213867,4267
1689018218936,-213867,4267
1689018218938,-213867,4267
1689018218939,-213867,4267
1689018218941,-213867,4267
1689018218943,-213867,4267
1689018218944,-213867,4267
1689018218946,-213867,4267
1689018218947,-213867,4267
1689018218948,-213867,4267
1689018218950,-213867,4267
1689018218951,-213867,4267
1689018218953,-213867,4267
1689018218954,-213867,4267
1689018218956,-213867,4267
1689018218957,-213867,4267
1689018218959,-213867,4267
1689018218960,-213867,4267
1689018218962,-213867,4267
1689018218963,-213867,4267
1689018218965,-213867,4267
1689018218967,-213867,4267
1689018218968,-213867,4267
1689018218970,-213867,4267
1689018218972,-213867,4267
1689018218974,-213867,4267
1689018218976,-213867,4267
1689018218978,-213867,4267
1689018218979,-213867,4267
1689018218982,-213867,4267
1689018218984,-213867,4267
1689018218986,-213867,4267
1689018218988,-213867,4267
1689018218990,-213867,4267
1689018218991,-213867,4267
1689018218993,-213867,4267
1689018218995,-213867,4267
1689018218996,-213867,4267
1689018218998,-213867,4267
1689018219000,-213867,4267
1689018219001,-213867,4267
1689018219003,-213867,4267
1689018219005,-213867,4267
1689018219006,-213867,4267
1689018219007,-213867,4267
1689018219008,-213867,4267
1689018219010,-213867,4267
1689018219012,-213867,4267
1689018219014,-213867,4267
1689018219015,-213867,4267
1689018219017,-213867,4267
1689018219018,-213867,4267
1689018219020,-213867,4267
1689018219023,-213867,4267
1689018219025,-213867,4267
1689018219026,-213867,4267
1689018219028,-213867,4267
1689018219029,-213867,4267
1689018219031,-213867,4267
1689018219033,-213867,4267
1689018219035,-213867,4267
1689018219037,-213867,4267
1689018219038,-213867,4267
1689018219040,-213867,4267
1689018219041,-213867,4267
1689018219043,-213867,4267
1689018219045,-213867,4267
1689018219046,-213867,4267
1689018219048,-213867,4267
1689018219050,-213867,4267
1689018219052,-213867,4267
1689018219054,-213867,4267
1689018219055,-213867,4267
1689018219057,-213867,4267
1689018219059,-213867,4267
1689018219060,-213867,4267
1689018219063,-213867,4267
1689018219064,-213867,4267
1689018219066,-213867,4267
1689018219068,-213867,4267
1689018219069,-213867,4267
1689018219072,-213867,4267
1689018219073,-213867,4267
1689018219075,-213867,4267
1689018219076,-213867,4267
1689018219079,-213867,4267
1689018219080,-213867,4267
1689018219083,-213867,4267
1689018219084,-213867,4267
1689018219086,-213867,4267
1689018219087,-213867,4267
1689018219089,-213867,4267
1689018219091,-213867,4267
1689018219094,-213867,4267
1689018219097,-213867,4267
1689018219101,-213867,4267
1689018219104,-213867,4267
1689018219107,-213867,4267
1689018219110,-213867,4267
1689018219113,-213867,4267
1689018219116,-213867,4267
1689018219118,-213867,4267
1689018219121,-213867,4267
1689018219124,-213867,4267
1689018219127,-213867,4267
1689018219129,-213867,4267
1689018219132,-213867,4267
1689018219134,-213867,4267
1689018219137,-213867,4267
1689018219139,-213867,4267
1689018219145,-213867,4267
1689018219148,-213867,4267
1689018219152,-213867,4267
1689018219155,-213867,4267
1689018219158,-213867,4267
1689018219160,-213867,4267
1689018219163,-213867,4267
1689018219165,-213867,4267
1689018219168,-213867,4267
1689018219172,-213867,4267
1689018219176,-213867,4267
1689018219178,-213867,4267
1689018219182,-213867,4267
1689018219185,-213867,4267
1689018219188,-213867,4267
1689018219192,-213867,4267
1689018219194,-213867,4267
1689018219197,-213867,4267
1689018219200,-213867,4267
1689018219203,-213867,4267
1689018219206,-213867,4267
1689018219208,-213867,4267
1689018219212,-213867,4267
1689018219215,-213867,4267
1689018219217,-213867,4267
1689018219220,-213867,4267
1689018219224,-213867,4267
1689018219227,-213867,4267
1689018219229,-213867,4267
1689018219232,-213867,4267
1689018219236,-213867,4267
1689018219238,-213867,4267
1689018219241,-213867,4267
1689018219244,-213867,4267
1689018219247,-213867,4267
1689018219249,-213867,4267
1689018219253,-213867,4267
1689018219255,-213867,4267
1689018219258,-213867,4267
1689018219262,-213867,4267
1689018219265,-213867,4267
1689018219268,-213867,4267
1689018219271,-213867,4267
1689018219274,-213867,4267
1689018219276,-213867,4267
1689018219279,-213867,4267
1689018219282,-213867,4267
1689018219284,-213867,4267
1689018219287,-213867,4267
1689018219290,-213867,4267
1689018219293,-213867,4267
1689018219297,-213867,4267
1689018219299,-213867,4267
1689018219303,-213867,4267
1689018219307,-213867,4267
1689018219309,-213867,4267
1689018219312,-213867,4267
1689018219316,-213867,4267
1689018219318,-213867,4267
1689018219322,-213867,4267
1689018219325,-213867,4267
1689018219327,-213867,4267
1689018219330,-213867,4267
1689018219333,-213867,4267
1689018219335,-213867,4267
1689018219338,-213867,4267
1689018219341,-213867,4267
1689018219345,-213867,4267
1689018219347,-213867,4267
1689018219350,-213867,4267
1689018219353,-213867,4267
1689018219355,-213867,4267
1689018219358,-213867,4267
1689018219362,-213867,4267
1689018219365,-213867,4267
1689018219368,-213867,4267
1689018219371,-213867,4267
1689018219374,-213867,4267
1689018219376,-213867,4267
1689018219379,-213867,4267
1689018219384,-213867,4267
1689018219387,-213867,4267
1689018219390,-213867,4267
1689018219393,-213867,4267
1689018219396,-213867,4267
1689018219398,-213867,4267
1689018219401,-213867,4267
1689018219404,-213867,4267
1689018219406,-213867,4267
1689018219409,-213867,4267
1689018219412,-213867,4267
1689018219415,-213867,4267
1689018219417,-213867,4267
1689018219420,-213867,4267
1689018219423,-213867,4267
1689018219426,-213867,4267
1689018219429,-213867,4267
1689018219432,-213867,4267
1689018219435,-213867,4267
1689018219438,-213867,4267
1689018219442,-213867,4267
1689018219444,-213867,4267
1689018219447,-213867,4267
1689018219450,-213867,4267
1689018219453,-213867,4267
1689018219456,-213867,4267
1689018219459,-213867,4267
1689018219463,-213867,4267
1689018219466,-213867,4267
1689018219469,-213867,4267
1689018219472,-213867,4267
1689018219474,-213867,4267
1689018219477,-213867,4267
1689018219480,-213867,4267
1689018219483,-213867,4267
1689018219485,-213867,4267
1689018219488,-213867,4267
1689018219492,-213867,4267
1689018219494,-213867,4267
1689018219497,-213867,4267
1689018219500,-213867,4267
1689018219504,-213867,4267
1689018219507,-213867,4267
1689018219510,-213867,4267
1689018219513,-213867,4267
1689018219516,-213867,4267
1689018219519,-213867,4267
1689018219522,-213867,4267
1689018219524,-213867,4267
1689018219527,-213867,4267
1689018219529,-213867,4267
1689018219532,-213867,4267
1689018219535,-213867,4267
1689018219538,-213867,4267
1689018219542,-213867,4267
1689018219545,-213867,4267
1689018219548,-213867,4267
1689018219551,-213867,4267
1689018219554,-213867,4267
1689018219556,-213867,4267
1689018219559,-213867,4267
1689018219562,-213867,4267
1689018219565,-213867,4267
1689018219568,-213867,4267
1689018219571,-213867,4267
1689018219573,-213867,4267
1689018219576,-213867,4267
1689018219578,-213867,4267
1689018219584,-213867,4267
1689018219588,-213867,4267
1689018219592,-213867,4267
1689018219595,-213867,4267
1689018219598,-213867,4267
1689018219601,-213867,4267
1689018219604,-213867,4267
1689018219607,-213867,4267
1689018219610,-213867,4267
1689018219613,-213867,4267
1689018219615,-213867,4267
1689018219618,-213867,4267
1689018219622,-213867,4267
1689018219625,-213867,4267
1689018219627,-213867,4267
1689018219630,-213867,4267
1689018219632,-213867,4267
1689018219634,-213867,4267
1689018219637,-213867,4267
1689018219639,-213867,4267
1689018219642,-213867,4267
1689018219644,-213867,4267
1689018219646,-213867,4267
1689018219648,-213867,4267
1689018219650,-213867,4267
1689018219653,-213867,4267
1689018219655,-213867,4267
1689018219657,-213867,4267
1689018219660,-213867,4267
1689018219662,-213867,4267
1689018219664,-213867,4267
1689018219666,-213867,4267
1689018219668,-213867,4267
1689018219671,-213867,4267
1689018219673,-213867,4267
1689018219675,-213867,4267
1689018219678,-213867,4267
1689018219681,-213867,4267
1689018219683,-213867,4267
1689018219686,-213867,4267
1689018219688,-213867,4267
1689018219689,-213867,4267
1689018219692,-213867,4267
1689018219694,-213867,4267
1689018219696,-213867,4267
1689018219699,-213867,4267
1689018219701,-213867,4267
1689018219704,-213867,4267
1689018219706,-213867,4267
1689018219708,-213867,4267
1689018219711,-213867,4267
1689018219713,-213867,4267
1689018219715,-213867,4267
1689018219717,-213867,4267
1689018219719,-213867,4267
1689018219722,-213867,4267
1689018219724,-213867,4267
1689018219726,-213867,4267
1689018219729,-213867,4267
1689018219731,-213867,4267
1689018219733,-213867,4267
1689018219735,-213867,4267
1689018219738,-213867,4267
1689018219741,-213867,4267
1689018219743,-213867,4267
1689018219746,-213867,4267
1689018219748,-213867,4267
1689018219750,-213867,4267
1689018219752,-213867,4267
1689018219754,-213867,4267
1689018219756,-213867,4267
1689018219758,-213867,4267
1689018219760,-213867,4267
1689018219762,-213867,4267
1689018219764,-213867,4267
1689018219766,-213867,4267
1689018219768,-213867,4267
1689018219770,-213867,4267
1689018219772,-213867,4267
1689018219774,-213867,4267
1689018219776,-213867,4267
1689018219778,-213867,4267
1689018219781,-213867,4267
1689018219783,-213867,4267
1689018219785,-213867,4267
1689018219787,-213867,4267
1689018219789,-213867,4267
1689018219792,-213867,4267
1689018219794,-213867,4267
1689018219796,-213867,4267
1689018219798,-213867,4267
1689018219800,-213867,4267
1689018219802,-213867,4267
1689018219804,-213867,4267
1689018219806,-213867,4267
1689018219808,-213867,4267
1689018219811,-213867,4267
1689018219813,-213867,4267
1689018219815,-213867,4267
1689018219817,-213867,4267
1689018219819,-213867,4267
1689018219822,-213867,4267
1689018219824,-213867,4267
1689018219826,-213867,4267
1689018219828,-213867,4267
1689018219831,-213867,4267
1689018219833,-213867,4267
1689018219835,-213867,4267
1689018219837,-213867,4267
1689018219839,-213867,4267
1689018219842,-213867,4267
1689018219844,-213867,4267
1689018219846,-213867,4267
1689018219848,-213867,4267
1689018219851,-213867,4267
1689018219853,-213867,4267
1689018219855,-213867,4267
1689018219858,-213867,4267
1689018219861,-213867,4267
1689018219863,-213867,4267
1689018219865,-213867,4267
1689018219868,-213867,4267
1689018219870,-213867,4267
1689018219872,-213867,4267
1689018219874,-213867,4267
1689018219876,-213867,4267
1689018219879,-213867,4267
1689018219881,-213867,4267
1689018219883,-213867,4267
1689018219885,-213867,4267
1689018219887,-213867,4267
1689018219889,-213867,4267
1689018219891,-213867,4267
1689018219894,-213867,4267
1689018219896,-213867,4267
1689018219898,-213867,4267
1689018219901,-213867,4267
1689018219904,-213867,4267
1689018219907,-213867,4267
1689018219910,-213867,4267
1689018219912,-213867,4267
1689018219915,-213867,4267
1689018219918,-213867,4267
1689018219922,-224609,4267
1689018219925,-224609,4267
1689018219928,-224609,4267
1689018219931,-224609,4267
1689018219934,-224609,4267
1689018219938,-224609,4267
1689018219941,-224609,4267
1689018219944,-224609,4267
1689018219947,-224609,4267
1689018219950,-224609,4267
1689018219953,-224609,4267
1689018219956,-224609,4267
1689018219958,-224609,4267
1689018219961,-224609,4267
1689018219964,-224609,4267
1689018219966,-224609,4267
1689018219969,-224609,4267
1689018219972,-224609,4267
1689018219975,-224609,4267
1689018219978,-224609,4267
1689018219982,-224609,4267
1689018219985,-224609,4267
1689018219987,-224609,4267
1689018219990,-224609,4267
1689018219993,-224609,4267
1689018219996,-224609,4267
1689018219998,-224609,4267
1689018220001,-224609,4267
1689018220004,-224609,4267
1689018220007,-224609,4267
1689018220009,-224609,4267
1689018220014,-224609,4267
1689018220017,-224609,4267
1689018220020,-224609,4267
1689018220024,-224609,4267
1689018220027,-224609,4267
1689018220029,-224609,4267
1689018220032,-224609,4267
1689018220039,-224609,4267
1689018220043,-224609,4267
1689018220046,-224609,4267
1689018220049,-224609,4267
1689018220052,-224609,4267
1689018220054,-224609,4267
1689018220058,-224609,4267
1689018220062,-224609,4267
1689018220064,-224609,4267
1689018220067,-224609,4267
1689018220070,-224609,4267
1689018220072,-224609,4267
1689018220075,-224609,4267
1689018220078,-224609,4267
1689018220080,-224609,4267
1689018220083,-224609,4267
1689018220086,-224609,4267
1689018220088,-224609,4267
1689018220092,-224609,4267
1689018220095,-224609,4267
1689018220098,-224609,4267
1689018220101,-224609,4267
1689018220104,-224609,4267
1689018220107,-224609,4267
1689018220109,-224609,4267
1689018220113,-224609,4267
1689018220115,-224609,4267
1689018220118,-224609,4267
1689018220121,-224609,4267
1689018220124,-224609,4267
1689018220126,-224609,4267
1689018220129,-224609,4267
1689018220132,-224609,4267
1689018220136,-224609,4267
1689018220140,-224609,4267
1689018220143,-224609,4267
1689018220146,-224609,4267
1689018220148,-224609,4267
1689018220151,-224609,4267
1689018220154,-224609,4267
1689018220157,-224609,4267
1689018220159,-224609,4267
1689018220162,-224609,4267
1689018220165,-224609,4267
1689018220167,-224609,4267
1689018220170,-224609,4267
1689018220173,-224609,4267
1689018220175,-224609,4267
1689018220178,-224609,4267
1689018220182,-224609,4267
1689018220184,-224609,4267
1689018220187,-224609,4267
1689018220190,-224609,4267
1689018220193,-224609,4267
1689018220196,-224609,4267
1689018220198,-224609,4267
1689018220201,-224609,4267
1689018220204,-224609,4267
1689018220207,-224609,4267
1689018220209,-224609,4267
1689018220212,-224609,4267
1689018220215,-224609,4267
1689018220218,-224609,4267
1689018220221,-224609,4267
1689018220224,-224609,4267
1689018220227,-224609,4267
1689018220230,-224609,4267
1689018220233,-224609,4267
1689018220236,-224609,4267
1689018220239,-224609,4267
1689018220242,-224609,4267
1689018220245,-224609,4267
1689018220248,-224609,4267
1689018220251,-224609,4267
1689018220255,-224609,4267
1689018220258,-224609,4267
1689018220262,-224609,4267
1689018220265,-224609,4267
1689018220268,-224609,4267
1689018220270,-224609,4267
1689018220273,-224609,4267
1689018220276,-224609,4267
1689018220279,-224609,4267
1689018220282,-224609,4267
1689018220284,-224609,4267
1689018220287,-224609,4267
1689018220289,-224609,4267
1689018220292,-224609,4267
1689018220295,-224609,4267
1689018220298,-224609,4267
1689018220301,-224609,4267
1689018220304,-224609,4267
1689018220307,-224609,4267
1689018220309,-224609,4267
1689018220313,-224609,4267
1689018220316,-224609,4267
1689018220319,-224609,4267
1689018220322,-224609,4267
1689018220324,-224609,4267
1689018220327,-224609,4267
1689018220329,-224609,4267
1689018220332,-224609,4267
1689018220334,-224609,4267
1689018220337,-224609,4267
1689018220340,-224609,4267
1689018220343,-224609,4267
1689018220346,-224609,4267
1689018220348,-224609,4267
1689018220351,-224609,4267
1689018220353,-224609,4267
1689018220355,-224609,4267
1689018220357,-224609,4267
1689018220359,-224609,4267
1689018220362,-224609,4267
1689018220365,-224609,4267
1689018220367,-224609,4267
1689018220368,-224609,4267
1689018220371,-224609,4267
1689018220375,-224609,4267
1689018220379,-224609,4267
1689018220382,-224609,4267
1689018220386,-224609,4267
1689018220389,-224609,4267
1689018220392,-224609,4267
1689018220393,-224609,4267
1689018220395,-224609,4267
1689018220396,-224609,4267
1689018220397,-224609,4267
1689018220398,-224609,4267
1689018220399,-224609,4267
1689018220402,-224609,4267
1689018220403,-224609,4267
1689018220404,-224609,4267
1689018220406,-224609,4267
1689018220408,-224609,4267
1689018220409,-224609,4267
1689018220412,-224609,4267
1689018220414,-224609,4267
1689018220416,-224609,4267
1689018220417,-224609,4267
1689018220420,-224609,4267
1689018220422,-224609,4267
1689018220424,-224609,4267
1689018220425,-224609,4267
1689018220427,-224609,4267
1689018220429,-224609,4267
1689018220432,-224609,4267
1689018220433,-224609,4267
1689018220435,-224609,4267
1689018220436,-224609,4267
1689018220438,-224609,4267
1689018220440,-224609,4267
1689018220442,-224609,4267
1689018220443,-224609,4267
1689018220445,-224609,4267
1689018220446,-224609,4267
1689018220448,-224609,4267
1689018220449,-224609,4267
1689018220451,-224609,4267
1689018220453,-224609,4267
1689018220454,-224609,4267
1689018220456,-224609,4267
1689018220457,-224609,4267
1689018220458,-224609,4267
1689018220459,-224609,4267
1689018220461,-224609,4267
1689018220462,-224609,4267
1689018220463,-224609,4267
1689018220465,-224609,4267
1689018220466,-224609,4267
1689018220468,-224609,4267
1689018220469,-224609,4267
1689018220470,-224609,4267
1689018220472,-224609,4267
1689018220474,-224609,4267
1689018220476,-224609,4267
1689018220478,-224609,4267
1689018220480,-224609,4267
1689018220482,-224609,4267
1689018220484,-224609,4267
1689018220486,-224609,4267
1689018220488,-224609,4267
1689018220489,-224609,4267
1689018220492,-224609,4267
1689018220494,-224609,4267
1689018220496,-224609,4267
1689018220499,-224609,4267
1689018220500,-224609,4267
1689018220502,-224609,4267
1689018220504,-224609,4267
1689018220506,-224609,4267
1689018220508,-224609,4267
1689018220510,-224609,4267
1689018220513,-224609,4267
1689018220516,-224609,4267
1689018220519,-224609,4267
1689018220522,-224609,4267
1689018220525,-224609,4267
1689018220528,-224609,4267
1689018220531,-224609,4267
1689018220534,-224609,4267
1689018220537,-224609,4267
1689018220541,-224609,4267
1689018220544,-224609,4267
1689018220547,-224609,4267
1689018220550,-224609,4267
1689018220554,-224609,4267
1689018220557,-224609,4267
1689018220559,-224609,4267
1689018220563,-224609,4267
1689018220565,-224609,4267
1689018220568,-224609,4267
1689018220571,-224609,4267
1689018220574,-224609,4267
1689018220577,-224609,4267
1689018220580,-224609,4267
1689018220583,-224609,4267
1689018220587,-224609,4267
1689018220589,-224609,4267
1689018220593,-224609,4267
1689018220596,-224609,4267
1689018220598,-224609,4267
1689018220602,-224609,4267
1689018220605,-224609,4267
1689018220608,-224609,4267
1689018220612,-224609,4267
1689018220616,-224609,4267
1689018220619,-224609,4267
1689018220622,-224609,4267
1689018220625,-224609,4267
1689018220628,-224609,4267
1689018220631,-224609,4267
1689018220634,-224609,4267
1689018220637,-224609,4267
1689018220639,-224609,4267
1689018220643,-224609,4267
1689018220646,-224609,4267
1689018220649,-224609,4267
1689018220652,-224609,4267
1689018220655,-224609,4267
1689018220658,-224609,4267
1689018220661,-224609,4267
1689018220664,-224609,4267
1689018220666,-224609,4267
1689018220669,-224609,4267
1689018220672,-224609,4267
1689018220675,-224609,4267
1689018220677,-224609,4267
1689018220680,-224609,4267
1689018220683,-224609,4267
1689018220685,-224609,4267
1689018220688,-224609,4267
1689018220691,-224609,4267
1689018220694,-224609,4267
1689018220698,-224609,4267
1689018220702,-224609,4267
1689018220706,-224609,4267
1689018220709,-224609,4267
1689018220712,-224609,4267
1689018220715,-224609,4267
1689018220718,-224609,4267
1689018220721,-224609,4267
1689018220723,-224609,4267
1689018220726,-224609,4267
1689018220729,-224609,4267
1689018220732,-224609,4267
1689018220735,-224609,4267
1689018220738,-224609,4267
1689018220741,-224609,4267
1689018220744,-224609,4267
1689018220747,-224609,4267
1689018220749,-224609,4267
1689018220752,-224609,4267
1689018220755,-224609,4267
1689018220762,-224609,4267
1689018220765,-224609,4267
1689018220769,-224609,4267
1689018220773,-224609,4267
1689018220777,-224609,4267
1689018220781,-224609,4267
1689018220784,-224609,4267
1689018220788,-224609,4267
1689018220798,-224609,4267
1689018220805,-224609,4267
1689018220808,-224609,4267
1689018220813,-224609,4267
1689018220818,-224609,4267
1689018220819,-224609,4267
1689018220821,-224609,4267
1689018220823,-224609,4267
1689018220825,-224609,4267
1689018220826,-224609,4267
1689018220828,-224609,4267
1689018220829,-224609,4267
1689018220831,-224609,4267
1689018220833,-224609,4267
1689018220835,-224609,4267
1689018220836,-224609,4267
1689018220838,-224609,4267
1689018220840,-224609,4267
1689018220842,-224609,4267
1689018220843,-224609,4267
1689018220845,-224609,4267
1689018220846,-224609,4267
1689018220848,-224609,4267
1689018220850,-224609,4267
1689018220852,-224609,4267
1689018220854,-224609,4267
1689018220856,-224609,4267
1689018220858,-224609,4267
1689018220859,-224609,4267
1689018220861,-224609,4267
1689018220863,-224609,4267
1689018220864,-224609,4267
1689018220866,-224609,4267
1689018220868,-224609,4267
1689018220869,-224609,4267
1689018220872,-224609,4267
1689018220874,-224609,4267
1689018220876,-224609,4267
1689018220877,-224609,4267
1689018220879,-224609,4267
1689018220881,-224609,4267
1689018220883,-224609,4267
1689018220885,-224609,4267
1689018220887,-224609,4267
1689018220888,-224609,4267
1689018220890,-224609,4267
1689018220892,-224609,4267
1689018220894,-224609,4267
1689018220897,-224609,4267
1689018220898,-224609,4267
1689018220900,-224609,4267
1689018220902,-224609,4267
1689018220904,-224609,4267
1689018220906,-224609,4267
1689018220908,-224609,4267
1689018220909,-224609,4267
1689018220912,-224609,4267
1689018220914,-224609,4267
1689018220917,-224609,4267
1689018220919,-224609,4267
1689018220921,-224609,4267
1689018220923,-224609,4267
1689018220925,-224609,4267
1689018220927,-224609,4267
1689018220930,-224609,4267
1689018220935,-224609,4267
1689018220938,-224609,4267
1689018220941,-224609,4267
1689018220943,-224609,4267
1689018220946,-224609,4267
1689018220948,-224609,4267
1689018220950,-224609,4267
1689018220952,-224609,4267
1689018220954,-224609,4267
1689018220956,-224609,4267
1689018220958,-224609,4267
1689018220961,-224609,4267
1689018220963,-224609,4267
1689018220965,-224609,4267
1689018220967,-224609,4267
1689018220969,-224609,4267
1689018220972,-224609,4267
1689018220974,-224609,4267
1689018220977,-224609,4267
1689018220979,-224609,4267
1689018220982,-224609,4267
1689018220985,-224609,4267
1689018220987,-224609,4267
1689018220989,-224609,4267
1689018220991,-224609,4267
1689018220994,-224609,4267
1689018220997,-224609,4267
1689018221000,-224609,4267
1689018221003,-224609,4267
1689018221006,-224609,4267
1689018221009,-224609,4267
1689018221013,-224609,4267
1689018221016,-224609,4267
1689018221019,-224609,4267
1689018221021,-224609,4267
1689018221024,-224609,4267
1689018221027,-224609,4267
1689018221029,-224609,4267
1689018221034,-224609,4267
1689018221036,-224609,4267
1689018221039,-224609,4267
1689018221042,-224609,4267
1689018221045,-224609,4267
1689018221048,-224609,4267
1689018221051,-224609,4267
1689018221055,-224609,4267
1689018221058,-224609,4267
1689018221061,-224609,4267
1689018221064,-224609,4267
1689018221067,-224609,4267
1689018221071,-224609,4267
1689018221074,-224609,4267
1689018221076,-224609,4267
1689018221078,-224609,4267
1689018221080,-224609,4267
1689018221082,-224609,4267
1689018221084,-224609,4267
1689018221086,-224609,4267
1689018221088,-224609,4267
1689018221091,-224609,4267
1689018221094,-224609,4267
1689018221096,-224609,4267
1689018221099,-224609,4267
1689018221103,-224609,4267
1689018221106,-224609,4267
1689018221108,-224609,4267
1689018221111,-224609,4267
1689018221114,-224609,4267
1689018221116,-224609,4267
1689018221119,-224609,4267
1689018221123,-224609,4267
1689018221125,-224609,4267
1689018221126,-224609,4267
1689018221128,-224609,4267
1689018221129,-224609,4267
1689018221134,-224609,4267
1689018221137,-224609,4267
1689018221141,-224609,4267
1689018221144,-224609,4267
1689018221147,-224609,4267
1689018221149,-224609,4267
1689018221153,-224609,4267
1689018221155,-224609,4267
1689018221158,-224609,4267
1689018221161,-224609,4267
1689018221164,-224609,4267
1689018221167,-224609,4267
1689018221169,-224609,4267
1689018221172,-224609,4267
1689018221175,-224609,4267
1689018221178,-224609,4267
1689018221181,-224609,4267
1689018221184,-224609,4267
1689018221187,-224609,4267
1689018221190,-224609,4267
1689018221193,-224609,4267
1689018221196,-224609,4267
1689018221199,-224609,4267
1689018221202,-224609,4267
1689018221205,-224609,4267
1689018221207,-224609,4267
1689018221210,-224609,4267
1689018221214,-224609,4267
1689018221216,-224609,4267
1689018221218,-224609,4267
1689018221220,-224609,4267
1689018221223,-224609,4267
1689018221226,-224609,4267
1689018221229,-224609,4267
1689018221233,-224609,4267
1689018221236,-224609,4267
1689018221239,-224609,4267
1689018221241,-224609,4267
1689018221244,-224609,4267
1689018221247,-224609,4267
1689018221250,-224609,4267
1689018221254,-224609,4267
1689018221257,-224609,4267
1689018221260,-224609,4267
1689018221263,-224609,4267
1689018221265,-224609,4267
1689018221268,-224609,4267
1689018221271,-224609,4267
1689018221274,-224609,4267
1689018221277,-224609,4267
1689018221279,-224609,4267
1689018221282,-224609,4267
1689018221284,-224609,4267
1689018221287,-224609,4267
1689018221290,-224609,4267
1689018221293,-224609,4267
1689018221297,-224609,4267
1689018221299,-224609,4267
1689018221302,-224609,4267
1689018221304,-224609,4267
1689018221306,-224609,4267
1689018221308,-224609,4267
1689018221310,-224609,4267
1689018221313,-224609,4267
1689018221315,-224609,4267
1689018221317,-224609,4267
1689018221319,-224609,4267
1689018221322,-224609,4267
1689018221324,-224609,4267
1689018221326,-224609,4267
1689018221328,-224609,4267
1689018221331,-224609,4267
1689018221334,-224609,4267
1689018221336,-224609,4267
1689018221338,-224609,4267
1689018221340,-224609,4267
1689018221342,-224609,4267
1689018221344,-224609,4267
1689018221346,-224609,4267
1689018221348,-224609,4267
1689018221350,-224609,4267
1689018221353,-224609,4267
1689018221355,-224609,4267
1689018221357,-224609,4267
1689018221359,-224609,4267
1689018221362,-224609,4267
1689018221364,-224609,4267
1689018221367,-224609,4267
1689018221369,-224609,4267
1689018221373,-224609,4267
1689018221376,-224609,4267
1689018221379,-224609,4267
1689018221382,-224609,4267
1689018221384,-224609,4267
1689018221387,-224609,4267
1689018221389,-222167,4267
1689018221393,-222167,4267
1689018221395,-222167,4267
1689018221397,-222167,4267
1689018221399,-222167,4267
1689018221402,-222167,4267
1689018221403,-222167,4267
1689018221405,-222167,4267
1689018221406,-222167,4267
1689018221408,-222167,4267
1689018221409,-222167,4267
1689018221412,-222167,4267
1689018221413,-222167,4267
1689018221415,-222167,4267
1689018221417,-222167,4267
1689018221418,-222167,4267
1689018221420,-222167,4267
1689018221421,-222167,4267
1689018221423,-222167,4267
1689018221425,-222167,4267
1689018221426,-222167,4267
1689018221428,-222167,4267
1689018221430,-222167,4267
1689018221433,-222167,4267
1689018221435,-222167,4267
1689018221437,-222167,4267
1689018221440,-222167,4267
1689018221443,-222167,4267
1689018221446,-222167,4267
1689018221449,-222167,4267
1689018221453,-222167,4267
1689018221455,-222167,4267
1689018221458,-222167,4267
1689018221461,-222167,4267
1689018221463,-222167,4267
1689018221466,-222167,4267
1689018221468,-222167,4267
1689018221471,-222167,4267
1689018221473,-222167,4267
1689018221475,-222167,4267
1689018221477,-222167,4267
1689018221479,-222167,4267
1689018221481,-222167,4267
1689018221484,-222167,4267
1689018221486,-222167,4267
1689018221488,-222167,4267
1689018221491,-222167,4267
1689018221493,-222167,4267
1689018221495,-222167,4267
1689018221496,-222167,4267
1689018221498,-222167,4267
1689018221500,-222167,4267
1689018221502,-222167,4267
1689018221504,-222167,4267
1689018221506,-222167,4267
1689018221508,-222167,4267
1689018221509,-222167,4267
1689018221512,-222167,4267
1689018221513,-222167,4267
1689018221515,-222167,4267
1689018221516,-222167,4267
1689018221518,-222167,4267
1689018221519,-222167,4267
1689018221521,-222167,4267
1689018221523,-222167,4267
1689018221524,-222167,4267
1689018221526,-222167,4267
1689018221528,-222167,4267
1689018221529,-222167,4267
1689018221531,-222167,4267
1689018221533,-222167,4267
1689018221535,-222167,4267
1689018221536,-222167,4267
1689018221537,-222167,4267
1689018221539,-222167,4267
1689018221540,-222167,4267
1689018221548,-222167,4267
1689018221550,-222167,4267
1689018221552,-222167,4267
1689018221554,-222167,4267
1689018221555,-222167,4267
1689018221557,-222167,4267
1689018221558,-222167,4267
1689018221560,-222167,4267
1689018221562,-222167,4267
1689018221563,-222167,4267
1689018221565,-222167,4267
1689018221567,-222167,4267
1689018221569,-222167,4267
1689018221574,-222167,4267
1689018221577,-222167,4267
1689018221580,-222167,4267
1689018221584,-222167,4267
1689018221588,-222167,4267
1689018221592,-222167,4267
1689018221595,-222167,4267
1689018221598,-222167,4267
1689018221601,-222167,4267
1689018221603,-222167,4267
1689018221606,-222167,4267
1689018221609,-222167,4267
1689018221613,-222167,4267
1689018221616,-222167,4267
1689018221619,-222167,4267
1689018221622,-222167,4267
1689018221625,-222167,4267
1689018221627,-222167,4267
1689018221630,-222167,4267
1689018221635,-222167,4267
1689018221645,-222167,4267
1689018221654,-222167,4267
1689018221660,-222167,4267
1689018221664,-222167,4267
1689018221668,-222167,4267
1689018221672,-222167,4267
1689018221675,-222167,4267
1689018221678,-222167,4267
1689018221680,-222167,4267
1689018221683,-222167,4267
1689018221686,-222167,4267
1689018221688,-222167,4267
1689018221693,-222167,4267
1689018221696,-222167,4267
1689018221698,-222167,4267
1689018221701,-222167,4267
1689018221704,-222167,4267
1689018221706,-222167,4267
1689018221709,-222167,4267
1689018221712,-222167,4267
1689018221715,-222167,4267
1689018221718,-222167,4267
1689018221722,-222167,4267
1689018221725,-222167,4267
1689018221728,-222167,4267
1689018221732,-222167,4267
1689018221735,-222167,4267
1689018221738,-222167,4267
1689018221741,-222167,4267
1689018221744,-222167,4267
1689018221747,-222167,4267
1689018221750,-222167,4267
1689018221752,-222167,4267
1689018221755,-222167,4267
1689018221758,-222167,4267
1689018221761,-222167,4267
1689018221764,-222167,4267
1689018221767,-222167,4267
1689018221769,-222167,4267
1689018221772,-222167,4267
1689018221775,-222167,4267
1689018221778,-222167,4267
1689018221782,-222167,4267
1689018221785,-222167,4267
1689018221788,-222167,4267
1689018221791,-222167,4267
1689018221794,-222167,4267
1689018221797,-222167,4267
1689018221800,-222167,4267
1689018221803,-222167,4267
1689018221806,-222167,4267
1689018221809,-222167,4267
1689018221813,-222167,4267
1689018221816,-222167,4267
1689018221819,-222167,4267
1689018221823,-222167,4267
1689018221825,-222167,4267
1689018221828,-222167,4267
1689018221831,-222167,4267
1689018221834,-222167,4267
1689018221837,-222167,4267
1689018221839,-222167,4267
1689018221842,-222167,4267
1689018221845,-222167,4267
1689018221848,-222167,4267
1689018221852,-222167,4267
1689018221856,-222167,4267
1689018221858,-222167,4267
1689018221861,-222167,4267
1689018221864,-222167,4267
1689018221867,-222167,4267
1689018221869,-222167,4267
1689018221872,-222167,4267
1689018221875,-222167,4267
1689018221877,-222167,4267
1689018221879,-222167,4267
1689018221881,-222167,4267
1689018221883,-222167,4267
1689018221886,-222167,4267
1689018221888,-222167,4267
1689018221892,-222167,4267
1689018221894,-222167,4267
1689018221896,-222167,4267
1689018221898,-222167,4267
1689018221901,-222167,4267
1689018221904,-222167,4267
1689018221906,-222167,4267
1689018221908,-222167,4267
1689018221910,-222167,4267
1689018221912,-222167,4267
1689018221915,-222167,4267
1689018221917,-222167,4267
1689018221919,-222167,4267
1689018221922,-222167,4267
1689018221924,-222167,4267
1689018221926,-222167,4267
1689018221929,-222167,4267
1689018221931,-222167,4267
1689018221934,-222167,4267
1689018221936,-222167,4267
1689018221938,-222167,4267
1689018221941,-222167,4267
1689018221943,-222167,4267
1689018221945,-222167,4267
1689018221947,-222167,4267
1689018221949,-222167,4267
1689018221952,-222167,4267
1689018221954,-222167,4267
1689018221956,-222167,4267
1689018221958,-222167,4267
1689018221961,-222167,4267
1689018221963,-222167,4267
1689018221965,-222167,4267
1689018221967,-222167,4267
1689018221970,-222167,4267
1689018221973,-222167,4267
1689018221975,-222167,4267
1689018221977,-222167,4267
1689018221980,-222167,4267
1689018221982,-222167,4267
1689018221984,-222167,4267
1689018221986,-222167,4267
1689018221988,-222167,4267
1689018221991,-222167,4267
1689018221993,-222167,4267
1689018221995,-222167,4267
1689018221997,-222167,4267
1689018221999,-222167,4267
1689018222001,-222167,4267
1689018222003,-222167,4267
1689018222005,-222167,4267
1689018222008,-222167,4267
1689018222010,-222167,4267
1689018222012,-222167,4267
1689018222014,-222167,4267
1689018222016,-222167,4267
1689018222018,-222167,4267
1689018222021,-222167,4267
1689018222023,-222167,4267
1689018222025,-222167,4267
1689018222028,-222167,4267
1689018222030,-222167,4267
1689018222032,-222167,4267
1689018222034,-222167,4267
1689018222037,-222167,4267
1689018222039,-222167,4267
1689018222045,-222167,4267
1689018222048,-222167,4267
1689018222051,-222167,4267
1689018222053,-222167,4267
1689018222055,-222167,4267
1689018222057,-222167,4267
1689018222059,-222167,4267
1689018222062,-222167,4267
1689018222064,-222167,4267
1689018222066,-222167,4267
1689018222069,-222167,4267
1689018222071,-222167,4267
1689018222073,-222167,4267
1689018222075,-222167,4267
1689018222077,-222167,4267
1689018222079,-222167,4267
1689018222082,-222167,4267
1689018222084,-222167,4267
1689018222087,-222167,4267
1689018222089,-222167,4267
1689018222092,-222167,4267
1689018222095,-222167,4267
1689018222097,-222167,4267
1689018222099,-222167,4267
1689018222102,-222167,4267
1689018222105,-222167,4267
1689018222108,-222167,4267
1689018222110,-222167,4267
1689018222112,-222167,4267
1689018222114,-222167,4267
1689018222116,-222167,4267
1689018222118,-222167,4267
1689018222121,-222167,4267
1689018222124,-222167,4267
1689018222128,-222167,4267
1689018222132,-222167,4267
1689018222135,-222167,4267
1689018222138,-222167,4267
1689018222142,-222167,4267
1689018222145,-222167,4267
1689018222148,-222167,4267
1689018222152,-222167,4267
1689018222156,-222167,4267
1689018222159,-222167,4267
1689018222162,-222167,4267
1689018222165,-222167,4267
1689018222169,-222167,4267
1689018222173,-222167,4267
1689018222176,-222167,4267
1689018222179,-222167,4267
1689018222181,-222167,4267
1689018222184,-222167,4267
1689018222187,-222167,4267
1689018222189,-222167,4267
1689018222193,-222167,4267
1689018222196,-222167,4267
1689018222198,-222167,4267
1689018222202,-222167,4267
1689018222205,-222167,4267
1689018222208,-222167,4267
1689018222212,-222167,4267
1689018222215,-222167,4267
1689018222217,-222167,4267
1689018222220,-222167,4267
1689018222223,-222167,4267
1689018222225,-222167,4267
1689018222228,-222167,4267
1689018222232,-222167,4267
1689018222234,-222167,4267
1689018222237,-222167,4267
1689018222241,-222167,4267
1689018222244,-222167,4267
1689018222247,-222167,4267
1689018222250,-222167,4267
1689018222253,-222167,4267
1689018222256,-222167,4267
1689018222258,-222167,4267
1689018222262,-222167,4267
1689018222265,-222167,4267
1689018222268,-222167,4267
1689018222271,-222167,4267
1689018222274,-222167,4267
1689018222276,-222167,4267
1689018222279,-222167,4267
1689018222281,-222167,4267
1689018222284,-222167,4267
1689018222287,-222167,4267
1689018222291,-222167,4267
1689018222294,-222167,4267
1689018222297,-222167,4267
1689018222299,-222167,4267
1689018222303,-222167,4267
1689018222306,-222167,4267
1689018222308,-222167,4267
1689018222311,-222167,4267
1689018222314,-222167,4267
1689018222317,-222167,4267
1689018222320,-222167,4267
1689018222323,-222167,4267
1689018222327,-222167,4267
1689018222330,-222167,4267
1689018222333,-222167,4267
1689018222336,-222167,4267
1689018222338,-222167,4267
1689018222341,-222167,4267
1689018222345,-222167,4267
1689018222347,-222167,4267
1689018222350,-222167,4267
1689018222352,-222167,4267
1689018222355,-222167,4267
1689018222358,-222167,4267
1689018222361,-222167,4267
1689018222363,-222167,4267
1689018222366,-222167,4267
1689018222369,-222167,4267
1689018222372,-222167,4267
1689018222375,-222167,4267
1689018222378,-222167,4267
1689018222381,-222167,4267
1689018222385,-222167,4267
1689018222387,-222167,4267
1689018222390,-222167,4267
1689018222393,-222167,4267
1689018222396,-222167,4267
1689018222398,-222167,4267
1689018222402,-222167,4267
1689018222405,-222167,4267
1689018222408,-222167,4267
1689018222412,-222167,4267
1689018222415,-222167,4267
1689018222418,-222167,4267
1689018222421,-222167,4267
1689018222424,-222167,4267
1689018222426,-222167,4267
1689018222429,-222167,4267
1689018222433,-222167,4267
1689018222436,-222167,4267
1689018222438,-222167,4267
1689018222441,-222167,4267
1689018222444,-222167,4267
1689018222447,-222167,4267
1689018222451,-222167,4267
1689018222454,-222167,4267
1689018222456,-222167,4267
1689018222459,-222167,4267
1689018222463,-222167,4267
1689018222465,-222167,4267
1689018222468,-222167,4267
1689018222472,-222167,4267
1689018222475,-222167,4267
1689018222478,-222167,4267
1689018222481,-222167,4267
1689018222484,-222167,4267
1689018222488,-222167,4267
1689018222491,-222167,4267
1689018222495,-222167,4267
1689018222497,-222167,4267
1689018222501,-222167,4267
1689018222505,-222167,4267
1689018222507,-222167,4267
1689018222510,-222167,4267
1689018222513,-222167,4267
1689018222516,-222167,4267
1689018222519,-222167,4267
1689018222522,-222167,4267
1689018222525,-222167,4267
1689018222528,-222167,4267
1689018222532,-222167,4267
1689018222536,-222167,4267
1689018222539,-222167,4267
1689018222541,-222167,4267
1689018222544,-222167,4267
1689018222547,-222167,4267
1689018222549,-222167,4267
1689018222553,-222167,4267
1689018222555,-222167,4267
1689018222558,-222167,4267
1689018222561,-222167,4267
1689018222564,-222167,4267
1689018222567,-222167,4267
1689018222570,-222167,4267
1689018222573,-222167,4267
1689018222576,-222167,4267
1689018222578,-222167,4267
1689018222581,-222167,4267
1689018222584,-222167,4267
1689018222587,-222167,4267
1689018222590,-222167,4267
1689018222593,-222167,4267
1689018222596,-222167,4267
1689018222599,-222167,4267
1689018222602,-222167,4267
1689018222605,-222167,4267
1689018222608,-222167,4267
1689018222611,-222167,4267
1689018222614,-222167,4267
1689018222617,-222167,4267
1689018222619,-222167,4267
1689018222623,-222167,4267
1689018222626,-222167,4267
1689018222628,-222167,4267
1689018222631,-222167,4267
1689018222634,-222167,4267
1689018222637,-222167,4267
1689018222639,-222167,4267
1689018222643,-222167,4267
1689018222647,-222167,4267
1689018222650,-222167,4267
1689018222653,-222167,4267
1689018222656,-222167,4267
1689018222658,-222167,4267
1689018222661,-222167,4267
1689018222664,-222167,4267
1689018222666,-222167,4267
1689018222669,-222167,4267
1689018222671,-222167,4267
1689018222674,-222167,4267
1689018222677,-222167,4267
1689018222680,-222167,4267
1689018222683,-222167,4267
1689018222686,-222167,4267
1689018222689,-222167,4267
1689018222693,-222167,4267
1689018222696,-222167,4267
1689018222698,-222167,4267
1689018222701,-222167,4267
1689018222704,-222167,4267
1689018222707,-222167,4267
1689018222710,-222167,4267
1689018222713,-222167,4267
1689018222716,-222167,4267
1689018222719,-222167,4267
1689018222722,-222167,4267
1689018222726,-222167,4267
1689018222729,-222167,4267
1689018222733,-222167,4267
1689018222736,-222167,4267
1689018222738,-222167,4267
1689018222742,-222167,4267
1689018222745,-222167,4267
1689018222747,-222167,4267
1689018222751,-222167,4267
1689018222754,-222167,4267
1689018222757,-222167,4267
1689018222759,-222167,4267
1689018222762,-222167,4267
1689018222765,-222167,4267
1689018222768,-222167,4267
1689018222772,-222167,4267
1689018222775,-222167,4267
1689018222778,-222167,4267
1689018222781,-222167,4267
1689018222784,-222167,4267
1689018222786,-222167,4267
1689018222789,-222167,4267
1689018222793,-222167,4267
1689018222795,-222167,4267
1689018222798,-222167,4267
1689018222801,-222167,4267
1689018222805,-222167,4267
1689018222808,-222167,4267
1689018222811,-222167,4267
1689018222814,-222167,4267
1689018222817,-222167,4267
1689018222819,-222167,4267
1689018222822,-222167,4267
1689018222824,-222167,4267
1689018222827,-222167,4267
1689018222830,-222167,4267
1689018222833,-222167,4267
1689018222836,-222167,4267
1689018222839,-222167,4267
1689018222842,-222167,4267
1689018222846,-222167,4267
1689018222848,-222167,4267
1689018222852,-222167,4267
1689018222855,-156738,4267
1689018222857,-156738,4267
1689018222860,-156738,4267
1689018222863,-156738,4267
1689018222866,-156738,4267
1689018222869,-156738,4267
1689018222872,-156738,4267
1689018222875,-156738,4267
1689018222878,-156738,4267
1689018222881,-156738,4267
1689018222885,-156738,4267
1689018222888,-156738,4267
1689018222892,-156738,4267
1689018222896,-156738,4267
1689018222898,-156738,4267
1689018222901,-156738,4267
1689018222904,-156738,4267
1689018222906,-156738,4267
1689018222909,-156738,4267
1689018222913,-156738,4267
1689018222915,-156738,4267
1689018222917,-156738,4267
1689018222919,-156738,4267
1689018222920,-156738,4267
1689018222923,-156738,4267
1689018222927,-156738,4267
1689018222929,-156738,4267
1689018222933,-156738,4267
1689018222935,-156738,4267
1689018222938,-156738,4267
1689018222940,-156738,4267
1689018222942,-156738,4267
1689018222945,-156738,4267
1689018222947,-156738,4267
1689018222951,-156738,4267
1689018222954,-156738,4267
1689018222957,-156738,4267
1689018222959,-156738,4267
1689018222963,-156738,4267
1689018222967,-156738,4267
1689018222969,-156738,4267
1689018222973,-156738,4267
1689018222976,-156738,4267
1689018222978,-156738,4267
1689018222981,-156738,4267
1689018222985,-156738,4267
1689018222987,-156738,4267
1689018222990,-156738,4267
1689018222993,-156738,4267
1689018222996,-156738,4267
1689018222999,-156738,4267
1689018223002,-156738,4267
1689018223004,-156738,4267
1689018223006,-156738,4267
1689018223009,-156738,4267
1689018223011,-156738,4267
1689018223015,-156738,4267
1689018223018,-156738,4267
1689018223020,-156738,4267
1689018223023,-156738,4267
1689018223025,-156738,4267
1689018223027,-156738,4267
1689018223029,-156738,4267
1689018223031,-156738,4267
1689018223034,-156738,4267
1689018223036,-156738,4267
1689018223038,-156738,4267
1689018223041,-156738,4267
1689018223043,-156738,4267
1689018223045,-156738,4267
1689018223047,-156738,4267
1689018223049,-156738,4267
1689018223051,-156738,4267
1689018223054,-156738,4267
1689018223056,-156738,4267
1689018223058,-156738,4267
1689018223060,-156738,4267
1689018223062,-156738,4267
1689018223064,-156738,4267
1689018223066,-156738,4267
1689018223068,-156738,4267
1689018223071,-156738,4267
1689018223073,-156738,4267
1689018223075,-156738,4267
1689018223077,-156738,4267
1689018223079,-156738,4267
1689018223082,-156738,4267
1689018223085,-156738,4267
1689018223087,-156738,4267
1689018223089,-156738,4267
1689018223091,-156738,4267
1689018223094,-156738,4267
1689018223096,-156738,4267
1689018223098,-156738,4267
1689018223100,-156738,4267
1689018223102,-156738,4267
1689018223104,-156738,4267
1689018223106,-156738,4267
1689018223109,-156738,4267
1689018223111,-156738,4267
1689018223114,-156738,4267
1689018223116,-156738,4267
1689018223118,-156738,4267
1689018223120,-156738,4267
1689018223123,-156738,4267
1689018223125,-156738,4267
1689018223127,-156738,4267
1689018223129,-156738,4267
1689018223132,-156738,4267
1689018223134,-156738,4267
1689018223136,-156738,4267
1689018223138,-156738,4267
1689018223141,-156738,4267
1689018223143,-156738,4267
1689018223145,-156738,4267
1689018223147,-156738,4267
1689018223149,-156738,4267
1689018223152,-156738,4267
1689018223154,-156738,4267
1689018223156,-156738,4267
1689018223158,-156738,4267
1689018223161,-156738,4267
1689018223164,-156738,4267
1689018223166,-156738,4267
1689018223168,-156738,4267
1689018223171,-156738,4267
1689018223173,-156738,4267
1689018223175,-156738,4267
1689018223177,-156738,4267
1689018223179,-156738,4267
1689018223182,-156738,4267
1689018223184,-156738,4267
1689018223186,-156738,4267
1689018223188,-156738,4267
1689018223191,-156738,4267
1689018223194,-156738,4267
1689018223196,-156738,4267
1689018223198,-156738,4267
1689018223200,-156738,4267
1689018223203,-156738,4267
1689018223205,-156738,4267
1689018223208,-156738,4267
1689018223210,-156738,4267
1689018223212,-156738,4267
1689018223214,-156738,4267
1689018223216,-156738,4267
1689018223219,-156738,4267
1689018223221,-156738,4267
1689018223223,-156738,4267
1689018223226,-156738,4267
1689018223228,-156738,4267
1689018223231,-156738,4267
1689018223234,-156738,4267
1689018223236,-156738,4267
1689018223238,-156738,4267
1689018223241,-156738,4267
1689018223243,-156738,4267
1689018223246,-156738,4267
1689018223248,-156738,4267
1689018223253,-156738,4267
1689018223256,-156738,4267
1689018223258,-156738,4267
1689018223261,-156738,4267
1689018223264,-156738,4267
1689018223267,-156738,4267
1689018223269,-156738,4267
1689018223272,-156738,4267
1689018223275,-156738,4267
1689018223278,-156738,4267
1689018223283,-156738,4267
1689018223286,-156738,4267
1689018223289,-156738,4267
1689018223293,-156738,4267
1689018223295,-156738,4267
1689018223298,-156738,4267
1689018223301,-156738,4267
1689018223304,-156738,4267
1689018223307,-156738,4267
1689018223309,-156738,4267
1689018223313,-156738,4267
1689018223316,-156738,4267
1689018223318,-156738,4267
1689018223322,-156738,4267
1689018223326,-156738,4267
1689018223329,-156738,4267
1689018223333,-156738,4267
1689018223336,-156738,4267
1689018223338,-156738,4267
1689018223343,-156738,4267
1689018223346,-156738,4267
1689018223348,-156738,4267
1689018223352,-156738,4267
1689018223355,-156738,4267
1689018223358,-156738,4267
1689018223361,-156738,4267
1689018223365,-156738,4267
1689018223367,-156738,4267
1689018223370,-156738,4267
1689018223373,-156738,4267
1689018223376,-156738,4267
1689018223379,-156738,4267
1689018223382,-156738,4267
1689018223384,-156738,4267
1689018223387,-156738,4267
1689018223389,-156738,4267
1689018223393,-156738,4267
1689018223396,-156738,4267
1689018223398,-156738,4267
1689018223403,-156738,4267
1689018223406,-156738,4267
1689018223409,-156738,4267
1689018223412,-156738,4267
1689018223415,-156738,4267
1689018223417,-156738,4267
1689018223420,-156738,4267
1689018223422,-156738,4267
1689018223425,-156738,4267
1689018223428,-156738,4267
1689018223432,-156738,4267
1689018223435,-156738,4267
1689018223437,-156738,4267
1689018223440,-156738,4267
1689018223444,-156738,4267
1689018223447,-156738,4267
1689018223450,-156738,4267
1689018223453,-156738,4267
1689018223456,-156738,4267
1689018223459,-156738,4267
1689018223461,-156738,4267
1689018223464,-156738,4267
1689018223466,-156738,4267
1689018223469,-156738,4267
1689018223472,-156738,4267
1689018223475,-156738,4267
1689018223478,-156738,4267
1689018223481,-156738,4267
1689018223484,-156738,4267
1689018223487,-156738,4267
1689018223489,-156738,4267
1689018223492,-156738,4267
1689018223496,-156738,4267
1689018223498,-156738,4267
1689018223502,-156738,4267
1689018223505,-156738,4267
1689018223507,-156738,4267
1689018223511,-156738,4267
1689018223514,-156738,4267
1689018223516,-156738,4267
1689018223520,-156738,4267
1689018223524,-156738,4267
1689018223527,-156738,4267
1689018223529,-156738,4267
1689018223533,-156738,4267
1689018223535,-156738,4267
1689018223538,-156738,4267
1689018223541,-156738,4267
1689018223544,-156738,4267
1689018223546,-156738,4267
1689018223549,-156738,4267
1689018223554,-156738,4267
1689018223557,-156738,4267
1689018223561,-156738,4267
1689018223565,-156738,4267
1689018223567,-156738,4267
1689018223569,-156738,4267
1689018223572,-156738,4267
1689018223575,-156738,4267
1689018223577,-156738,4267
1689018223581,-156738,4267
1689018223586,-156738,4267
1689018223589,-156738,4267
1689018223592,-156738,4267
1689018223595,-156738,4267
1689018223599,-156738,4267
1689018223604,-156738,4267
1689018223608,-156738,4267
1689018223614,-156738,4267
1689018223617,-156738,4267
1689018223621,-156738,4267
1689018223624,-156738,4267
1689018223627,-156738,4267
1689018223630,-156738,4267
1689018223633,-156738,4267
1689018223636,-156738,4267
1689018223638,-156738,4267
1689018223642,-156738,4267
1689018223644,-156738,4267
1689018223646,-156738,4267
1689018223649,-156738,4267
1689018223651,-156738,4267
1689018223653,-156738,4267
1689018223655,-156738,4267
1689018223658,-156738,4267
1689018223661,-156738,4267
1689018223664,-156738,4267
1689018223667,-156738,4267
1689018223669,-156738,4267
1689018223673,-156738,4267
1689018223676,-156738,4267
1689018223679,-156738,4267
1689018223682,-156738,4267
1689018223685,-156738,4267
1689018223688,-156738,4267
1689018223692,-156738,4267
1689018223694,-156738,4267
1689018223697,-156738,4267
1689018223700,-156738,4267
1689018223704,-156738,4267
1689018223707,-156738,4267
1689018223709,-156738,4267
1689018223712,-156738,4267
1689018223715,-156738,4267
1689018223719,-156738,4267
1689018223723,-156738,4267
1689018223726,-156738,4267
1689018223728,-156738,4267
1689018223731,-156738,4267
1689018223733,-156738,4267
1689018223736,-156738,4267
1689018223739,-156738,4267
1689018223742,-156738,4267
1689018223745,-156738,4267
1689018223747,-156738,4267
1689018223750,-156738,4267
1689018223753,-156738,4267
1689018223755,-156738,4267
1689018223758,-156738,4267
1689018223761,-156738,4267
1689018223764,-156738,4267
1689018223766,-156738,4267
1689018223769,-156738,4267
1689018223773,-156738,4267
1689018223776,-156738,4267
1689018223778,-156738,4267
1689018223781,-156738,4267
1689018223784,-156738,4267
1689018223787,-156738,4267
1689018223790,-156738,4267
1689018223794,-156738,4267
1689018223797,-156738,4267
1689018223800,-156738,4267
1689018223803,-156738,4267
1689018223806,-156738,4267
1689018223808,-156738,4267
1689018223811,-156738,4267
1689018223814,-156738,4267
1689018223816,-156738,4267
1689018223830,-156738,4267
1689018223833,-156738,4267
1689018223835,-156738,4267
1689018223837,-156738,4267
1689018223841,-156738,4267
1689018223844,-156738,4267
1689018223847,-156738,4267
1689018223852,-156738,4267
1689018223855,-156738,4267
1689018223859,-156738,4267
1689018223866,-156738,4267
1689018223871,-156738,4267
1689018223873,-156738,4267
1689018223874,-156738,4267
1689018223876,-156738,4267
1689018223879,-156738,4267
1689018223884,-156738,4267
1689018223887,-156738,4267
1689018223889,-156738,4267
1689018223891,-156738,4267
1689018223893,-156738,4267
1689018223894,-156738,4267
1689018223905,-156738,4267
1689018223908,-156738,4267
1689018223909,-156738,4267
1689018223911,-156738,4267
1689018223913,-156738,4267
1689018223915,-156738,4267
1689018223917,-156738,4267
1689018223919,-156738,4267
1689018223921,-156738,4267
1689018223923,-156738,4267
1689018223925,-156738,4267
1689018223926,-156738,4267
1689018223928,-156738,4267
1689018223929,-156738,4267
1689018223931,-156738,4267
1689018223933,-156738,4267
1689018223935,-156738,4267
1689018223936,-156738,4267
1689018223938,-156738,4267
1689018223940,-156738,4267
1689018223942,-156738,4267
1689018223944,-156738,4267
1689018223945,-156738,4267
1689018223947,-156738,4267
1689018223949,-156738,4267
1689018223951,-156738,4267
1689018223953,-156738,4267
1689018223955,-156738,4267
1689018223957,-156738,4267
1689018223959,-156738,4267
1689018223961,-156738,4267
1689018223963,-156738,4267
1689018223965,-156738,4267
1689018223967,-156738,4267
1689018223969,-156738,4267
1689018223970,-156738,4267
1689018223973,-156738,4267
1689018223976,-156738,4267
1689018223979,-156738,4267
1689018223983,-156738,4267
1689018223985,-156738,4267
1689018223989,-156738,4267
1689018223993,-156738,4267
1689018223996,-156738,4267
1689018223999,-156738,4267
1689018224003,-156738,4267
1689018224006,-156738,4267
1689018224009,-156738,4267
1689018224011,-156738,4267
1689018224014,-156738,4267
1689018224016,-156738,4267
1689018224019,-156738,4267
1689018224022,-156738,4267
1689018224025,-156738,4267
1689018224028,-156738,4267
1689018224031,-156738,4267
1689018224034,-156738,4267
1689018224037,-156738,4267
1689018224041,-156738,4267
1689018224044,-156738,4267
1689018224054,-156738,4267
1689018224058,-156738,4267
1689018224060,-156738,4267
1689018224063,-156738,4267
1689018224065,-156738,4267
1689018224068,-156738,4267
1689018224071,-156738,4267
1689018224074,-156738,4267
1689018224078,-156738,4267
1689018224081,-156738,4267
1689018224084,-156738,4267
1689018224087,-156738,4267
1689018224090,-156738,4267
1689018224094,-156738,4267
1689018224096,-156738,4267
1689018224099,-156738,4267
1689018224102,-156738,4267
1689018224105,-156738,4267
1689018224107,-156738,4267
1689018224111,-156738,4267
1689018224114,-156738,4267
1689018224117,-156738,4267
1689018224122,-156738,4267
1689018224125,-156738,4267
1689018224126,-156738,4267
1689018224128,-156738,4267
1689018224129,-156738,4267
1689018224131,-156738,4267
1689018224133,-156738,4267
1689018224135,-156738,4267
1689018224137,-156738,4267
1689018224139,-156738,4267
1689018224142,-156738,4267
1689018224144,-156738,4267
1689018224146,-156738,4267
1689018224148,-156738,4267
1689018224151,-156738,4267
1689018224153,-156738,4267
1689018224156,-156738,4267
1689018224158,-156738,4267
1689018224161,-156738,4267
1689018224163,-156738,4267
1689018224165,-156738,4267
1689018224167,-156738,4267
1689018224169,-156738,4267
1689018224171,-156738,4267
1689018224173,-156738,4267
1689018224175,-156738,4267
1689018224177,-156738,4267
1689018224179,-156738,4267
1689018224182,-156738,4267
1689018224184,-156738,4267
1689018224186,-156738,4267
1689018224188,-156738,4267
1689018224191,-156738,4267
1689018224195,-156738,4267
1689018224197,-156738,4267
1689018224200,-156738,4267
1689018224202,-156738,4267
1689018224204,-156738,4267
1689018224206,-156738,4267
1689018224208,-156738,4267
1689018224210,-156738,4267
1689018224212,-156738,4267
1689018224214,-156738,4267
1689018224216,-156738,4267
1689018224218,-156738,4267
1689018224219,-156738,4267
1689018224222,-156738,4267
1689018224225,-156738,4267
1689018224227,-156738,4267
1689018224229,-156738,4267
1689018224232,-156738,4267
1689018224233,-156738,4267
1689018224235,-156738,4267
1689018224237,-156738,4267
1689018224239,-156738,4267
1689018224241,-156738,4267
1689018224243,-156738,4267
1689018224245,-156738,4267
1689018224246,-156738,4267
1689018224248,-156738,4267
1689018224250,-156738,4267
1689018224252,-156738,4267
1689018224253,-156738,4267
1689018224254,-156738,4267
1689018224255,-156738,4267
1689018224257,-156738,4267
1689018224258,-156738,4267
1689018224260,-156738,4267
1689018224261,-156738,4267
1689018224262,-156738,4267
1689018224263,-156738,4267
1689018224264,-156738,4267
1689018224265,-156738,4267
1689018224267,-156738,4267
1689018224268,-156738,4267
1689018224269,-156738,4267
1689018224270,-156738,4267
1689018224272,-156738,4267
1689018224274,-156738,4267
1689018224276,-156738,4267
1689018224277,-156738,4267
1689018224279,-156738,4267
1689018224281,-156738,4267
1689018224283,-156738,4267
1689018224285,-156738,4267
1689018224286,-156738,4267
1689018224288,-156738,4267
1689018224289,-156738,4267
1689018224292,-156738,4267
1689018224294,-156738,4267
1689018224296,-156738,4267
1689018224299,-156738,4267
1689018224302,-156738,4267
1689018224304,-156738,4267
1689018224306,-156738,4267
1689018224309,-156738,4267
1689018224311,-156738,4267
1689018224313,-156738,4267
1689018224316,-156738,4267
1689018224319,-156738,4267
1689018224321,-246581,4267
1689018224324,-246581,4267
1689018224326,-246581,4267
1689018224328,-246581,4267
1689018224330,-246581,4267
1689018224333,-246581,4267
1689018224335,-246581,4267
1689018224337,-246581,4267
1689018224339,-246581,4267
1689018224342,-246581,4267
1689018224345,-246581,4267
1689018224347,-246581,4267
1689018224349,-246581,4267
1689018224352,-246581,4267
1689018224354,-246581,4267
1689018224357,-246581,4267
1689018224359,-246581,4267
1689018224362,-246581,4267
1689018224364,-246581,4267
1689018224366,-246581,4267
1689018224369,-246581,4267
1689018224371,-246581,4267
1689018224375,-246581,4267
1689018224383,-246581,4267
1689018224390,-246581,4267
1689018224396,-246581,4267
1689018224400,-246581,4267
1689018224403,-246581,4267
1689018224405,-246581,4267
1689018224408,-246581,4267
1689018224411,-246581,4267
1689018224415,-246581,4267
1689018224417,-246581,4267
1689018224421,-246581,4267
1689018224424,-246581,4267
1689018224427,-246581,4267
1689018224430,-246581,4267
1689018224433,-246581,4267
1689018224435,-246581,4267
1689018224438,-246581,4267
1689018224441,-246581,4267
1689018224444,-246581,4267
1689018224447,-246581,4267
1689018224449,-246581,4267
1689018224452,-246581,4267
1689018224455,-246581,4267
1689018224458,-246581,4267
1689018224460,-246581,4267
1689018224463,-246581,4267
1689018224466,-246581,4267
1689018224468,-246581,4267
1689018224471,-246581,4267
1689018224475,-246581,4267
1689018224478,-246581,4267
1689018224481,-246581,4267
1689018224484,-246581,4267
1689018224487,-246581,4267
1689018224490,-246581,4267
1689018224493,-246581,4267
1689018224495,-246581,4267
1689018224498,-246581,4267
1689018224501,-246581,4267
1689018224504,-246581,4267
1689018224506,-246581,4267
1689018224509,-246581,4267
1689018224512,-246581,4267
1689018224517,-246581,4267
1689018224520,-246581,4267
1689018224523,-246581,4267
1689018224525,-246581,4267
1689018224528,-246581,4267
1689018224532,-246581,4267
1689018224535,-246581,4267
1689018224538,-246581,4267
1689018224540,-246581,4267
1689018224543,-246581,4267
1689018224546,-246581,4267
1689018224549,-246581,4267
1689018224552,-246581,4267
1689018224556,-246581,4267
1689018224559,-246581,4267
1689018224562,-246581,4267
1689018224565,-246581,4267
1689018224568,-246581,4267
1689018224571,-246581,4267
1689018224574,-246581,4267
1689018224577,-246581,4267
1689018224579,-246581,4267
1689018224582,-246581,4267
1689018224585,-246581,4267
1689018224588,-246581,4267
1689018224592,-246581,4267
1689018224595,-246581,4267
1689018224598,-246581,4267
1689018224602,-246581,4267
1689018224605,-246581,4267
1689018224608,-246581,4267
1689018224610,-246581,4267
1689018224613,-246581,4267
1689018224616,-246581,4267
1689018224618,-246581,4267
1689018224621,-246581,4267
1689018224624,-246581,4267
1689018224627,-246581,4267
1689018224629,-246581,4267
1689018224633,-246581,4267
1689018224636,-246581,4267
1689018224639,-246581,4267
1689018224643,-246581,4267
1689018224645,-246581,4267
1689018224648,-246581,4267
1689018224652,-246581,4267
1689018224654,-246581,4267
1689018224657,-246581,4267
1689018224661,-246581,4267
1689018224667,-246581,4267
1689018224671,-246581,4267
1689018224676,-246581,4267
1689018224681,-246581,4267
1689018224684,-246581,4267
1689018224687,-246581,4267
1689018224691,-246581,4267
1689018224695,-246581,4267
1689018224699,-246581,4267
1689018224703,-246581,4267
1689018224706,-246581,4267
1689018224711,-246581,4267
1689018224715,-246581,4267
1689018224717,-246581,4267
1689018224719,-246581,4267
1689018224721,-246581,4267
1689018224723,-246581,4267
1689018224726,-246581,4267
1689018224728,-246581,4267
1689018224730,-246581,4267
1689018224733,-246581,4267
1689018224735,-246581,4267
1689018224737,-246581,4267
1689018224739,-246581,4267
1689018224741,-246581,4267
1689018224743,-246581,4267
1689018224744,-246581,4267
1689018224745,-246581,4267
1689018224747,-246581,4267
1689018224748,-246581,4267
1689018224749,-246581,4267
1689018224753,-246581,4267
1689018224755,-246581,4267
1689018224757,-246581,4267
1689018224758,-246581,4267
1689018224760,-246581,4267
1689018224762,-246581,4267
1689018224764,-246581,4267
1689018224766,-246581,4267
1689018224767,-246581,4267
1689018224769,-246581,4267
1689018224772,-246581,4267
1689018224773,-246581,4267
1689018224776,-246581,4267
1689018224777,-246581,4267
1689018224779,-246581,4267
1689018224781,-246581,4267
1689018224783,-246581,4267
1689018224785,-246581,4267
1689018224787,-246581,4267
1689018224789,-246581,4267
1689018224791,-246581,4267
1689018224794,-246581,4267
1689018224797,-246581,4267
1689018224800,-246581,4267
1689018224803,-246581,4267
1689018224805,-246581,4267
1689018224808,-246581,4267
1689018224811,-246581,4267
1689018224814,-246581,4267
1689018224815,-246581,4267
1689018224817,-246581,4267
1689018224819,-246581,4267
1689018224821,-246581,4267
1689018224823,-246581,4267
1689018224826,-246581,4267
1689018224828,-246581,4267
1689018224830,-246581,4267
1689018224833,-246581,4267
1689018224836,-246581,4267
1689018224839,-246581,4267
1689018224843,-246581,4267
1689018224846,-246581,4267
1689018224848,-246581,4267
1689018224851,-246581,4267
1689018224853,-246581,4267
1689018224855,-246581,4267
1689018224857,-246581,4267
1689018224859,-246581,4267
1689018224860,-246581,4267
1689018224863,-246581,4267
1689018224865,-246581,4267
1689018224868,-246581,4267
1689018224872,-246581,4267
1689018224876,-246581,4267
1689018224878,-246581,4267
1689018224882,-246581,4267
1689018224885,-246581,4267
1689018224887,-246581,4267
1689018224889,-246581,4267
1689018224893,-246581,4267
1689018224895,-246581,4267
1689018224898,-246581,4267
1689018224902,-246581,4267
1689018224905,-246581,4267
1689018224907,-246581,4267
1689018224910,-246581,4267
1689018224915,-246581,4267
1689018224918,-246581,4267
1689018224921,-246581,4267
1689018224924,-246581,4267
1689018224927,-246581,4267
1689018224929,-246581,4267
1689018224932,-246581,4267
1689018224935,-246581,4267
1689018224938,-246581,4267
1689018224941,-246581,4267
1689018224943,-246581,4267
1689018224946,-246581,4267
1689018224948,-246581,4267
1689018224952,-246581,4267
1689018224955,-246581,4267
1689018224958,-246581,4267
1689018224961,-246581,4267
1689018224964,-246581,4267
1689018224966,-246581,4267
1689018224968,-246581,4267
1689018224970,-246581,4267
1689018224972,-246581,4267
1689018224974,-246581,4267
1689018224976,-246581,4267
1689018224978,-246581,4267
1689018224979,-246581,4267
1689018224982,-246581,4267
1689018224984,-246581,4267
1689018224986,-246581,4267
1689018224988,-246581,4267
1689018224989,-246581,4267
1689018224992,-246581,4267
1689018224994,-246581,4267
1689018224996,-246581,4267
1689018224997,-246581,4267
1689018224998,-246581,4267
1689018225000,-246581,4267
1689018225001,-246581,4267
1689018225003,-246581,4267
1689018225004,-246581,4267
1689018225006,-246581,4267
1689018225007,-246581,4267
1689018225009,-246581,4267
1689018225010,-246581,4267
1689018225012,-246581,4267
1689018225013,-246581,4267
1689018225015,-246581,4267
1689018225016,-246581,4267
1689018225018,-246581,4267
1689018225019,-246581,4267
1689018225021,-246581,4267
1689018225023,-246581,4267
1689018225024,-246581,4267
1689018225026,-246581,4267
1689018225027,-246581,4267
1689018225029,-246581,4267
1689018225031,-246581,4267
1689018225035,-246581,4267
1689018225038,-246581,4267
1689018225041,-246581,4267
1689018225045,-246581,4267
1689018225048,-246581,4267
1689018225051,-246581,4267
1689018225055,-246581,4267
1689018225058,-246581,4267
1689018225061,-246581,4267
1689018225064,-246581,4267
1689018225066,-246581,4267
1689018225069,-246581,4267
1689018225073,-246581,4267
1689018225076,-246581,4267
1689018225078,-246581,4267
1689018225082,-246581,4267
1689018225085,-246581,4267
1689018225088,-246581,4267
1689018225091,-246581,4267
1689018225094,-246581,4267
1689018225098,-246581,4267
1689018225100,-246581,4267
1689018225103,-246581,4267
1689018225105,-246581,4267
1689018225108,-246581,4267
1689018225110,-246581,4267
1689018225112,-246581,4267
1689018225115,-246581,4267
1689018225118,-246581,4267
1689018225121,-246581,4267
1689018225124,-246581,4267
1689018225127,-246581,4267
1689018225129,-246581,4267
1689018225132,-246581,4267
1689018225135,-246581,4267
1689018225137,-246581,4267
1689018225140,-246581,4267
1689018225142,-246581,4267
1689018225145,-246581,4267
1689018225148,-246581,4267
1689018225151,-246581,4267
1689018225155,-246581,4267
1689018225157,-246581,4267
1689018225161,-246581,4267
1689018225163,-246581,4267
1689018225167,-246581,4267
1689018225169,-246581,4267
1689018225173,-246581,4267
1689018225176,-246581,4267
1689018225179,-246581,4267
1689018225181,-246581,4267
1689018225184,-246581,4267
1689018225187,-246581,4267
1689018225191,-246581,4267
1689018225194,-246581,4267
1689018225197,-246581,4267
1689018225201,-246581,4267
1689018225204,-246581,4267
1689018225207,-246581,4267
1689018225210,-246581,4267
1689018225213,-246581,4267
1689018225216,-246581,4267
1689018225219,-246581,4267
1689018225221,-246581,4267
1689018225224,-246581,4267
1689018225227,-246581,4267
1689018225229,-246581,4267
1689018225234,-246581,4267
1689018225237,-246581,4267
1689018225240,-246581,4267
1689018225243,-246581,4267
1689018225246,-246581,4267
1689018225248,-246581,4267
1689018225251,-246581,4267
1689018225253,-246581,4267
1689018225255,-246581,4267
1689018225257,-246581,4267
1689018225260,-246581,4267
1689018225262,-246581,4267
1689018225265,-246581,4267
1689018225267,-246581,4267
1689018225270,-246581,4267
1689018225273,-246581,4267
1689018225275,-246581,4267
1689018225277,-246581,4267
1689018225279,-246581,4267
1689018225282,-246581,4267
1689018225284,-246581,4267
1689018225286,-246581,4267
1689018225288,-246581,4267
1689018225291,-246581,4267
1689018225293,-246581,4267
1689018225295,-246581,4267
1689018225297,-246581,4267
1689018225298,-246581,4267
1689018225300,-246581,4267
1689018225302,-246581,4267
1689018225304,-246581,4267
1689018225306,-246581,4267
1689018225308,-246581,4267
1689018225311,-246581,4267
1689018225313,-246581,4267
1689018225315,-246581,4267
1689018225318,-246581,4267
1689018225320,-246581,4267
1689018225322,-246581,4267
1689018225325,-246581,4267
1689018225327,-246581,4267
1689018225329,-246581,4267
1689018225331,-246581,4267
1689018225333,-246581,4267
1689018225335,-246581,4267
1689018225337,-246581,4267
1689018225339,-246581,4267
1689018225341,-246581,4267
1689018225343,-246581,4267
1689018225345,-246581,4267
1689018225347,-246581,4267
1689018225349,-246581,4267
1689018225352,-246581,4267
1689018225354,-246581,4267
1689018225356,-246581,4267
1689018225358,-246581,4267
1689018225360,-246581,4267
1689018225363,-246581,4267
1689018225365,-246581,4267
1689018225367,-246581,4267
1689018225369,-246581,4267
1689018225371,-246581,4267
1689018225373,-246581,4267
1689018225375,-246581,4267
1689018225377,-246581,4267
1689018225379,-246581,4267
1689018225381,-246581,4267
1689018225384,-246581,4267
1689018225386,-246581,4267
1689018225388,-246581,4267
1689018225391,-246581,4267
1689018225393,-246581,4267
1689018225395,-246581,4267
1689018225397,-246581,4267
1689018225400,-246581,4267
1689018225402,-246581,4267
1689018225405,-246581,4267
1689018225406,-246581,4267
1689018225408,-246581,4267
1689018225411,-246581,4267
1689018225414,-246581,4267
1689018225416,-246581,4267
1689018225418,-246581,4267
1689018225419,-246581,4267
1689018225421,-246581,4267
1689018225423,-246581,4267
1689018225425,-246581,4267
1689018225427,-246581,4267
1689018225430,-246581,4267
1689018225433,-246581,4267
1689018225435,-246581,4267
1689018225437,-246581,4267
1689018225438,-246581,4267
1689018225441,-246581,4267
1689018225443,-246581,4267
1689018225444,-246581,4267
1689018225446,-246581,4267
1689018225448,-246581,4267
1689018225450,-246581,4267
1689018225452,-246581,4267
1689018225454,-246581,4267
1689018225456,-246581,4267
1689018225458,-246581,4267
1689018225460,-246581,4267
1689018225462,-246581,4267
1689018225464,-246581,4267
1689018225466,-246581,4267
1689018225468,-246581,4267
1689018225472,-246581,4267
1689018225474,-246581,4267
1689018225476,-246581,4267
1689018225478,-246581,4267
1689018225481,-246581,4267
1689018225483,-246581,4267
1689018225485,-246581,4267
1689018225487,-246581,4267
1689018225489,-246581,4267
1689018225491,-246581,4267
1689018225493,-246581,4267
1689018225496,-246581,4267
1689018225498,-246581,4267
1689018225500,-246581,4267
1689018225502,-246581,4267
1689018225504,-246581,4267
1689018225506,-246581,4267
1689018225509,-246581,4267
1689018225512,-246581,4267
1689018225515,-246581,4267
1689018225518,-246581,4267
1689018225521,-246581,4267
1689018225524,-246581,4267
1689018225526,-246581,4267
1689018225529,-246581,4267
1689018225532,-246581,4267
1689018225535,-246581,4267
1689018225537,-246581,4267
1689018225540,-246581,4267
1689018225543,-246581,4267
1689018225546,-246581,4267
1689018225548,-246581,4267
1689018225552,-246581,4267
1689018225555,-246581,4267
1689018225558,-246581,4267
1689018225561,-246581,4267
1689018225564,-246581,4267
1689018225567,-246581,4267
1689018225569,-246581,4267
1689018225573,-246581,4267
1689018225575,-246581,4267
1689018225578,-246581,4267
1689018225581,-246581,4267
1689018225584,-246581,4267
1689018225587,-246581,4267
1689018225591,-246581,4267
1689018225595,-246581,4267
1689018225598,-246581,4267
1689018225601,-246581,4267
1689018225603,-246581,4267
1689018225606,-246581,4267
1689018225609,-246581,4267
1689018225612,-246581,4267
1689018225615,-246581,4267
1689018225618,-246581,4267
1689018225622,-246581,4267
1689018225625,-246581,4267
1689018225628,-246581,4267
1689018225632,-246581,4267
1689018225635,-246581,4267
1689018225638,-246581,4267
1689018225640,-246581,4267
1689018225643,-246581,4267
1689018225646,-246581,4267
1689018225648,-246581,4267
1689018225651,-246581,4267
1689018225654,-246581,4267
1689018225657,-246581,4267
1689018225660,-246581,4267
1689018225663,-246581,4267
1689018225666,-246581,4267
1689018225668,-246581,4267
1689018225673,-246581,4267
1689018225676,-246581,4267
1689018225679,-246581,4267
1689018225682,-246581,4267
1689018225685,-246581,4267
1689018225688,-246581,4267
1689018225692,-246581,4267
1689018225695,-246581,4267
1689018225697,-246581,4267
1689018225700,-246581,4267
1689018225703,-246581,4267
1689018225705,-246581,4267
1689018225708,-246581,4267
1689018225712,-246581,4267
1689018225715,-246581,4267
1689018225718,-246581,4267
1689018225721,-246581,4267
1689018225724,-246581,4267
1689018225727,-246581,4267
1689018225729,-246581,4267
1689018225733,-246581,4267
1689018225736,-246581,4267
1689018225738,-246581,4267
1689018225741,-246581,4267
1689018225744,-246581,4267
1689018225747,-246581,4267
1689018225752,-246581,4267
1689018225755,-246581,4267
1689018225758,-246581,4267
1689018225761,-246581,4267
1689018225764,-246581,4267
1689018225767,-246581,4267
1689018225769,-246581,4267
1689018225774,-246581,4267
1689018225777,-246581,4267
1689018225780,-246581,4267
1689018225782,-246581,4267
1689018225786,-246581,4267
1689018225790,-157714,4267
1689018225793,-157714,4267
1689018225796,-157714,4267
1689018225799,-157714,4267
1689018225802,-157714,4267
1689018225805,-157714,4267
1689018225808,-157714,4267
1689018225811,-157714,4267
1689018225814,-157714,4267
1689018225817,-157714,4267
1689018225820,-157714,4267
1689018225823,-157714,4267
1689018225826,-157714,4267
1689018225830,-157714,4267
1689018225835,-157714,4267
1689018225837,-157714,4267
1689018225840,-157714,4267
1689018225843,-157714,4267
1689018225846,-157714,4267
1689018225849,-157714,4267
1689018225852,-157714,4267
1689018225855,-157714,4267
1689018225857,-157714,4267
1689018225860,-157714,4267
1689018225863,-157714,4267
1689018225866,-157714,4267
1689018225870,-157714,4267
1689018225874,-157714,4267
1689018225877,-157714,4267
1689018225879,-157714,4267
1689018225883,-157714,4267
1689018225885,-157714,4267
1689018225888,-157714,4267
1689018225891,-157714,4267
1689018225894,-157714,4267
1689018225897,-157714,4267
1689018225900,-157714,4267
1689018225903,-157714,4267
1689018225906,-157714,4267
1689018225909,-157714,4267
1689018225913,-157714,4267
1689018225916,-157714,4267
1689018225919,-157714,4267
1689018225922,-157714,4267
1689018225925,-157714,4267
1689018225928,-157714,4267
1689018225932,-157714,4267
1689018225935,-157714,4267
1689018225937,-157714,4267
1689018225940,-157714,4267
1689018225943,-157714,4267
1689018225946,-157714,4267
1689018225950,-157714,4267
1689018225954,-157714,4267
1689018225957,-157714,4267
1689018225959,-157714,4267
1689018225962,-157714,4267
1689018225965,-157714,4267
1689018225968,-157714,4267
1689018225971,-157714,4267
1689018225974,-157714,4267
1689018225977,-157714,4267
1689018225980,-157714,4267
1689018225983,-157714,4267
1689018225986,-157714,4267
1689018225989,-157714,4267
1689018225995,-157714,4267
1689018225998,-157714,4267
1689018226001,-157714,4267
1689018226004,-157714,4267
1689018226007,-157714,4267
1689018226010,-157714,4267
1689018226014,-157714,4267
1689018226017,-157714,4267
1689018226021,-157714,4267
1689018226024,-157714,4267
1689018226027,-157714,4267
1689018226031,-157714,4267
1689018226034,-157714,4267
1689018226037,-157714,4267
1689018226039,-157714,4267
1689018226044,-157714,4267
1689018226047,-157714,4267
1689018226050,-157714,4267
1689018226054,-157714,4267
1689018226057,-157714,4267
1689018226061,-157714,4267
1689018226064,-157714,4267
1689018226068,-157714,4267
1689018226073,-157714,4267
1689018226076,-157714,4267
1689018226079,-157714,4267
1689018226082,-157714,4267
1689018226085,-157714,4267
1689018226088,-157714,4267
1689018226090,-157714,4267
1689018226093,-157714,4267
1689018226096,-157714,4267
1689018226098,-157714,4267
1689018226101,-157714,4267
1689018226104,-157714,4267
1689018226107,-157714,4267
1689018226111,-157714,4267
1689018226114,-157714,4267
1689018226117,-157714,4267
1689018226120,-157714,4267
1689018226123,-157714,4267
1689018226125,-157714,4267
1689018226128,-157714,4267
1689018226130,-157714,4267
1689018226134,-157714,4267
1689018226137,-157714,4267
1689018226139,-157714,4267
1689018226143,-157714,4267
1689018226145,-157714,4267
1689018226148,-157714,4267
1689018226152,-157714,4267
1689018226155,-157714,4267
1689018226159,-157714,4267
1689018226163,-157714,4267
1689018226166,-157714,4267
1689018226169,-157714,4267
1689018226173,-157714,4267
1689018226175,-157714,4267
1689018226178,-157714,4267
1689018226181,-157714,4267
1689018226183,-157714,4267
1689018226186,-157714,4267
1689018226189,-157714,4267
1689018226194,-157714,4267
1689018226196,-157714,4267
1689018226198,-157714,4267
1689018226200,-157714,4267
1689018226203,-157714,4267
1689018226205,-157714,4267
1689018226207,-157714,4267
1689018226209,-157714,4267
1689018226211,-157714,4267
1689018226213,-157714,4267
1689018226216,-157714,4267
1689018226219,-157714,4267
1689018226223,-157714,4267
1689018226226,-157714,4267
1689018226229,-157714,4267
1689018226233,-157714,4267
1689018226235,-157714,4267
1689018226237,-157714,4267
1689018226238,-157714,4267
1689018226241,-157714,4267
1689018226242,-157714,4267
1689018226244,-157714,4267
1689018226246,-157714,4267
1689018226247,-157714,4267
1689018226249,-157714,4267
1689018226251,-157714,4267
1689018226255,-157714,4267
1689018226258,-157714,4267
1689018226261,-157714,4267
1689018226265,-157714,4267
1689018226268,-157714,4267
1689018226272,-157714,4267
1689018226275,-157714,4267
1689018226278,-157714,4267
1689018226282,-157714,4267
1689018226285,-157714,4267
1689018226288,-157714,4267
1689018226291,-157714,4267
1689018226294,-157714,4267
1689018226297,-157714,4267
1689018226300,-157714,4267
1689018226303,-157714,4267
1689018226307,-157714,4267
1689018226311,-157714,4267
1689018226314,-157714,4267
1689018226317,-157714,4267
1689018226319,-157714,4267
1689018226322,-157714,4267
1689018226325,-157714,4267
1689018226328,-157714,4267
1689018226330,-157714,4267
1689018226333,-157714,4267
1689018226336,-157714,4267
1689018226338,-157714,4267
1689018226341,-157714,4267
1689018226344,-157714,4267
1689018226348,-157714,4267
1689018226351,-157714,4267
1689018226354,-157714,4267
1689018226357,-157714,4267
1689018226360,-157714,4267
1689018226363,-157714,4267
1689018226366,-157714,4267
1689018226368,-157714,4267
1689018226371,-157714,4267
1689018226375,-157714,4267
1689018226377,-157714,4267
1689018226379,-157714,4267
1689018226382,-157714,4267
1689018226385,-157714,4267
1689018226387,-157714,4267
1689018226390,-157714,4267
1689018226393,-157714,4267
1689018226395,-157714,4267
1689018226398,-157714,4267
1689018226400,-157714,4267
1689018226402,-157714,4267
1689018226404,-157714,4267
1689018226406,-157714,4267
1689018226408,-157714,4267
1689018226411,-157714,4267
1689018226413,-157714,4267
1689018226415,-157714,4267
1689018226418,-157714,4267
1689018226419,-157714,4267
1689018226422,-157714,4267
1689018226424,-157714,4267
1689018226426,-157714,4267
1689018226429,-157714,4267
1689018226432,-157714,4267
1689018226434,-157714,4267
1689018226436,-157714,4267
1689018226437,-157714,4267
1689018226440,-157714,4267
1689018226442,-157714,4267
1689018226444,-157714,4267
1689018226446,-157714,4267
1689018226448,-157714,4267
1689018226451,-157714,4267
1689018226453,-157714,4267
1689018226455,-157714,4267
1689018226458,-157714,4267
1689018226461,-157714,4267
1689018226463,-157714,4267
1689018226465,-157714,4267
1689018226468,-157714,4267
1689018226470,-157714,4267
1689018226472,-157714,4267
1689018226474,-157714,4267
1689018226476,-157714,4267
1689018226478,-157714,4267
1689018226480,-157714,4267
1689018226482,-157714,4267
1689018226484,-157714,4267
1689018226486,-157714,4267
1689018226488,-157714,4267
1689018226490,-157714,4267
1689018226492,-157714,4267
1689018226494,-157714,4267
1689018226496,-157714,4267
1689018226497,-157714,4267
1689018226499,-157714,4267
1689018226502,-157714,4267
1689018226504,-157714,4267
1689018226506,-157714,4267
1689018226508,-157714,4267
1689018226511,-157714,4267
1689018226513,-157714,4267
1689018226515,-157714,4267
1689018226517,-157714,4267
1689018226519,-157714,4267
1689018226521,-157714,4267
1689018226523,-157714,4267
1689018226525,-157714,4267
1689018226527,-157714,4267
1689018226529,-157714,4267
1689018226531,-157714,4267
1689018226533,-157714,4267
1689018226535,-157714,4267
1689018226537,-157714,4267
1689018226539,-157714,4267
1689018226551,-157714,4267
1689018226554,-157714,4267
1689018226556,-157714,4267
1689018226558,-157714,4267
1689018226560,-157714,4267
1689018226562,-157714,4267
1689018226564,-157714,4267
1689018226566,-157714,4267
1689018226567,-157714,4267
1689018226569,-157714,4267
1689018226571,-157714,4267
1689018226573,-157714,4267
1689018226575,-157714,4267
1689018226577,-157714,4267
1689018226579,-157714,4267
1689018226582,-157714,4267
1689018226585,-157714,4267
1689018226587,-157714,4267
1689018226589,-157714,4267
1689018226591,-157714,4267
1689018226593,-157714,4267
1689018226595,-157714,4267
1689018226597,-157714,4267
1689018226599,-157714,4267
1689018226601,-157714,4267
1689018226603,-157714,4267
1689018226605,-157714,4267
1689018226606,-157714,4267
1689018226608,-157714,4267
1689018226610,-157714,4267
1689018226612,-157714,4267
1689018226614,-157714,4267
1689018226615,-157714,4267
1689018226617,-157714,4267
1689018226618,-157714,4267
1689018226620,-157714,4267
1689018226622,-157714,4267
1689018226623,-157714,4267
1689018226625,-157714,4267
1689018226626,-157714,4267
1689018226628,-157714,4267
1689018226629,-157714,4267
1689018226631,-157714,4267
1689018226633,-157714,4267
1689018226634,-157714,4267
1689018226636,-157714,4267
1689018226637,-157714,4267
1689018226639,-157714,4267
1689018226641,-157714,4267
1689018226642,-157714,4267
1689018226644,-157714,4267
1689018226646,-157714,4267
1689018226647,-157714,4267
1689018226648,-157714,4267
1689018226650,-157714,4267
1689018226654,-157714,4267
1689018226657,-157714,4267
1689018226660,-157714,4267
1689018226663,-157714,4267
1689018226667,-157714,4267
1689018226671,-157714,4267
1689018226674,-157714,4267
1689018226677,-157714,4267
1689018226680,-157714,4267
1689018226683,-157714,4267
1689018226686,-157714,4267
1689018226689,-157714,4267
1689018226691,-157714,4267
1689018226694,-157714,4267
1689018226697,-157714,4267
1689018226700,-157714,4267
1689018226706,-157714,4267
1689018226709,-157714,4267
1689018226712,-157714,4267
1689018226714,-157714,4267
1689018226716,-157714,4267
1689018226717,-157714,4267
1689018226719,-157714,4267
1689018226722,-157714,4267
1689018226724,-157714,4267
1689018226725,-157714,4267
1689018226727,-157714,4267
1689018226729,-157714,4267
1689018226732,-157714,4267
1689018226734,-157714,4267
1689018226735,-157714,4267
1689018226736,-157714,4267
1689018226737,-157714,4267
1689018226738,-157714,4267
1689018226739,-157714,4267
1689018226742,-157714,4267
1689018226744,-157714,4267
1689018226745,-157714,4267
1689018226747,-157714,4267
1689018226748,-157714,4267
1689018226750,-157714,4267
1689018226751,-157714,4267
1689018226753,-157714,4267
1689018226754,-157714,4267
1689018226756,-157714,4267
1689018226757,-157714,4267
1689018226759,-157714,4267
1689018226760,-157714,4267
1689018226762,-157714,4267
1689018226763,-157714,4267
1689018226765,-157714,4267
1689018226767,-157714,4267
1689018226768,-157714,4267
1689018226770,-157714,4267
1689018226773,-157714,4267
1689018226777,-157714,4267
1689018226780,-157714,4267
1689018226784,-157714,4267
1689018226787,-157714,4267
1689018226792,-157714,4267
1689018226795,-157714,4267
1689018226798,-157714,4267
1689018226801,-157714,4267
1689018226804,-157714,4267
1689018226807,-157714,4267
1689018226811,-157714,4267
1689018226814,-157714,4267
1689018226816,-157714,4267
1689018226819,-157714,4267
1689018226824,-157714,4267
1689018226827,-157714,4267
1689018226830,-157714,4267
1689018226833,-157714,4267
1689018226835,-157714,4267
1689018226836,-157714,4267
1689018226838,-157714,4267
1689018226839,-157714,4267
1689018226842,-157714,4267
1689018226844,-157714,4267
1689018226846,-157714,4267
1689018226847,-157714,4267
1689018226849,-157714,4267
1689018226852,-157714,4267
1689018226854,-157714,4267
1689018226856,-157714,4267
1689018226857,-157714,4267
1689018226859,-157714,4267
1689018226860,-157714,4267
1689018226862,-157714,4267
1689018226864,-157714,4267
1689018226866,-157714,4267
1689018226867,-157714,4267
1689018226868,-157714,4267
1689018226870,-157714,4267
1689018226872,-157714,4267
1689018226874,-157714,4267
1689018226876,-157714,4267
1689018226877,-157714,4267
1689018226879,-157714,4267
1689018226882,-157714,4267
1689018226884,-157714,4267
1689018226885,-157714,4267
1689018226887,-157714,4267
1689018226889,-157714,4267
1689018226892,-157714,4267
1689018226895,-157714,4267
1689018226899,-157714,4267
1689018226902,-157714,4267
1689018226906,-157714,4267
1689018226912,-157714,4267
1689018226919,-157714,4267
1689018226922,-157714,4267
1689018226924,-157714,4267
1689018226926,-157714,4267
1689018226930,-157714,4267
1689018226933,-157714,4267
1689018226943,-157714,4267
1689018226951,-157714,4267
1689018226955,-157714,4267
1689018226958,-157714,4267
1689018226963,-157714,4267
1689018226965,-157714,4267
1689018226966,-157714,4267
1689018226967,-157714,4267
1689018226968,-157714,4267
1689018226969,-157714,4267
1689018226970,-157714,4267
1689018226972,-157714,4267
1689018226975,-157714,4267
1689018226979,-157714,4267
1689018226982,-157714,4267
1689018226984,-157714,4267
1689018226985,-157714,4267
1689018226986,-157714,4267
1689018226988,-157714,4267
1689018226989,-157714,4267
1689018226991,-157714,4267
1689018227002,-157714,4267
1689018227005,-157714,4267
1689018227007,-157714,4267
1689018227009,-157714,4267
1689018227011,-157714,4267
1689018227013,-157714,4267
1689018227015,-157714,4267
1689018227017,-157714,4267
1689018227019,-157714,4267
1689018227021,-157714,4267
1689018227023,-157714,4267
1689018227025,-157714,4267
1689018227027,-157714,4267
1689018227029,-157714,4267
1689018227031,-157714,4267
1689018227032,-157714,4267
1689018227034,-157714,4267
1689018227036,-157714,4267
1689018227037,-157714,4267
1689018227038,-157714,4267
1689018227040,-157714,4267
1689018227041,-157714,4267
1689018227043,-157714,4267
1689018227045,-157714,4267
1689018227046,-157714,4267
1689018227048,-157714,4267
1689018227049,-157714,4267
1689018227052,-157714,4267
1689018227055,-157714,4267
1689018227058,-157714,4267
1689018227061,-157714,4267
1689018227064,-157714,4267
1689018227067,-157714,4267
1689018227071,-157714,4267
1689018227074,-157714,4267
1689018227077,-157714,4267
1689018227079,-157714,4267
1689018227082,-157714,4267
1689018227086,-157714,4267
1689018227089,-157714,4267
1689018227092,-157714,4267
1689018227095,-157714,4267
1689018227099,-157714,4267
1689018227108,-157714,4267
1689018227120,-157714,4267
1689018227131,-157714,4267
1689018227136,-157714,4267
1689018227137,-157714,4267
1689018227139,-157714,4267
1689018227141,-157714,4267
1689018227143,-157714,4267
1689018227144,-157714,4267
1689018227146,-157714,4267
1689018227147,-157714,4267
1689018227149,-157714,4267
1689018227151,-157714,4267
1689018227153,-157714,4267
1689018227155,-157714,4267
1689018227157,-157714,4267
1689018227158,-157714,4267
1689018227159,-157714,4267
1689018227161,-157714,4267
1689018227162,-157714,4267
1689018227164,-157714,4267
1689018227165,-157714,4267
1689018227166,-157714,4267
1689018227168,-157714,4267
1689018227169,-157714,4267
1689018227171,-157714,4267
1689018227173,-157714,4267
1689018227174,-157714,4267
1689018227176,-157714,4267
1689018227178,-157714,4267
1689018227181,-157714,4267
1689018227183,-157714,4267
1689018227185,-157714,4267
1689018227187,-157714,4267
1689018227189,-157714,4267
1689018227191,-157714,4267
1689018227194,-157714,4267
1689018227195,-157714,4267
1689018227197,-157714,4267
1689018227199,-157714,4267
1689018227202,-157714,4267
1689018227204,-157714,4267
1689018227206,-157714,4267
1689018227208,-157714,4267
1689018227210,-157714,4267
1689018227213,-157714,4267
1689018227216,-157714,4267
1689018227219,-157714,4267
1689018227223,-157714,4267
1689018227226,-157714,4267
1689018227228,-157714,4267
1689018227231,-157714,4267
1689018227234,-157714,4267
1689018227237,-157714,4267
1689018227239,-157714,4267
1689018227242,-157714,4267
1689018227245,-157714,4267
1689018227247,-157714,4267
1689018227250,-157714,4267
1689018227253,-157714,4267
1689018227256,-178710,4267
1689018227258,-178710,4267
1689018227261,-178710,4267
1689018227264,-178710,4267
1689018227267,-178710,4267
1689018227269,-178710,4267
1689018227272,-178710,4267
1689018227276,-178710,4267
1689018227278,-178710,4267
1689018227281,-178710,4267
1689018227284,-178710,4267
1689018227287,-178710,4267
1689018227289,-178710,4267
1689018227292,-178710,4267
1689018227295,-178710,4267
1689018227298,-178710,4267
1689018227303,-178710,4267
1689018227307,-178710,4267
1689018227310,-178710,4267
1689018227313,-178710,4267
1689018227316,-178710,4267
1689018227319,-178710,4267
1689018227322,-178710,4267
1689018227324,-178710,4267
1689018227327,-178710,4267
1689018227329,-178710,4267
1689018227332,-178710,4267
1689018227335,-178710,4267
1689018227339,-178710,4267
1689018227343,-178710,4267
1689018227346,-178710,4267
1689018227348,-178710,4267
1689018227352,-178710,4267
1689018227355,-178710,4267
1689018227357,-178710,4267
1689018227360,-178710,4267
1689018227363,-178710,4267
1689018227366,-178710,4267
1689018227369,-178710,4267
1689018227372,-178710,4267
1689018227375,-178710,4267
1689018227377,-178710,4267
1689018227381,-178710,4267
1689018227384,-178710,4267
1689018227387,-178710,4267
1689018227390,-178710,4267
1689018227394,-178710,4267
1689018227397,-178710,4267
1689018227400,-178710,4267
1689018227403,-178710,4267
1689018227406,-178710,4267
1689018227409,-178710,4267
1689018227412,-178710,4267
1689018227415,-178710,4267
1689018227417,-178710,4267
1689018227419,-178710,4267
1689018227423,-178710,4267
1689018227426,-178710,4267
1689018227429,-178710,4267
1689018227432,-178710,4267
1689018227435,-178710,4267
1689018227438,-178710,4267
1689018227441,-178710,4267
1689018227445,-178710,4267
1689018227447,-178710,4267
1689018227451,-178710,4267
1689018227455,-178710,4267
1689018227458,-178710,4267
1689018227462,-178710,4267
1689018227465,-178710,4267
1689018227468,-178710,4267
1689018227471,-178710,4267
1689018227474,-178710,4267
1689018227476,-178710,4267
1689018227479,-178710,4267
1689018227482,-178710,4267
1689018227485,-178710,4267
1689018227488,-178710,4267
1689018227491,-178710,4267
1689018227494,-178710,4267
1689018227497,-178710,4267
1689018227500,-178710,4267
1689018227504,-178710,4267
1689018227507,-178710,4267
1689018227509,-178710,4267
1689018227513,-178710,4267
1689018227516,-178710,4267
1689018227518,-178710,4267
1689018227521,-178710,4267
1689018227524,-178710,4267
1689018227526,-178710,4267
1689018227529,-178710,4267
1689018227532,-178710,4267
1689018227535,-178710,4267
1689018227538,-178710,4267
1689018227543,-178710,4267
1689018227546,-178710,4267
1689018227549,-178710,4267
1689018227552,-178710,4267
1689018227555,-178710,4267
1689018227558,-178710,4267
1689018227560,-178710,4267
1689018227563,-178710,4267
1689018227566,-178710,4267
1689018227568,-178710,4267
1689018227572,-178710,4267
1689018227575,-178710,4267
1689018227578,-178710,4267
1689018227582,-178710,4267
1689018227584,-178710,4267
1689018227587,-178710,4267
1689018227591,-178710,4267
1689018227594,-178710,4267
1689018227597,-178710,4267
1689018227599,-178710,4267
1689018227602,-178710,4267
1689018227605,-178710,4267
1689018227607,-178710,4267
1689018227612,-178710,4267
1689018227615,-178710,4267
1689018227618,-178710,4267
1689018227621,-178710,4267
1689018227624,-178710,4267
1689018227626,-178710,4267
1689018227629,-178710,4267
1689018227631,-178710,4267
1689018227633,-178710,4267
1689018227635,-178710,4267
1689018227637,-178710,4267
1689018227640,-178710,4267
1689018227642,-178710,4267
1689018227644,-178710,4267
1689018227646,-178710,4267
1689018227648,-178710,4267
1689018227650,-178710,4267
1689018227653,-178710,4267
1689018227655,-178710,4267
1689018227657,-178710,4267
1689018227659,-178710,4267
1689018227662,-178710,4267
1689018227665,-178710,4267
1689018227667,-178710,4267
1689018227669,-178710,4267
1689018227671,-178710,4267
1689018227674,-178710,4267
1689018227676,-178710,4267
1689018227678,-178710,4267
1689018227680,-178710,4267
1689018227682,-178710,4267
1689018227684,-178710,4267
1689018227686,-178710,4267
1689018227688,-178710,4267
1689018227690,-178710,4267
1689018227693,-178710,4267
1689018227694,-178710,4267
1689018227696,-178710,4267
1689018227699,-178710,4267
1689018227701,-178710,4267
1689018227703,-178710,4267
1689018227705,-178710,4267
1689018227708,-178710,4267
1689018227710,-178710,4267
1689018227712,-178710,4267
1689018227714,-178710,4267
1689018227716,-178710,4267
1689018227718,-178710,4267
1689018227721,-178710,4267
1689018227723,-178710,4267
1689018227725,-178710,4267
1689018227727,-178710,4267
1689018227729,-178710,4267
1689018227731,-178710,4267
1689018227733,-178710,4267
1689018227735,-178710,4267
1689018227738,-178710,4267
1689018227740,-178710,4267
1689018227742,-178710,4267
1689018227745,-178710,4267
1689018227747,-178710,4267
1689018227749,-178710,4267
1689018227751,-178710,4267
1689018227753,-178710,4267
1689018227755,-178710,4267
1689018227757,-178710,4267
1689018227759,-178710,4267
1689018227761,-178710,4267
1689018227764,-178710,4267
1689018227765,-178710,4267
1689018227767,-178710,4267
1689018227769,-178710,4267
1689018227771,-178710,4267
1689018227774,-178710,4267
1689018227775,-178710,4267
1689018227777,-178710,4267
1689018227780,-178710,4267
1689018227782,-178710,4267
1689018227784,-178710,4267
1689018227786,-178710,4267
1689018227787,-178710,4267
1689018227789,-178710,4267
1689018227791,-178710,4267
1689018227793,-178710,4267
1689018227795,-178710,4267
1689018227797,-178710,4267
1689018227799,-178710,4267
1689018227802,-178710,4267
1689018227804,-178710,4267
1689018227806,-178710,4267
1689018227808,-178710,4267
1689018227811,-178710,4267
1689018227813,-178710,4267
1689018227815,-178710,4267
1689018227817,-178710,4267
1689018227820,-178710,4267
1689018227822,-178710,4267
1689018227824,-178710,4267
1689018227827,-178710,4267
1689018227829,-178710,4267
1689018227831,-178710,4267
1689018227833,-178710,4267
1689018227835,-178710,4267
1689018227838,-178710,4267
1689018227841,-178710,4267
1689018227843,-178710,4267
1689018227845,-178710,4267
1689018227848,-178710,4267
1689018227850,-178710,4267
1689018227852,-178710,4267
1689018227855,-178710,4267
1689018227857,-178710,4267
1689018227861,-178710,4267
1689018227864,-178710,4267
1689018227867,-178710,4267
1689018227869,-178710,4267
1689018227873,-178710,4267
1689018227877,-178710,4267
1689018227879,-178710,4267
1689018227883,-178710,4267
1689018227886,-178710,4267
1689018227888,-178710,4267
1689018227892,-178710,4267
1689018227895,-178710,4267
1689018227898,-178710,4267
1689018227901,-178710,4267
1689018227905,-178710,4267
1689018227908,-178710,4267
1689018227910,-178710,4267
1689018227914,-178710,4267
1689018227917,-178710,4267
1689018227919,-178710,4267
1689018227922,-178710,4267
1689018227925,-178710,4267
1689018227928,-178710,4267
1689018227932,-178710,4267
1689018227935,-178710,4267
1689018227939,-178710,4267
1689018227943,-178710,4267
1689018227946,-178710,4267
1689018227949,-178710,4267
1689018227952,-178710,4267
1689018227956,-178710,4267
1689018227959,-178710,4267
1689018227962,-178710,4267
1689018227965,-178710,4267
1689018227968,-178710,4267
1689018227970,-178710,4267
1689018227974,-178710,4267
1689018227976,-178710,4267
1689018227980,-178710,4267
1689018227984,-178710,4267
1689018227986,-178710,4267
1689018227989,-178710,4267
1689018227993,-178710,4267
1689018227996,-178710,4267
1689018227999,-178710,4267
1689018228004,-178710,4267
1689018228010,-178710,4267
1689018228015,-178710,4267
1689018228019,-178710,4267
1689018228027,-178710,4267
1689018228031,-178710,4267
1689018228034,-178710,4267
1689018228037,-178710,4267
1689018228039,-178710,4267
1689018228041,-178710,4267
1689018228043,-178710,4267
1689018228044,-178710,4267
1689018228046,-178710,4267
1689018228047,-178710,4267
1689018228049,-178710,4267
1689018228051,-178710,4267
1689018228053,-178710,4267
1689018228054,-178710,4267
1689018228057,-178710,4267
1689018228059,-178710,4267
1689018228061,-178710,4267
1689018228062,-178710,4267
1689018228064,-178710,4267
1689018228065,-178710,4267
1689018228067,-178710,4267
1689018228068,-178710,4267
1689018228070,-178710,4267
1689018228072,-178710,4267
1689018228074,-178710,4267
1689018228076,-178710,4267
1689018228078,-178710,4267
1689018228079,-178710,4267
1689018228081,-178710,4267
1689018228083,-178710,4267
1689018228084,-178710,4267
1689018228086,-178710,4267
1689018228087,-178710,4267
1689018228089,-178710,4267
1689018228091,-178710,4267
1689018228093,-178710,4267
1689018228095,-178710,4267
1689018228097,-178710,4267
1689018228099,-178710,4267
1689018228101,-178710,4267
1689018228103,-178710,4267
1689018228105,-178710,4267
1689018228106,-178710,4267
1689018228108,-178710,4267
1689018228110,-178710,4267
1689018228113,-178710,4267
1689018228117,-178710,4267
1689018228119,-178710,4267
1689018228122,-178710,4267
1689018228125,-178710,4267
1689018228128,-178710,4267
1689018228132,-178710,4267
1689018228135,-178710,4267
1689018228139,-178710,4267
1689018228141,-178710,4267
1689018228144,-178710,4267
1689018228147,-178710,4267
1689018228149,-178710,4267
1689018228152,-178710,4267
1689018228153,-178710,4267
1689018228155,-178710,4267
1689018228157,-178710,4267
1689018228160,-178710,4267
1689018228162,-178710,4267
1689018228164,-178710,4267
1689018228166,-178710,4267
1689018228168,-178710,4267
1689018228170,-178710,4267
1689018228173,-178710,4267
1689018228175,-178710,4267
1689018228177,-178710,4267
1689018228179,-178710,4267
1689018228181,-178710,4267
1689018228183,-178710,4267
1689018228184,-178710,4267
1689018228187,-178710,4267
1689018228188,-178710,4267
1689018228190,-178710,4267
1689018228193,-178710,4267
1689018228195,-178710,4267
1689018228197,-178710,4267
1689018228199,-178710,4267
1689018228202,-178710,4267
1689018228204,-178710,4267
1689018228208,-178710,4267
1689018228212,-178710,4267
1689018228215,-178710,4267
1689018228217,-178710,4267
1689018228219,-178710,4267
1689018228222,-178710,4267
1689018228224,-178710,4267
1689018228227,-178710,4267
1689018228229,-178710,4267
1689018228232,-178710,4267
1689018228234,-178710,4267
1689018228236,-178710,4267
1689018228238,-178710,4267
1689018228240,-178710,4267
1689018228242,-178710,4267
1689018228244,-178710,4267
1689018228246,-178710,4267
1689018228249,-178710,4267
1689018228251,-178710,4267
1689018228253,-178710,4267
1689018228256,-178710,4267
1689018228258,-178710,4267
1689018228260,-178710,4267
1689018228263,-178710,4267
1689018228265,-178710,4267
1689018228267,-178710,4267
1689018228269,-178710,4267
1689018228272,-178710,4267
1689018228274,-178710,4267
1689018228276,-178710,4267
1689018228278,-178710,4267
1689018228280,-178710,4267
1689018228282,-178710,4267
1689018228284,-178710,4267
1689018228286,-178710,4267
1689018228288,-178710,4267
1689018228291,-178710,4267
1689018228293,-178710,4267
1689018228296,-178710,4267
1689018228298,-178710,4267
1689018228301,-178710,4267
1689018228303,-178710,4267
1689018228305,-178710,4267
1689018228306,-178710,4267
1689018228308,-178710,4267
1689018228311,-178710,4267
1689018228313,-178710,4267
1689018228315,-178710,4267
1689018228317,-178710,4267
1689018228320,-178710,4267
1689018228322,-178710,4267
1689018228324,-178710,4267
1689018228326,-178710,4267
1689018228328,-178710,4267
1689018228330,-178710,4267
1689018228333,-178710,4267
1689018228335,-178710,4267
1689018228338,-178710,4267
1689018228340,-178710,4267
1689018228342,-178710,4267
1689018228344,-178710,4267
1689018228346,-178710,4267
1689018228348,-178710,4267
1689018228351,-178710,4267
1689018228354,-178710,4267
1689018228356,-178710,4267
1689018228358,-178710,4267
1689018228361,-178710,4267
1689018228363,-178710,4267
1689018228366,-178710,4267
1689018228369,-178710,4267
1689018228372,-178710,4267
1689018228375,-178710,4267
1689018228378,-178710,4267
1689018228381,-178710,4267
1689018228383,-178710,4267
1689018228386,-178710,4267
1689018228388,-178710,4267
1689018228392,-178710,4267
1689018228395,-178710,4267
1689018228398,-178710,4267
1689018228401,-178710,4267
1689018228403,-178710,4267
1689018228406,-178710,4267
1689018228409,-178710,4267
1689018228414,-178710,4267
1689018228417,-178710,4267
1689018228420,-178710,4267
1689018228422,-178710,4267
1689018228425,-178710,4267
1689018228427,-178710,4267
1689018228430,-178710,4267
1689018228433,-178710,4267
1689018228435,-178710,4267
1689018228438,-178710,4267
1689018228441,-178710,4267
1689018228444,-178710,4267
1689018228446,-178710,4267
1689018228449,-178710,4267
1689018228452,-178710,4267
1689018228456,-178710,4267
1689018228459,-178710,4267
1689018228462,-178710,4267
1689018228465,-178710,4267
1689018228467,-178710,4267
1689018228471,-178710,4267
1689018228474,-178710,4267
1689018228477,-178710,4267
1689018228479,-178710,4267
1689018228482,-178710,4267
1689018228485,-178710,4267
1689018228487,-178710,4267
1689018228491,-178710,4267
1689018228494,-178710,4267
1689018228498,-178710,4267
1689018228501,-178710,4267
1689018228505,-178710,4267
1689018228507,-178710,4267
1689018228510,-178710,4267
1689018228513,-178710,4267
1689018228515,-178710,4267
1689018228518,-178710,4267
1689018228521,-178710,4267
1689018228524,-178710,4267
1689018228527,-178710,4267
1689018228529,-178710,4267
1689018228535,-178710,4267
1689018228539,-178710,4267
1689018228543,-178710,4267
1689018228546,-178710,4267
1689018228548,-178710,4267
1689018228551,-178710,4267
1689018228554,-178710,4267
1689018228557,-178710,4267
1689018228561,-178710,4267
1689018228563,-178710,4267
1689018228566,-178710,4267
1689018228568,-178710,4267
1689018228572,-178710,4267
1689018228575,-178710,4267
1689018228577,-178710,4267
1689018228581,-178710,4267
1689018228583,-178710,4267
1689018228586,-178710,4267
1689018228589,-178710,4267
1689018228594,-178710,4267
1689018228597,-178710,4267
1689018228600,-178710,4267
1689018228602,-178710,4267
1689018228606,-178710,4267
1689018228608,-178710,4267
1689018228613,-178710,4267
1689018228617,-178710,4267
1689018228621,-178710,4267
1689018228624,-178710,4267
1689018228626,-178710,4267
1689018228629,-178710,4267
1689018228632,-178710,4267
1689018228635,-178710,4267
1689018228638,-178710,4267
1689018228641,-178710,4267
1689018228644,-178710,4267
1689018228646,-178710,4267
1689018228648,-178710,4267
1689018228650,-178710,4267
1689018228654,-178710,4267
1689018228657,-178710,4267
1689018228660,-178710,4267
1689018228663,-178710,4267
1689018228666,-178710,4267
1689018228668,-178710,4267
1689018228672,-178710,4267
1689018228675,-178710,4267
1689018228677,-178710,4267
1689018228681,-178710,4267
1689018228684,-178710,4267
1689018228687,-178710,4267
1689018228689,-178710,4267
1689018228693,-178710,4267
1689018228696,-178710,4267
1689018228699,-178710,4267
1689018228702,-178710,4267
1689018228705,-178710,4267
1689018228707,-178710,4267
1689018228710,-178710,4267
1689018228714,-178710,4267
1689018228716,-178710,4267
1689018228719,-178710,4267
1689018228722,-158691,4267
1689018228725,-158691,4267
1689018228727,-158691,4267
1689018228730,-158691,4267
1689018228733,-158691,4267
1689018228736,-158691,4267
1689018228738,-158691,4267
1689018228741,-158691,4267
1689018228743,-158691,4267
1689018228745,-158691,4267
1689018228747,-158691,4267
1689018228750,-158691,4267
1689018228752,-158691,4267
1689018228754,-158691,4267
1689018228756,-158691,4267
1689018228758,-158691,4267
1689018228760,-158691,4267
1689018228762,-158691,4267
1689018228764,-158691,4267
1689018228766,-158691,4267
1689018228768,-158691,4267
1689018228770,-158691,4267
1689018228773,-158691,4267
1689018228775,-158691,4267
1689018228777,-158691,4267
1689018228779,-158691,4267
1689018228781,-158691,4267
1689018228784,-158691,4267
1689018228786,-158691,4267
1689018228788,-158691,4267
1689018228790,-158691,4267
1689018228792,-158691,4267
1689018228794,-158691,4267
1689018228797,-158691,4267
1689018228799,-158691,4267
1689018228802,-158691,4267
1689018228804,-158691,4267
1689018228806,-158691,4267
1689018228808,-158691,4267
1689018228811,-158691,4267
1689018228813,-158691,4267
1689018228816,-158691,4267
1689018228818,-158691,4267
1689018228820,-158691,4267
1689018228823,-158691,4267
1689018228825,-158691,4267
1689018228827,-158691,4267
1689018228829,-158691,4267
1689018228832,-158691,4267
1689018228834,-158691,4267
1689018228836,-158691,4267
1689018228838,-158691,4267
1689018228841,-158691,4267
1689018228843,-158691,4267
1689018228846,-158691,4267
1689018228848,-158691,4267
1689018228850,-158691,4267
1689018228853,-158691,4267
1689018228855,-158691,4267
1689018228858,-158691,4267
1689018228860,-158691,4267
1689018228862,-158691,4267
1689018228864,-158691,4267
1689018228866,-158691,4267
1689018228868,-158691,4267
1689018228871,-158691,4267
1689018228873,-158691,4267
1689018228875,-158691,4267
1689018228877,-158691,4267
1689018228879,-158691,4267
1689018228882,-158691,4267
1689018228884,-158691,4267
1689018228886,-158691,4267
1689018228888,-158691,4267
1689018228892,-158691,4267
1689018228894,-158691,4267
1689018228896,-158691,4267
1689018228898,-158691,4267
1689018228901,-158691,4267
1689018228903,-158691,4267
1689018228905,-158691,4267
1689018228907,-158691,4267
1689018228909,-158691,4267
1689018228912,-158691,4267
1689018228914,-158691,4267
1689018228916,-158691,4267
1689018228918,-158691,4267
1689018228921,-158691,4267
1689018228923,-158691,4267
1689018228925,-158691,4267
1689018228927,-158691,4267
1689018228929,-158691,4267
1689018228932,-158691,4267
1689018228934,-158691,4267
1689018228936,-158691,4267
1689018228938,-158691,4267
1689018228941,-158691,4267
1689018228943,-158691,4267
1689018228945,-158691,4267
1689018228947,-158691,4267
1689018228949,-158691,4267
1689018228952,-158691,4267
1689018228954,-158691,4267
1689018228956,-158691,4267
1689018228959,-158691,4267
1689018228961,-158691,4267
1689018228963,-158691,4267
1689018228965,-158691,4267
1689018228967,-158691,4267
1689018228969,-158691,4267
1689018228972,-158691,4267
1689018228974,-158691,4267
1689018228976,-158691,4267
1689018228978,-158691,4267
1689018228979,-158691,4267
1689018228982,-158691,4267
1689018228984,-158691,4267
1689018228985,-158691,4267
1689018228987,-158691,4267
1689018228989,-158691,4267
1689018228992,-158691,4267
1689018228994,-158691,4267
1689018228995,-158691,4267
1689018228997,-158691,4267
1689018228998,-158691,4267
1689018228999,-158691,4267
1689018229001,-158691,4267
1689018229002,-158691,4267
1689018229004,-158691,4267
1689018229005,-158691,4267
1689018229007,-158691,4267
1689018229008,-158691,4267
1689018229010,-158691,4267
1689018229012,-158691,4267
1689018229013,-158691,4267
1689018229015,-158691,4267
1689018229016,-158691,4267
1689018229018,-158691,4267
1689018229020,-158691,4267
1689018229021,-158691,4267
1689018229023,-158691,4267
1689018229024,-158691,4267
1689018229025,-158691,4267
1689018229027,-158691,4267
1689018229029,-158691,4267
1689018229032,-158691,4267
1689018229035,-158691,4267
1689018229039,-158691,4267
1689018229043,-158691,4267
1689018229046,-158691,4267
1689018229049,-158691,4267
1689018229053,-158691,4267
1689018229057,-158691,4267
1689018229060,-158691,4267
1689018229063,-158691,4267
1689018229066,-158691,4267
1689018229068,-158691,4267
1689018229071,-158691,4267
1689018229074,-158691,4267
1689018229077,-158691,4267
1689018229079,-158691,4267
1689018229082,-158691,4267
1689018229085,-158691,4267
1689018229087,-158691,4267
1689018229090,-158691,4267
1689018229093,-158691,4267
1689018229096,-158691,4267
1689018229099,-158691,4267
1689018229103,-158691,4267
1689018229105,-158691,4267
1689018229108,-158691,4267
1689018229111,-158691,4267
1689018229114,-158691,4267
1689018229117,-158691,4267
1689018229120,-158691,4267
1689018229123,-158691,4267
1689018229126,-158691,4267
1689018229129,-158691,4267
1689018229133,-158691,4267
1689018229136,-158691,4267
1689018229139,-158691,4267
1689018229142,-158691,4267
1689018229145,-158691,4267
1689018229148,-158691,4267
1689018229152,-158691,4267
1689018229154,-158691,4267
1689018229157,-158691,4267
1689018229160,-158691,4267
1689018229162,-158691,4267
1689018229165,-158691,4267
1689018229168,-158691,4267
1689018229171,-158691,4267
1689018229175,-158691,4267
1689018229178,-158691,4267
1689018229180,-158691,4267
1689018229183,-158691,4267
1689018229185,-158691,4267
1689018229188,-158691,4267
1689018229191,-158691,4267
1689018229194,-158691,4267
1689018229197,-158691,4267
1689018229199,-158691,4267
1689018229202,-158691,4267
1689018229205,-158691,4267
1689018229207,-158691,4267
1689018229211,-158691,4267
1689018229215,-158691,4267
1689018229217,-158691,4267
1689018229221,-158691,4267
1689018229223,-158691,4267
1689018229226,-158691,4267
1689018229229,-158691,4267
1689018229232,-158691,4267
1689018229235,-158691,4267
1689018229238,-158691,4267
1689018229241,-158691,4267
1689018229244,-158691,4267
1689018229247,-158691,4267
1689018229250,-158691,4267
1689018229254,-158691,4267
1689018229257,-158691,4267
1689018229260,-158691,4267
1689018229263,-158691,4267
1689018229266,-158691,4267
1689018229269,-158691,4267
1689018229272,-158691,4267
1689018229274,-158691,4267
1689018229276,-158691,4267
1689018229279,-158691,4267
1689018229282,-158691,4267
1689018229285,-158691,4267
1689018229288,-158691,4267
1689018229293,-158691,4267
1689018229296,-158691,4267
1689018229299,-158691,4267
1689018229302,-158691,4267
1689018229305,-158691,4267
1689018229307,-158691,4267
1689018229310,-158691,4267
1689018229313,-158691,4267
1689018229316,-158691,4267
1689018229318,-158691,4267
1689018229321,-158691,4267
1689018229325,-158691,4267
1689018229328,-158691,4267
1689018229332,-158691,4267
1689018229335,-158691,4267
1689018229338,-158691,4267
1689018229341,-158691,4267
1689018229344,-158691,4267
1689018229347,-158691,4267
1689018229349,-158691,4267
1689018229352,-158691,4267
1689018229355,-158691,4267
1689018229357,-158691,4267
1689018229360,-158691,4267
1689018229363,-158691,4267
1689018229366,-158691,4267
1689018229368,-158691,4267
1689018229372,-158691,4267
1689018229376,-158691,4267
1689018229378,-158691,4267
1689018229381,-158691,4267
1689018229384,-158691,4267
1689018229387,-158691,4267
1689018229390,-158691,4267
1689018229393,-158691,4267
1689018229396,-158691,4267
1689018229399,-158691,4267
1689018229401,-158691,4267
1689018229404,-158691,4267
1689018229407,-158691,4267
1689018229411,-158691,4267
1689018229414,-158691,4267
1689018229417,-158691,4267
1689018229419,-158691,4267
1689018229422,-158691,4267
1689018229425,-158691,4267
1689018229428,-158691,4267
1689018229431,-158691,4267
1689018229434,-158691,4267
1689018229437,-158691,4267
1689018229440,-158691,4267
1689018229443,-158691,4267
1689018229445,-158691,4267
1689018229448,-158691,4267
1689018229452,-158691,4267
1689018229455,-158691,4267
1689018229458,-158691,4267
1689018229461,-158691,4267
1689018229464,-158691,4267
1689018229467,-158691,4267
1689018229470,-158691,4267
1689018229473,-158691,4267
1689018229476,-158691,4267
1689018229479,-158691,4267
1689018229481,-158691,4267
1689018229484,-158691,4267
1689018229487,-158691,4267
1689018229490,-158691,4267
1689018229494,-158691,4267
1689018229497,-158691,4267
1689018229499,-158691,4267
1689018229502,-158691,4267
1689018229505,-158691,4267
1689018229508,-158691,4267
1689018229511,-158691,4267
1689018229514,-158691,4267
1689018229517,-158691,4267
1689018229522,-158691,4267
1689018229526,-158691,4267
1689018229528,-158691,4267
1689018229532,-158691,4267
1689018229535,-158691,4267
1689018229538,-158691,4267
1689018229542,-158691,4267
1689018229546,-158691,4267
1689018229549,-158691,4267
1689018229554,-158691,4267
1689018229557,-158691,4267
1689018229560,-158691,4267
1689018229563,-158691,4267
1689018229567,-158691,4267
1689018229572,-158691,4267
1689018229576,-158691,4267
1689018229579,-158691,4267
1689018229582,-158691,4267
1689018229585,-158691,4267
1689018229588,-158691,4267
1689018229591,-158691,4267
1689018229595,-158691,4267
1689018229597,-158691,4267
1689018229600,-158691,4267
1689018229603,-158691,4267
1689018229606,-158691,4267
1689018229611,-158691,4267
1689018229615,-158691,4267
1689018229618,-158691,4267
1689018229620,-158691,4267
1689018229623,-158691,4267
1689018229626,-158691,4267
1689018229628,-158691,4267
1689018229631,-158691,4267
1689018229634,-158691,4267
1689018229637,-158691,4267
1689018229639,-158691,4267
1689018229643,-158691,4267
1689018229646,-158691,4267
1689018229649,-158691,4267
1689018229653,-158691,4267
1689018229656,-158691,4267
1689018229658,-158691,4267
1689018229661,-158691,4267
1689018229664,-158691,4267
1689018229666,-158691,4267
1689018229668,-158691,4267
1689018229671,-158691,4267
1689018229675,-158691,4267
1689018229677,-158691,4267
1689018229680,-158691,4267
1689018229684,-158691,4267
1689018229687,-158691,4267
1689018229690,-158691,4267
1689018229693,-158691,4267
1689018229696,-158691,4267
1689018229699,-158691,4267
1689018229702,-158691,4267
1689018229705,-158691,4267
1689018229708,-158691,4267
1689018229711,-158691,4267
1689018229714,-158691,4267
1689018229717,-158691,4267
1689018229719,-158691,4267
1689018229722,-158691,4267
1689018229725,-158691,4267
1689018229728,-158691,4267
1689018229732,-158691,4267
1689018229735,-158691,4267
1689018229738,-158691,4267
1689018229741,-158691,4267
1689018229744,-158691,4267
1689018229747,-158691,4267
1689018229749,-158691,4267
1689018229752,-158691,4267
1689018229755,-158691,4267
1689018229758,-158691,4267
1689018229761,-158691,4267
1689018229765,-158691,4267
1689018229769,-158691,4267
1689018229774,-158691,4267
1689018229778,-158691,4267
1689018229781,-158691,4267
1689018229784,-158691,4267
1689018229787,-158691,4267
1689018229789,-158691,4267
1689018229794,-158691,4267
1689018229797,-158691,4267
1689018229799,-158691,4267
1689018229803,-158691,4267
1689018229805,-158691,4267
1689018229808,-158691,4267
1689018229811,-158691,4267
1689018229814,-158691,4267
1689018229817,-158691,4267
1689018229819,-158691,4267
1689018229822,-158691,4267
1689018229825,-158691,4267
1689018229828,-158691,4267
1689018229831,-158691,4267
1689018229837,-158691,4267
1689018229844,-158691,4267
1689018229854,-158691,4267
1689018229857,-158691,4267
1689018229859,-158691,4267
1689018229861,-158691,4267
1689018229863,-158691,4267
1689018229865,-158691,4267
1689018229867,-158691,4267
1689018229869,-158691,4267
1689018229873,-158691,4267
1689018229875,-158691,4267
1689018229876,-158691,4267
1689018229878,-158691,4267
1689018229879,-158691,4267
1689018229881,-158691,4267
1689018229883,-158691,4267
1689018229884,-158691,4267
1689018229886,-158691,4267
1689018229887,-158691,4267
1689018229889,-158691,4267
1689018229891,-158691,4267
1689018229892,-158691,4267
1689018229894,-158691,4267
1689018229895,-158691,4267
1689018229897,-158691,4267
1689018229898,-158691,4267
1689018229900,-158691,4267
1689018229902,-158691,4267
1689018229904,-158691,4267
1689018229905,-158691,4267
1689018229907,-158691,4267
1689018229909,-158691,4267
1689018229911,-158691,4267
1689018229913,-158691,4267
1689018229916,-158691,4267
1689018229918,-158691,4267
1689018229919,-158691,4267
1689018229922,-158691,4267
1689018229924,-158691,4267
1689018229926,-158691,4267
1689018229929,-158691,4267
1689018229931,-158691,4267
1689018229934,-158691,4267
1689018229936,-158691,4267
1689018229938,-158691,4267
1689018229941,-158691,4267
1689018229943,-158691,4267
1689018229946,-158691,4267
1689018229948,-158691,4267
1689018229950,-158691,4267
1689018229952,-158691,4267
1689018229954,-158691,4267
1689018229957,-158691,4267
1689018229959,-158691,4267
1689018229961,-158691,4267
1689018229964,-158691,4267
1689018229966,-158691,4267
1689018229969,-158691,4267
1689018229971,-158691,4267
1689018229973,-158691,4267
1689018229976,-158691,4267
1689018229978,-158691,4267
1689018229980,-158691,4267
1689018229983,-158691,4267
1689018229985,-158691,4267
1689018229987,-158691,4267
1689018229989,-158691,4267
1689018229992,-158691,4267
1689018229994,-158691,4267
1689018229996,-158691,4267
1689018229998,-158691,4267
1689018230000,-158691,4267
1689018230002,-158691,4267
1689018230005,-158691,4267
1689018230007,-158691,4267
1689018230018,-158691,4267
1689018230022,-158691,4267
1689018230026,-158691,4267
1689018230030,-158691,4267
1689018230035,-158691,4267
1689018230043,-158691,4267
1689018230047,-158691,4267
1689018230051,-158691,4267
1689018230058,-158691,4267
1689018230062,-158691,4267
1689018230067,-158691,4267
1689018230070,-158691,4267
1689018230072,-158691,4267
1689018230074,-158691,4267
1689018230075,-158691,4267
1689018230077,-158691,4267
1689018230079,-158691,4267
1689018230080,-158691,4267
1689018230082,-158691,4267
1689018230084,-158691,4267
1689018230086,-158691,4267
1689018230088,-158691,4267
1689018230090,-158691,4267
1689018230093,-158691,4267
1689018230095,-158691,4267
1689018230097,-158691,4267
1689018230099,-158691,4267
1689018230102,-158691,4267
1689018230105,-158691,4267
1689018230108,-158691,4267
1689018230111,-158691,4267
1689018230114,-158691,4267
1689018230117,-158691,4267
1689018230120,-158691,4267
1689018230123,-158691,4267
1689018230126,-158691,4267
1689018230130,-158691,4267
1689018230133,-158691,4267
1689018230135,-158691,4267
1689018230138,-158691,4267
1689018230141,-158691,4267
1689018230144,-158691,4267
1689018230146,-158691,4267
1689018230149,-158691,4267
1689018230154,-158691,4267
1689018230157,-158691,4267
1689018230159,-158691,4267
1689018230163,-158691,4267
1689018230167,-158691,4267
1689018230172,-158691,4267
1689018230174,-158691,4267
1689018230177,-158691,4267
1689018230181,-158691,4267
1689018230184,-158691,4267
1689018230187,-158691,4267
1689018230190,-212402,4267
1689018230192,-212402,4267
1689018230195,-212402,4267
1689018230197,-212402,4267
1689018230201,-212402,4267
1689018230204,-212402,4267
1689018230207,-212402,4267
1689018230210,-212402,4267
1689018230213,-212402,4267
1689018230216,-212402,4267
1689018230218,-212402,4267
1689018230222,-212402,4267
1689018230224,-212402,4267
1689018230227,-212402,4267
1689018230230,-212402,4267
1689018230232,-212402,4267
1689018230235,-212402,4267
1689018230238,-212402,4267
1689018230241,-212402,4267
1689018230244,-212402,4267
1689018230247,-212402,4267
1689018230250,-212402,4267
1689018230253,-212402,4267
1689018230255,-212402,4267
1689018230258,-212402,4267
1689018230261,-212402,4267
1689018230264,-212402,4267
1689018230267,-212402,4267
1689018230270,-212402,4267
1689018230273,-212402,4267
1689018230276,-212402,4267
1689018230279,-212402,4267
1689018230282,-212402,4267
1689018230287,-212402,4267
1689018230290,-212402,4267
1689018230293,-212402,4267
1689018230295,-212402,4267
1689018230298,-212402,4267
1689018230302,-212402,4267
1689018230305,-212402,4267
1689018230308,-212402,4267
1689018230311,-212402,4267
1689018230313,-212402,4267
1689018230316,-212402,4267
1689018230318,-212402,4267
1689018230322,-212402,4267
1689018230326,-212402,4267
1689018230329,-212402,4267
1689018230332,-212402,4267
1689018230336,-212402,4267
1689018230338,-212402,4267
1689018230342,-212402,4267
1689018230345,-212402,4267
1689018230349,-212402,4267
1689018230354,-212402,4267
1689018230357,-212402,4267
1689018230363,-212402,4267
1689018230367,-212402,4267
1689018230372,-212402,4267
1689018230375,-212402,4267
1689018230377,-212402,4267
1689018230380,-212402,4267
1689018230382,-212402,4267
1689018230385,-212402,4267
1689018230387,-212402,4267
1689018230390,-212402,4267
1689018230394,-212402,4267
1689018230396,-212402,4267
1689018230398,-212402,4267
1689018230401,-212402,4267
1689018230404,-212402,4267
1689018230406,-212402,4267
1689018230409,-212402,4267
1689018230412,-212402,4267
1689018230415,-212402,4267
1689018230418,-212402,4267
1689018230422,-212402,4267
1689018230424,-212402,4267
1689018230427,-212402,4267
1689018230429,-212402,4267
1689018230433,-212402,4267
1689018230436,-212402,4267
1689018230438,-212402,4267
1689018230441,-212402,4267
1689018230445,-212402,4267
1689018230448,-212402,4267
1689018230452,-212402,4267
1689018230455,-212402,4267
1689018230457,-212402,4267
1689018230460,-212402,4267
1689018230462,-212402,4267
1689018230465,-212402,4267
1689018230468,-212402,4267
1689018230471,-212402,4267
1689018230474,-212402,4267
1689018230477,-212402,4267
1689018230480,-212402,4267
1689018230485,-212402,4267
1689018230488,-212402,4267
1689018230491,-212402,4267
1689018230494,-212402,4267
1689018230497,-212402,4267
1689018230500,-212402,4267
1689018230502,-212402,4267
1689018230505,-212402,4267
1689018230507,-212402,4267
1689018230512,-212402,4267
1689018230515,-212402,4267
1689018230518,-212402,4267
1689018230521,-212402,4267
1689018230525,-212402,4267
1689018230528,-212402,4267
1689018230531,-212402,4267
1689018230534,-212402,4267
1689018230537,-212402,4267
1689018230540,-212402,4267
1689018230544,-212402,4267
1689018230547,-212402,4267
1689018230549,-212402,4267
1689018230552,-212402,4267
1689018230555,-212402,4267
1689018230557,-212402,4267
1689018230561,-212402,4267
1689018230566,-212402,4267
1689018230569,-212402,4267
1689018230572,-212402,4267
1689018230575,-212402,4267
1689018230577,-212402,4267
1689018230581,-212402,4267
1689018230584,-212402,4267
1689018230586,-212402,4267
1689018230589,-212402,4267
1689018230593,-212402,4267
1689018230597,-212402,4267
1689018230599,-212402,4267
1689018230603,-212402,4267
1689018230606,-212402,4267
1689018230608,-212402,4267
1689018230612,-212402,4267
1689018230615,-212402,4267
1689018230618,-212402,4267
1689018230621,-212402,4267
1689018230624,-212402,4267
1689018230627,-212402,4267
1689018230630,-212402,4267
1689018230633,-212402,4267
1689018230636,-212402,4267
1689018230638,-212402,4267
1689018230642,-212402,4267
1689018230645,-212402,4267
1689018230648,-212402,4267
1689018230652,-212402,4267
1689018230655,-212402,4267
1689018230658,-212402,4267
1689018230661,-212402,4267
1689018230663,-212402,4267
1689018230666,-212402,4267
1689018230669,-212402,4267
1689018230672,-212402,4267
1689018230676,-212402,4267
1689018230678,-212402,4267
1689018230682,-212402,4267
1689018230685,-212402,4267
1689018230688,-212402,4267
1689018230693,-212402,4267
1689018230696,-212402,4267
1689018230699,-212402,4267
1689018230702,-212402,4267
1689018230705,-212402,4267
1689018230707,-212402,4267
1689018230710,-212402,4267
1689018230713,-212402,4267
1689018230716,-212402,4267
1689018230718,-212402,4267
1689018230722,-212402,4267
1689018230726,-212402,4267
1689018230728,-212402,4267
1689018230732,-212402,4267
1689018230735,-212402,4267
1689018230738,-212402,4267
1689018230741,-212402,4267
1689018230744,-212402,4267
1689018230747,-212402,4267
1689018230749,-212402,4267
1689018230753,-212402,4267
1689018230756,-212402,4267
1689018230759,-212402,4267
1689018230762,-212402,4267
1689018230765,-212402,4267
1689018230768,-212402,4267
1689018230771,-212402,4267
1689018230774,-212402,4267
1689018230776,-212402,4267
1689018230779,-212402,4267
1689018230784,-212402,4267
1689018230787,-212402,4267
1689018230789,-212402,4267
1689018230793,-212402,4267
1689018230796,-212402,4267
1689018230798,-212402,4267
1689018230802,-212402,4267
1689018230805,-212402,4267
1689018230808,-212402,4267
1689018230812,-212402,4267
1689018230815,-212402,4267
1689018230818,-212402,4267
1689018230821,-212402,4267
1689018230823,-212402,4267
1689018230826,-212402,4267
1689018230828,-212402,4267
1689018230831,-212402,4267
1689018230834,-212402,4267
1689018230837,-212402,4267
1689018230840,-212402,4267
1689018230844,-212402,4267
1689018230847,-212402,4267
1689018230850,-212402,4267
1689018230853,-212402,4267
1689018230856,-212402,4267
1689018230861,-212402,4267
1689018230866,-212402,4267
1689018230869,-212402,4267
1689018230873,-212402,4267
1689018230876,-212402,4267
1689018230878,-212402,4267
1689018230882,-212402,4267
1689018230886,-212402,4267
1689018230889,-212402,4267
1689018230892,-212402,4267
1689018230895,-212402,4267
1689018230898,-212402,4267
1689018230901,-212402,4267
1689018230903,-212402,4267
1689018230905,-212402,4267
1689018230908,-212402,4267
1689018230911,-212402,4267
1689018230915,-212402,4267
1689018230917,-212402,4267
1689018230920,-212402,4267
1689018230924,-212402,4267
1689018230927,-212402,4267
1689018230929,-212402,4267
1689018230933,-212402,4267
1689018230937,-212402,4267
1689018230939,-212402,4267
1689018230942,-212402,4267
1689018230945,-212402,4267
1689018230948,-212402,4267
1689018230951,-212402,4267
1689018230953,-212402,4267
1689018230956,-212402,4267
1689018230958,-212402,4267
1689018230963,-212402,4267
1689018230966,-212402,4267
1689018230969,-212402,4267
1689018230972,-212402,4267
1689018230974,-212402,4267
1689018230975,-212402,4267
1689018230977,-212402,4267
1689018230979,-212402,4267
1689018230982,-212402,4267
1689018230984,-212402,4267
1689018230986,-212402,4267
1689018230987,-212402,4267
1689018230991,-212402,4267
1689018230993,-212402,4267
1689018230995,-212402,4267
1689018230998,-212402,4267
1689018231001,-212402,4267
1689018231004,-212402,4267
1689018231006,-212402,4267
1689018231008,-212402,4267
1689018231011,-212402,4267
1689018231012,-212402,4267
1689018231015,-212402,4267
1689018231017,-212402,4267
1689018231019,-212402,4267
1689018231021,-212402,4267
1689018231024,-212402,4267
1689018231026,-212402,4267
1689018231028,-212402,4267
1689018231029,-212402,4267
1689018231032,-212402,4267
1689018231034,-212402,4267
1689018231036,-212402,4267
1689018231038,-212402,4267
1689018231041,-212402,4267
1689018231043,-212402,4267
1689018231045,-212402,4267
1689018231047,-212402,4267
1689018231050,-212402,4267
1689018231052,-212402,4267
1689018231054,-212402,4267
1689018231056,-212402,4267
1689018231058,-212402,4267
1689018231060,-212402,4267
1689018231062,-212402,4267
1689018231064,-212402,4267
1689018231066,-212402,4267
1689018231068,-212402,4267
1689018231071,-212402,4267
1689018231073,-212402,4267
1689018231075,-212402,4267
1689018231077,-212402,4267
1689018231079,-212402,4267
1689018231086,-212402,4267
1689018231089,-212402,4267
1689018231093,-212402,4267
1689018231096,-212402,4267
1689018231098,-212402,4267
1689018231101,-212402,4267
1689018231103,-212402,4267
1689018231105,-212402,4267
1689018231107,-212402,4267
1689018231111,-212402,4267
1689018231114,-212402,4267
1689018231116,-212402,4267
1689018231118,-212402,4267
1689018231120,-212402,4267
1689018231122,-212402,4267
1689018231124,-212402,4267
1689018231125,-212402,4267
1689018231127,-212402,4267
1689018231128,-212402,4267
1689018231131,-212402,4267
1689018231133,-212402,4267
1689018231134,-212402,4267
1689018231136,-212402,4267
1689018231137,-212402,4267
1689018231138,-212402,4267
1689018231140,-212402,4267
1689018231142,-212402,4267
1689018231144,-212402,4267
1689018231145,-212402,4267
1689018231146,-212402,4267
1689018231148,-212402,4267
1689018231149,-212402,4267
1689018231151,-212402,4267
1689018231153,-212402,4267
1689018231155,-212402,4267
1689018231157,-212402,4267
1689018231158,-212402,4267
1689018231161,-212402,4267
1689018231162,-212402,4267
1689018231164,-212402,4267
1689018231166,-212402,4267
1689018231168,-212402,4267
1689018231169,-212402,4267
1689018231172,-212402,4267
1689018231174,-212402,4267
1689018231175,-212402,4267
1689018231177,-212402,4267
1689018231179,-212402,4267
1689018231181,-212402,4267
1689018231183,-212402,4267
1689018231185,-212402,4267
1689018231187,-212402,4267
1689018231189,-212402,4267
1689018231191,-212402,4267
1689018231193,-212402,4267
1689018231195,-212402,4267
1689018231197,-212402,4267
1689018231199,-212402,4267
1689018231201,-212402,4267
1689018231203,-212402,4267
1689018231205,-212402,4267
1689018231207,-212402,4267
1689018231209,-212402,4267
1689018231212,-212402,4267
1689018231215,-212402,4267
1689018231218,-212402,4267
1689018231220,-212402,4267
1689018231222,-212402,4267
1689018231225,-212402,4267
1689018231227,-212402,4267
1689018231229,-212402,4267
1689018231232,-212402,4267
1689018231235,-212402,4267
1689018231237,-212402,4267
1689018231242,-212402,4267
1689018231245,-212402,4267
1689018231248,-212402,4267
1689018231251,-212402,4267
1689018231254,-212402,4267
1689018231256,-212402,4267
1689018231259,-212402,4267
1689018231263,-212402,4267
1689018231265,-212402,4267
1689018231267,-212402,4267
1689018231268,-212402,4267
1689018231271,-212402,4267
1689018231272,-212402,4267
1689018231274,-212402,4267
1689018231276,-212402,4267
1689018231279,-212402,4267
1689018231281,-212402,4267
1689018231285,-212402,4267
1689018231288,-212402,4267
1689018231291,-212402,4267
1689018231294,-212402,4267
1689018231297,-212402,4267
1689018231299,-212402,4267
1689018231303,-212402,4267
1689018231306,-212402,4267
1689018231308,-212402,4267
1689018231312,-212402,4267
1689018231315,-212402,4267
1689018231317,-212402,4267
1689018231319,-212402,4267
1689018231322,-212402,4267
1689018231324,-212402,4267
1689018231326,-212402,4267
1689018231328,-212402,4267
1689018231330,-212402,4267
1689018231332,-212402,4267
1689018231334,-212402,4267
1689018231337,-212402,4267
1689018231340,-212402,4267
1689018231343,-212402,4267
1689018231346,-212402,4267
1689018231349,-212402,4267
1689018231352,-212402,4267
1689018231356,-212402,4267
1689018231363,-212402,4267
1689018231367,-212402,4267
1689018231372,-212402,4267
1689018231376,-212402,4267
1689018231380,-212402,4267
1689018231383,-212402,4267
1689018231387,-212402,4267
1689018231391,-212402,4267
1689018231393,-212402,4267
1689018231396,-212402,4267
1689018231398,-212402,4267
1689018231401,-212402,4267
1689018231404,-212402,4267
1689018231406,-212402,4267
1689018231407,-212402,4267
1689018231409,-212402,4267
1689018231412,-212402,4267
1689018231414,-212402,4267
1689018231416,-212402,4267
1689018231418,-212402,4267
1689018231420,-212402,4267
1689018231423,-212402,4267
1689018231426,-212402,4267
1689018231427,-212402,4267
1689018231429,-212402,4267
1689018231430,-212402,4267
1689018231432,-212402,4267
1689018231434,-212402,4267
1689018231435,-212402,4267
1689018231437,-212402,4267
1689018231439,-212402,4267
1689018231441,-212402,4267
1689018231443,-212402,4267
1689018231445,-212402,4267
1689018231447,-212402,4267
1689018231448,-212402,4267
1689018231450,-212402,4267
1689018231452,-212402,4267
1689018231453,-212402,4267
1689018231455,-212402,4267
1689018231457,-212402,4267
1689018231459,-212402,4267
1689018231460,-212402,4267
1689018231462,-212402,4267
1689018231464,-212402,4267
1689018231466,-212402,4267
1689018231467,-212402,4267
1689018231469,-212402,4267
1689018231472,-212402,4267
1689018231475,-212402,4267
1689018231478,-212402,4267
1689018231482,-212402,4267
1689018231485,-212402,4267
1689018231488,-212402,4267
1689018231490,-212402,4267
1689018231493,-212402,4267
1689018231496,-212402,4267
1689018231499,-212402,4267
1689018231502,-212402,4267
1689018231505,-212402,4267
1689018231508,-212402,4267
1689018231510,-212402,4267
1689018231513,-212402,4267
1689018231516,-212402,4267
1689018231518,-212402,4267
1689018231521,-212402,4267
1689018231525,-212402,4267
1689018231527,-212402,4267
1689018231529,-212402,4267
1689018231532,-212402,4267
1689018231535,-212402,4267
1689018231538,-212402,4267
1689018231540,-212402,4267
1689018231544,-212402,4267
1689018231547,-212402,4267
1689018231549,-212402,4267
1689018231553,-212402,4267
1689018231556,-212402,4267
1689018231559,-212402,4267
1689018231563,-212402,4267
1689018231565,-212402,4267
1689018231568,-212402,4267
1689018231571,-212402,4267
1689018231574,-212402,4267
1689018231577,-212402,4267
1689018231579,-212402,4267
1689018231582,-212402,4267
1689018231585,-212402,4267
1689018231588,-212402,4267
1689018231592,-212402,4267
1689018231595,-212402,4267
1689018231599,-212402,4267
1689018231603,-212402,4267
1689018231605,-212402,4267
1689018231608,-212402,4267
1689018231611,-212402,4267
1689018231614,-212402,4267
1689018231617,-212402,4267
1689018231619,-212402,4267
1689018231622,-212402,4267
1689018231625,-212402,4267
1689018231627,-212402,4267
1689018231630,-212402,4267
1689018231633,-212402,4267
1689018231636,-212402,4267
1689018231640,-212402,4267
1689018231643,-212402,4267
1689018231646,-212402,4267
1689018231649,-212402,4267
1689018231652,-212402,4267
1689018231655,-161621,4267
1689018231658,-161621,4267
1689018231660,-161621,4267
1689018231663,-161621,4267
1689018231666,-161621,4267
1689018231669,-161621,4267
1689018231673,-161621,4267
1689018231677,-161621,4267
1689018231682,-161621,4267
1689018231685,-161621,4267
1689018231688,-161621,4267
1689018231691,-161621,4267
1689018231694,-161621,4267
1689018231696,-161621,4267
1689018231699,-161621,4267
1689018231702,-161621,4267
1689018231705,-161621,4267
1689018231707,-161621,4267
1689018231710,-161621,4267
1689018231714,-161621,4267
1689018231717,-161621,4267
1689018231720,-161621,4267
1689018231724,-161621,4267
1689018231727,-161621,4267
1689018231729,-161621,4267
1689018231733,-161621,4267
1689018231735,-161621,4267
1689018231738,-161621,4267
1689018231742,-161621,4267
1689018231745,-161621,4267
1689018231747,-161621,4267
1689018231750,-161621,4267
1689018231753,-161621,4267
1689018231756,-161621,4267
1689018231759,-161621,4267
1689018231762,-161621,4267
1689018231765,-161621,4267
1689018231768,-161621,4267
1689018231770,-161621,4267
1689018231773,-161621,4267
1689018231776,-161621,4267
1689018231778,-161621,4267
1689018231781,-161621,4267
1689018231784,-161621,4267
1689018231787,-161621,4267
1689018231790,-161621,4267
1689018231793,-161621,4267
1689018231796,-161621,4267
1689018231801,-161621,4267
1689018231804,-161621,4267
1689018231807,-161621,4267
1689018231810,-161621,4267
1689018231813,-161621,4267
1689018231815,-161621,4267
1689018231818,-161621,4267
1689018231820,-161621,4267
1689018231823,-161621,4267
1689018231826,-161621,4267
1689018231828,-161621,4267
1689018231832,-161621,4267
1689018231835,-161621,4267
1689018231839,-161621,4267
1689018231842,-161621,4267
1689018231845,-161621,4267
1689018231848,-161621,4267
1689018231852,-161621,4267
1689018231854,-161621,4267
1689018231857,-161621,4267
1689018231859,-161621,4267
1689018231862,-161621,4267
1689018231865,-161621,4267
1689018231868,-161621,4267
1689018231872,-161621,4267
1689018231875,-161621,4267
1689018231878,-161621,4267
1689018231881,-161621,4267
1689018231884,-161621,4267
1689018231887,-161621,4267
1689018231889,-161621,4267
1689018231893,-161621,4267
1689018231896,-161621,4267
1689018231898,-161621,4267
1689018231901,-161621,4267
1689018231904,-161621,4267
1689018231907,-161621,4267
1689018231909,-161621,4267
1689018231913,-161621,4267
1689018231915,-161621,4267
1689018231918,-161621,4267
1689018231921,-161621,4267
1689018231924,-161621,4267
1689018231927,-161621,4267
1689018231930,-161621,4267
1689018231933,-161621,4267
1689018231936,-161621,4267
1689018231938,-161621,4267
1689018231941,-161621,4267
1689018231944,-161621,4267
1689018231946,-161621,4267
1689018231949,-161621,4267
1689018231952,-161621,4267
1689018231955,-161621,4267
1689018231958,-161621,4267
1689018231962,-161621,4267
1689018231965,-161621,4267
1689018231968,-161621,4267
1689018231972,-161621,4267
1689018231975,-161621,4267
1689018231978,-161621,4267
1689018231981,-161621,4267
1689018231984,-161621,4267
1689018231987,-161621,4267
1689018231990,-161621,4267
1689018231993,-161621,4267
1689018231997,-161621,4267
1689018232001,-161621,4267
1689018232004,-161621,4267
1689018232006,-161621,4267
1689018232009,-161621,4267
1689018232012,-161621,4267
1689018232015,-161621,4267
1689018232018,-161621,4267
1689018232021,-161621,4267
1689018232024,-161621,4267
1689018232026,-161621,4267
1689018232029,-161621,4267
1689018232033,-161621,4267
1689018232035,-161621,4267
1689018232039,-161621,4267
1689018232043,-161621,4267
1689018232046,-161621,4267
1689018232049,-161621,4267
1689018232052,-161621,4267
1689018232055,-161621,4267
1689018232057,-161621,4267
1689018232060,-161621,4267
1689018232063,-161621,4267
1689018232067,-161621,4267
1689018232071,-161621,4267
1689018232074,-161621,4267
1689018232078,-161621,4267
1689018232082,-161621,4267
1689018232085,-161621,4267
1689018232088,-161621,4267
1689018232091,-161621,4267
1689018232093,-161621,4267
1689018232096,-161621,4267
1689018232099,-161621,4267
1689018232102,-161621,4267
1689018232105,-161621,4267
1689018232107,-161621,4267
1689018232109,-161621,4267
1689018232111,-161621,4267
1689018232114,-161621,4267
1689018232116,-161621,4267
1689018232118,-161621,4267
1689018232121,-161621,4267
1689018232123,-161621,4267
1689018232126,-161621,4267
1689018232128,-161621,4267
1689018232131,-161621,4267
1689018232133,-161621,4267
1689018232135,-161621,4267
1689018232137,-161621,4267
1689018232139,-161621,4267
1689018232141,-161621,4267
1689018232144,-161621,4267
1689018232146,-161621,4267
1689018232148,-161621,4267
1689018232150,-161621,4267
1689018232153,-161621,4267
1689018232156,-161621,4267
1689018232158,-161621,4267
1689018232161,-161621,4267
1689018232163,-161621,4267
1689018232165,-161621,4267
1689018232168,-161621,4267
1689018232170,-161621,4267
1689018232172,-161621,4267
1689018232174,-161621,4267
1689018232176,-161621,4267
1689018232178,-161621,4267
1689018232180,-161621,4267
1689018232182,-161621,4267
1689018232184,-161621,4267
1689018232186,-161621,4267
1689018232188,-161621,4267
1689018232191,-161621,4267
1689018232193,-161621,4267
1689018232195,-161621,4267
1689018232197,-161621,4267
1689018232199,-161621,4267
1689018232202,-161621,4267
1689018232204,-161621,4267
1689018232206,-161621,4267
1689018232207,-161621,4267
1689018232209,-161621,4267
1689018232212,-161621,4267
1689018232214,-161621,4267
1689018232216,-161621,4267
1689018232218,-161621,4267
1689018232220,-161621,4267
1689018232223,-161621,4267
1689018232225,-161621,4267
1689018232227,-161621,4267
1689018232229,-161621,4267
1689018232231,-161621,4267
1689018232233,-161621,4267
1689018232236,-161621,4267
1689018232238,-161621,4267
1689018232240,-161621,4267
1689018232242,-161621,4267
1689018232244,-161621,4267
1689018232245,-161621,4267
1689018232247,-161621,4267
1689018232249,-161621,4267
1689018232252,-161621,4267
1689018232254,-161621,4267
1689018232256,-161621,4267
1689018232258,-161621,4267
1689018232260,-161621,4267
1689018232262,-161621,4267
1689018232264,-161621,4267
1689018232266,-161621,4267
1689018232269,-161621,4267
1689018232271,-161621,4267
1689018232273,-161621,4267
1689018232276,-161621,4267
1689018232278,-161621,4267
1689018232280,-161621,4267
1689018232282,-161621,4267
1689018232284,-161621,4267
1689018232287,-161621,4267
1689018232289,-161621,4267
1689018232291,-161621,4267
1689018232293,-161621,4267
1689018232295,-161621,4267
1689018232297,-161621,4267
1689018232299,-161621,4267
1689018232302,-161621,4267
1689018232304,-161621,4267
1689018232306,-161621,4267
1689018232308,-161621,4267
1689018232310,-161621,4267
1689018232313,-161621,4267
1689018232315,-161621,4267
1689018232317,-161621,4267
1689018232319,-161621,4267
1689018232322,-161621,4267
1689018232324,-161621,4267
1689018232326,-161621,4267
1689018232328,-161621,4267
1689018232330,-161621,4267
1689018232332,-161621,4267
1689018232334,-161621,4267
1689018232337,-161621,4267
1689018232339,-161621,4267
1689018232342,-161621,4267
1689018232344,-161621,4267
1689018232346,-161621,4267
1689018232348,-161621,4267
1689018232350,-161621,4267
1689018232352,-161621,4267
1689018232356,-161621,4267
1689018232359,-161621,4267
1689018232361,-161621,4267
1689018232364,-161621,4267
1689018232367,-161621,4267
1689018232369,-161621,4267
1689018232372,-161621,4267
1689018232375,-161621,4267
1689018232377,-161621,4267
1689018232380,-161621,4267
1689018232383,-161621,4267
1689018232385,-161621,4267
1689018232388,-161621,4267
1689018232391,-161621,4267
1689018232394,-161621,4267
1689018232397,-161621,4267
1689018232400,-161621,4267
1689018232403,-161621,4267
1689018232405,-161621,4267
1689018232408,-161621,4267
1689018232411,-161621,4267
1689018232414,-161621,4267
1689018232416,-161621,4267
1689018232419,-161621,4267
1689018232422,-161621,4267
1689018232425,-161621,4267
1689018232427,-161621,4267
1689018232429,-161621,4267
1689018232434,-161621,4267
1689018232437,-161621,4267
1689018232440,-161621,4267
1689018232443,-161621,4267
1689018232446,-161621,4267
1689018232448,-161621,4267
1689018232451,-161621,4267
1689018232454,-161621,4267
1689018232457,-161621,4267
1689018232459,-161621,4267
1689018232463,-161621,4267
1689018232466,-161621,4267
1689018232468,-161621,4267
1689018232471,-161621,4267
1689018232475,-161621,4267
1689018232478,-161621,4267
1689018232481,-161621,4267
1689018232484,-161621,4267
1689018232486,-161621,4267
1689018232489,-161621,4267
1689018232492,-161621,4267
1689018232495,-161621,4267
1689018232498,-161621,4267
1689018232500,-161621,4267
1689018232504,-161621,4267
1689018232506,-161621,4267
1689018232509,-161621,4267
1689018232512,-161621,4267
1689018232515,-161621,4267
1689018232518,-161621,4267
1689018232522,-161621,4267
1689018232525,-161621,4267
1689018232528,-161621,4267
1689018232532,-161621,4267
1689018232535,-161621,4267
1689018232538,-161621,4267
1689018232541,-161621,4267
1689018232544,-161621,4267
1689018232546,-161621,4267
1689018232549,-161621,4267
1689018232552,-161621,4267
1689018232562,-161621,4267
1689018232573,-161621,4267
1689018232578,-161621,4267
1689018232582,-161621,4267
1689018232587,-161621,4267
1689018232592,-161621,4267
1689018232596,-161621,4267
1689018232599,-161621,4267
1689018232602,-161621,4267
1689018232604,-161621,4267
1689018232606,-161621,4267
1689018232609,-161621,4267
1689018232612,-161621,4267
1689018232615,-161621,4267
1689018232617,-161621,4267
1689018232620,-161621,4267
1689018232622,-161621,4267
1689018232624,-161621,4267
1689018232627,-161621,4267
1689018232631,-161621,4267
1689018232634,-161621,4267
1689018232637,-161621,4267
1689018232639,-161621,4267
1689018232642,-161621,4267
1689018232644,-161621,4267
1689018232647,-161621,4267
1689018232650,-161621,4267
1689018232653,-161621,4267
1689018232656,-161621,4267
1689018232658,-161621,4267
1689018232661,-161621,4267
1689018232664,-161621,4267
1689018232667,-161621,4267
1689018232669,-161621,4267
1689018232675,-161621,4267
1689018232678,-161621,4267
1689018232681,-161621,4267
1689018232684,-161621,4267
1689018232687,-161621,4267
1689018232689,-161621,4267
1689018232693,-161621,4267
1689018232696,-161621,4267
1689018232698,-161621,4267
1689018232701,-161621,4267
1689018232704,-161621,4267
1689018232707,-161621,4267
1689018232710,-161621,4267
1689018232713,-161621,4267
1689018232716,-161621,4267
1689018232719,-161621,4267
1689018232722,-161621,4267
1689018232725,-161621,4267
1689018232728,-161621,4267
1689018232732,-161621,4267
1689018232735,-161621,4267
1689018232738,-161621,4267
1689018232740,-161621,4267
1689018232743,-161621,4267
1689018232746,-161621,4267
1689018232749,-161621,4267
1689018232755,-161621,4267
1689018232759,-161621,4267
1689018232763,-161621,4267
1689018232766,-161621,4267
1689018232769,-161621,4267
1689018232772,-161621,4267
1689018232775,-161621,4267
1689018232778,-161621,4267
1689018232781,-161621,4267
1689018232785,-161621,4267
1689018232787,-161621,4267
1689018232790,-161621,4267
1689018232794,-161621,4267
1689018232797,-161621,4267
1689018232800,-161621,4267
1689018232804,-161621,4267
1689018232807,-161621,4267
1689018232810,-161621,4267
1689018232813,-161621,4267
1689018232816,-161621,4267
1689018232819,-161621,4267
1689018232822,-161621,4267
1689018232825,-161621,4267
1689018232828,-161621,4267
1689018232832,-161621,4267
1689018232836,-161621,4267
1689018232839,-161621,4267
1689018232842,-161621,4267
1689018232845,-161621,4267
1689018232848,-161621,4267
1689018232851,-161621,4267
1689018232854,-161621,4267
1689018232857,-161621,4267
1689018232860,-161621,4267
1689018232863,-161621,4267
1689018232866,-161621,4267
1689018232871,-161621,4267
1689018232875,-161621,4267
1689018232878,-161621,4267
1689018232881,-161621,4267
1689018232885,-161621,4267
1689018232887,-161621,4267
1689018232891,-161621,4267
1689018232895,-161621,4267
1689018232898,-161621,4267
1689018232901,-161621,4267
1689018232904,-161621,4267
1689018232906,-161621,4267
1689018232909,-161621,4267
1689018232913,-161621,4267
1689018232916,-161621,4267
1689018232919,-161621,4267
1689018232922,-161621,4267
1689018232925,-161621,4267
1689018232928,-161621,4267
1689018232931,-161621,4267
1689018232934,-161621,4267
1689018232937,-161621,4267
1689018232939,-161621,4267
1689018232942,-161621,4267
1689018232945,-161621,4267
1689018232947,-161621,4267
1689018232951,-161621,4267
1689018232954,-161621,4267
1689018232957,-161621,4267
1689018232960,-161621,4267
1689018232963,-161621,4267
1689018232966,-161621,4267
1689018232969,-161621,4267
1689018232972,-161621,4267
1689018232975,-161621,4267
1689018232978,-161621,4267
1689018232982,-161621,4267
1689018232985,-161621,4267
1689018232988,-161621,4267
1689018232992,-161621,4267
1689018232995,-161621,4267
1689018232998,-161621,4267
1689018233001,-161621,4267
1689018233004,-161621,4267
1689018233007,-161621,4267
1689018233009,-161621,4267
1689018233013,-161621,4267
1689018233015,-161621,4267
1689018233018,-161621,4267
1689018233021,-161621,4267
1689018233024,-161621,4267
1689018233027,-161621,4267
1689018233030,-161621,4267
1689018233033,-161621,4267
1689018233036,-161621,4267
1689018233039,-161621,4267
1689018233041,-161621,4267
1689018233044,-161621,4267
1689018233047,-161621,4267
1689018233049,-161621,4267
1689018233052,-161621,4267
1689018233055,-161621,4267
1689018233057,-161621,4267
1689018233060,-161621,4267
1689018233062,-161621,4267
1689018233065,-161621,4267
1689018233068,-161621,4267
1689018233071,-161621,4267
1689018233084,-161621,4267
1689018233088,-161621,4267
1689018233091,-161621,4267
1689018233104,-161621,4267
1689018233114,-161621,4267
1689018233120,-161621,4267
1689018233126,-169433,4267
1689018233128,-169433,4267
1689018233129,-169433,4267
1689018233132,-169433,4267
1689018233135,-169433,4267
1689018233140,-169433,4267
1689018233143,-169433,4267
1689018233149,-169433,4267
1689018233153,-169433,4267
1689018233155,-169433,4267
1689018233157,-169433,4267
1689018233158,-169433,4267
1689018233160,-169433,4267
1689018233162,-169433,4267
1689018233164,-169433,4267
1689018233165,-169433,4267
1689018233167,-169433,4267
1689018233168,-169433,4267
1689018233170,-169433,4267
1689018233174,-169433,4267
1689018233177,-169433,4267
1689018233180,-169433,4267
1689018233183,-169433,4267
1689018233185,-169433,4267
1689018233189,-169433,4267
1689018233194,-169433,4267
1689018233197,-169433,4267
1689018233199,-169433,4267
1689018233203,-169433,4267
1689018233206,-169433,4267
1689018233208,-169433,4267
1689018233212,-169433,4267
1689018233214,-169433,4267
1689018233217,-169433,4267
1689018233220,-169433,4267
1689018233222,-169433,4267
1689018233225,-169433,4267
1689018233228,-169433,4267
1689018233231,-169433,4267
1689018233234,-169433,4267
1689018233237,-169433,4267
1689018233238,-169433,4267
1689018233240,-169433,4267
1689018233242,-169433,4267
1689018233244,-169433,4267
1689018233246,-169433,4267
1689018233248,-169433,4267
1689018233251,-169433,4267
1689018233253,-169433,4267
1689018233255,-169433,4267
1689018233257,-169433,4267
1689018233259,-169433,4267
1689018233262,-169433,4267
1689018233264,-169433,4267
1689018233266,-169433,4267
1689018233268,-169433,4267
1689018233271,-169433,4267
1689018233273,-169433,4267
1689018233275,-169433,4267
1689018233277,-169433,4267
1689018233279,-169433,4267
1689018233282,-169433,4267
1689018233284,-169433,4267
1689018233287,-169433,4267
1689018233288,-169433,4267
1689018233291,-169433,4267
1689018233293,-169433,4267
1689018233295,-169433,4267
1689018233297,-169433,4267
1689018233299,-169433,4267
1689018233302,-169433,4267
1689018233304,-169433,4267
1689018233306,-169433,4267
1689018233308,-169433,4267
1689018233311,-169433,4267
1689018233313,-169433,4267
1689018233315,-169433,4267
1689018233317,-169433,4267
1689018233319,-169433,4267
1689018233321,-169433,4267
1689018233323,-169433,4267
1689018233326,-169433,4267
1689018233328,-169433,4267
1689018233330,-169433,4267
1689018233332,-169433,4267
1689018233334,-169433,4267
1689018233337,-169433,4267
1689018233339,-169433,4267
1689018233341,-169433,4267
1689018233343,-169433,4267
1689018233346,-169433,4267
1689018233347,-169433,4267
1689018233350,-169433,4267
1689018233352,-169433,4267
1689018233354,-169433,4267
1689018233356,-169433,4267
1689018233358,-169433,4267
1689018233361,-169433,4267
1689018233363,-169433,4267
1689018233365,-169433,4267
1689018233367,-169433,4267
1689018233369,-169433,4267
1689018233373,-169433,4267
1689018233375,-169433,4267
1689018233378,-169433,4267
1689018233380,-169433,4267
1689018233382,-169433,4267
1689018233384,-169433,4267
1689018233387,-169433,4267
1689018233389,-169433,4267
1689018233392,-169433,4267
1689018233394,-169433,4267
1689018233396,-169433,4267
1689018233398,-169433,4267
1689018233400,-169433,4267
1689018233403,-169433,4267
1689018233405,-169433,4267
1689018233407,-169433,4267
1689018233409,-169433,4267
1689018233411,-169433,4267
1689018233413,-169433,4267
1689018233415,-169433,4267
1689018233417,-169433,4267
1689018233419,-169433,4267
1689018233421,-169433,4267
1689018233423,-169433,4267
1689018233425,-169433,4267
1689018233427,-169433,4267
1689018233430,-169433,4267
1689018233432,-169433,4267
1689018233435,-169433,4267
1689018233437,-169433,4267
1689018233439,-169433,4267
1689018233441,-169433,4267
1689018233444,-169433,4267
1689018233447,-169433,4267
1689018233451,-169433,4267
1689018233454,-169433,4267
1689018233456,-169433,4267
1689018233458,-169433,4267
1689018233461,-169433,4267
1689018233463,-169433,4267
1689018233465,-169433,4267
1689018233467,-169433,4267
1689018233470,-169433,4267
1689018233472,-169433,4267
1689018233474,-169433,4267
1689018233476,-169433,4267
1689018233477,-169433,4267
1689018233479,-169433,4267
1689018233481,-169433,4267
1689018233483,-169433,4267
1689018233486,-169433,4267
1689018233488,-169433,4267
1689018233491,-169433,4267
1689018233494,-169433,4267
1689018233497,-169433,4267
1689018233499,-169433,4267
1689018233502,-169433,4267
1689018233504,-169433,4267
1689018233507,-169433,4267
1689018233511,-169433,4267
1689018233514,-169433,4267
1689018233516,-169433,4267
1689018233519,-169433,4267
1689018233523,-169433,4267
1689018233526,-169433,4267
1689018233529,-169433,4267
1689018233532,-169433,4267
1689018233535,-169433,4267
1689018233537,-169433,4267
1689018233540,-169433,4267
1689018233543,-169433,4267
1689018233546,-169433,4267
1689018233550,-169433,4267
1689018233554,-169433,4267
1689018233556,-169433,4267
1689018233559,-169433,4267
1689018233562,-169433,4267
1689018233564,-169433,4267
1689018233567,-169433,4267
1689018233570,-169433,4267
1689018233573,-169433,4267
1689018233576,-169433,4267
1689018233579,-169433,4267
1689018233583,-169433,4267
1689018233585,-169433,4267
1689018233588,-169433,4267
1689018233591,-169433,4267
1689018233594,-169433,4267
1689018233597,-169433,4267
1689018233600,-169433,4267
1689018233603,-169433,4267
1689018233605,-169433,4267
1689018233608,-169433,4267
1689018233610,-169433,4267
1689018233613,-169433,4267
1689018233616,-169433,4267
1689018233619,-169433,4267
1689018233623,-169433,4267
1689018233627,-169433,4267
1689018233630,-169433,4267
1689018233633,-169433,4267
1689018233636,-169433,4267
1689018233639,-169433,4267
1689018233643,-169433,4267
1689018233646,-169433,4267
1689018233649,-169433,4267
1689018233652,-169433,4267
1689018233655,-169433,4267
1689018233657,-169433,4267
1689018233660,-169433,4267
1689018233663,-169433,4267
1689018233666,-169433,4267
1689018233669,-169433,4267
1689018233673,-169433,4267
1689018233676,-169433,4267
1689018233678,-169433,4267
1689018233681,-169433,4267
1689018233684,-169433,4267
1689018233686,-169433,4267
1689018233689,-169433,4267
1689018233693,-169433,4267
1689018233696,-169433,4267
1689018233699,-169433,4267
1689018233702,-169433,4267
1689018233705,-169433,4267
1689018233707,-169433,4267
1689018233711,-169433,4267
1689018233714,-169433,4267
1689018233717,-169433,4267
1689018233720,-169433,4267
1689018233723,-169433,4267
1689018233726,-169433,4267
1689018233729,-169433,4267
1689018233732,-169433,4267
1689018233735,-169433,4267
1689018233738,-169433,4267
1689018233741,-169433,4267
1689018233744,-169433,4267
1689018233747,-169433,4267
1689018233749,-169433,4267
1689018233752,-169433,4267
1689018233755,-169433,4267
1689018233757,-169433,4267
1689018233759,-169433,4267
1689018233761,-169433,4267
1689018233763,-169433,4267
1689018233766,-169433,4267
1689018233768,-169433,4267
1689018233771,-169433,4267
1689018233774,-169433,4267
1689018233777,-169433,4267
1689018233780,-169433,4267
1689018233783,-169433,4267
1689018233787,-169433,4267
1689018233789,-169433,4267
1689018233792,-169433,4267
1689018233795,-169433,4267
1689018233798,-169433,4267
1689018233801,-169433,4267
1689018233804,-169433,4267
1689018233806,-169433,4267
1689018233809,-169433,4267
1689018233812,-169433,4267
1689018233815,-169433,4267
1689018233818,-169433,4267
1689018233821,-169433,4267
1689018233824,-169433,4267
1689018233827,-169433,4267
1689018233832,-169433,4267
1689018233834,-169433,4267
1689018233837,-169433,4267
1689018233840,-169433,4267
1689018233843,-169433,4267
1689018233845,-169433,4267
1689018233848,-169433,4267
1689018233852,-169433,4267
1689018233855,-169433,4267
1689018233857,-169433,4267
1689018233860,-169433,4267
1689018233862,-169433,4267
1689018233866,-169433,4267
1689018233869,-169433,4267
1689018233873,-169433,4267
1689018233875,-169433,4267
1689018233877,-169433,4267
1689018233879,-169433,4267
1689018233881,-169433,4267
1689018233883,-169433,4267
1689018233885,-169433,4267
1689018233888,-169433,4267
1689018233891,-169433,4267
1689018233895,-169433,4267
1689018233897,-169433,4267
1689018233900,-169433,4267
1689018233902,-169433,4267
1689018233906,-169433,4267
1689018233909,-169433,4267
1689018233912,-169433,4267
1689018233915,-169433,4267
1689018233917,-169433,4267
1689018233921,-169433,4267
1689018233924,-169433,4267
1689018233926,-169433,4267
1689018233929,-169433,4267
1689018233932,-169433,4267
1689018233936,-169433,4267
1689018233938,-169433,4267
1689018233941,-169433,4267
1689018233945,-169433,4267
1689018233948,-169433,4267
1689018233951,-169433,4267
1689018233953,-169433,4267
1689018233956,-169433,4267
1689018233959,-169433,4267
1689018233962,-169433,4267
1689018233965,-169433,4267
1689018233968,-169433,4267
1689018233971,-169433,4267
1689018233973,-169433,4267
1689018233976,-169433,4267
1689018233979,-169433,4267
1689018233982,-169433,4267
1689018233984,-169433,4267
1689018233988,-169433,4267
1689018233992,-169433,4267
1689018233996,-169433,4267
1689018233998,-169433,4267
1689018234001,-169433,4267
1689018234004,-169433,4267
1689018234007,-169433,4267
1689018234009,-169433,4267
1689018234012,-169433,4267
1689018234015,-169433,4267
1689018234018,-169433,4267
1689018234022,-169433,4267
1689018234026,-169433,4267
1689018234029,-169433,4267
1689018234032,-169433,4267
1689018234035,-169433,4267
1689018234037,-169433,4267
1689018234041,-169433,4267
1689018234043,-169433,4267
1689018234046,-169433,4267
1689018234049,-169433,4267
1689018234053,-169433,4267
1689018234056,-169433,4267
1689018234059,-169433,4267
1689018234062,-169433,4267
1689018234066,-169433,4267
1689018234075,-169433,4267
1689018234079,-169433,4267
1689018234082,-169433,4267
1689018234085,-169433,4267
1689018234088,-169433,4267
1689018234092,-169433,4267
1689018234095,-169433,4267
1689018234097,-169433,4267
1689018234100,-169433,4267
1689018234103,-169433,4267
1689018234107,-169433,4267
1689018234111,-169433,4267
1689018234114,-169433,4267
1689018234116,-169433,4267
1689018234119,-169433,4267
1689018234121,-169433,4267
1689018234124,-169433,4267
1689018234127,-169433,4267
1689018234129,-169433,4267
1689018234132,-169433,4267
1689018234135,-169433,4267
1689018234137,-169433,4267
1689018234140,-169433,4267
1689018234142,-169433,4267
1689018234145,-169433,4267
1689018234148,-169433,4267
1689018234151,-169433,4267
1689018234154,-169433,4267
1689018234157,-169433,4267
1689018234160,-169433,4267
1689018234164,-169433,4267
1689018234166,-169433,4267
1689018234169,-169433,4267
1689018234173,-169433,4267
1689018234176,-169433,4267
1689018234179,-169433,4267
1689018234181,-169433,4267
1689018234185,-169433,4267
1689018234188,-169433,4267
1689018234192,-169433,4267
1689018234195,-169433,4267
1689018234198,-169433,4267
1689018234201,-169433,4267
1689018234204,-169433,4267
1689018234206,-169433,4267
1689018234209,-169433,4267
1689018234212,-169433,4267
1689018234215,-169433,4267
1689018234218,-169433,4267
1689018234221,-169433,4267
1689018234223,-169433,4267
1689018234226,-169433,4267
1689018234228,-169433,4267
1689018234232,-169433,4267
1689018234235,-169433,4267
1689018234237,-169433,4267
1689018234240,-169433,4267
1689018234243,-169433,4267
1689018234245,-169433,4267
1689018234248,-169433,4267
1689018234251,-169433,4267
1689018234254,-169433,4267
1689018234257,-169433,4267
1689018234259,-169433,4267
1689018234263,-169433,4267
1689018234267,-169433,4267
1689018234271,-169433,4267
1689018234274,-169433,4267
1689018234277,-169433,4267
1689018234281,-169433,4267
1689018234284,-169433,4267
1689018234287,-169433,4267
1689018234290,-169433,4267
1689018234294,-169433,4267
1689018234297,-169433,4267
1689018234299,-169433,4267
1689018234303,-169433,4267
1689018234306,-169433,4267
1689018234309,-169433,4267
1689018234312,-169433,4267
1689018234315,-169433,4267
1689018234317,-169433,4267
1689018234320,-169433,4267
1689018234323,-169433,4267
1689018234325,-169433,4267
1689018234328,-169433,4267
1689018234331,-169433,4267
1689018234333,-169433,4267
1689018234336,-169433,4267
1689018234339,-169433,4267
1689018234342,-169433,4267
1689018234346,-169433,4267
1689018234348,-169433,4267
1689018234351,-169433,4267
1689018234355,-169433,4267
1689018234357,-169433,4267
1689018234359,-169433,4267
1689018234362,-169433,4267
1689018234365,-169433,4267
1689018234367,-169433,4267
1689018234369,-169433,4267
1689018234372,-169433,4267
1689018234375,-169433,4267
1689018234377,-169433,4267
1689018234379,-169433,4267
1689018234382,-169433,4267
1689018234384,-169433,4267
1689018234387,-169433,4267
1689018234389,-169433,4267
1689018234391,-169433,4267
1689018234393,-169433,4267
1689018234395,-169433,4267
1689018234397,-169433,4267
1689018234399,-169433,4267
1689018234402,-169433,4267
1689018234404,-169433,4267
1689018234406,-169433,4267
1689018234408,-169433,4267
1689018234411,-169433,4267
1689018234413,-169433,4267
1689018234415,-169433,4267
1689018234417,-169433,4267
1689018234419,-169433,4267
1689018234421,-169433,4267
1689018234424,-169433,4267
1689018234426,-169433,4267
1689018234428,-169433,4267
1689018234431,-169433,4267
1689018234433,-169433,4267
1689018234435,-169433,4267
1689018234437,-169433,4267
1689018234439,-169433,4267
1689018234442,-169433,4267
1689018234445,-169433,4267
1689018234447,-169433,4267
1689018234449,-169433,4267
1689018234451,-169433,4267
1689018234454,-169433,4267
1689018234456,-169433,4267
1689018234458,-169433,4267
1689018234460,-169433,4267
1689018234463,-169433,4267
1689018234465,-169433,4267
1689018234467,-169433,4267
1689018234469,-169433,4267
1689018234472,-169433,4267
1689018234474,-169433,4267
1689018234476,-169433,4267
1689018234478,-169433,4267
1689018234481,-169433,4267
1689018234483,-169433,4267
1689018234485,-169433,4267
1689018234487,-169433,4267
1689018234489,-169433,4267
1689018234492,-169433,4267
1689018234494,-169433,4267
1689018234496,-169433,4267
1689018234498,-169433,4267
1689018234500,-169433,4267
1689018234503,-169433,4267
1689018234505,-169433,4267
1689018234507,-169433,4267
1689018234509,-169433,4267
1689018234512,-169433,4267
1689018234514,-169433,4267
1689018234516,-169433,4267
1689018234518,-169433,4267
1689018234520,-169433,4267
1689018234522,-169433,4267
1689018234524,-169433,4267
1689018234526,-169433,4267
1689018234528,-169433,4267
1689018234531,-169433,4267
1689018234533,-169433,4267
1689018234535,-169433,4267
1689018234537,-169433,4267
1689018234539,-169433,4267
1689018234542,-169433,4267
1689018234544,-169433,4267
1689018234547,-169433,4267
1689018234549,-169433,4267
1689018234551,-169433,4267
1689018234553,-169433,4267
1689018234556,-169433,4267
1689018234558,-169433,4267
1689018234560,-169433,4267
1689018234562,-169433,4267
1689018234564,-169433,4267
1689018234566,-169433,4267
1689018234568,-169433,4267
1689018234571,-169433,4267
1689018234573,-169433,4267
1689018234575,-169433,4267
1689018234577,-169433,4267
1689018234580,-169433,4267
1689018234582,-169433,4267
1689018234585,-169433,4267
1689018234587,-240234,4267
1689018234589,-240234,4267
1689018234592,-240234,4267
1689018234594,-240234,4267
1689018234596,-240234,4267
1689018234598,-240234,4267
1689018234601,-240234,4267
1689018234603,-240234,4267
1689018234605,-240234,4267
1689018234607,-240234,4267
1689018234609,-240234,4267
1689018234613,-240234,4267
1689018234616,-240234,4267
1689018234619,-240234,4267
1689018234622,-240234,4267
1689018234625,-240234,4267
1689018234628,-240234,4267
1689018234631,-240234,4267
1689018234634,-240234,4267
1689018234637,-240234,4267
1689018234639,-240234,4267
1689018234642,-240234,4267
1689018234646,-240234,4267
1689018234648,-240234,4267
1689018234653,-240234,4267
1689018234655,-240234,4267
1689018234658,-240234,4267
1689018234661,-240234,4267
1689018234664,-240234,4267
1689018234667,-240234,4267
1689018234671,-240234,4267
1689018234674,-240234,4267
1689018234677,-240234,4267
1689018234680,-240234,4267
1689018234683,-240234,4267
1689018234686,-240234,4267
1689018234688,-240234,4267
1689018234691,-240234,4267
1689018234695,-240234,4267
1689018234697,-240234,4267
1689018234699,-240234,4267
1689018234704,-240234,4267
1689018234707,-240234,4267
1689018234711,-240234,4267
1689018234714,-240234,4267
1689018234717,-240234,4267
1689018234720,-240234,4267
1689018234723,-240234,4267
1689018234726,-240234,4267
1689018234728,-240234,4267
1689018234731,-240234,4267
1689018234734,-240234,4267
1689018234737,-240234,4267
1689018234739,-240234,4267
1689018234744,-240234,4267
1689018234747,-240234,4267
1689018234749,-240234,4267
1689018234752,-240234,4267
1689018234755,-240234,4267
1689018234758,-240234,4267
1689018234761,-240234,4267
1689018234764,-240234,4267
1689018234766,-240234,4267
1689018234768,-240234,4267
1689018234770,-240234,4267
1689018234772,-240234,4267
1689018234775,-240234,4267
1689018234778,-240234,4267
1689018234781,-240234,4267
1689018234784,-240234,4267
1689018234787,-240234,4267
1689018234789,-240234,4267
1689018234792,-240234,4267
1689018234795,-240234,4267
1689018234798,-240234,4267
1689018234802,-240234,4267
1689018234805,-240234,4267
1689018234807,-240234,4267
1689018234810,-240234,4267
1689018234812,-240234,4267
1689018234815,-240234,4267
1689018234818,-240234,4267
1689018234822,-240234,4267
1689018234825,-240234,4267
1689018234828,-240234,4267
1689018234831,-240234,4267
1689018234833,-240234,4267
1689018234836,-240234,4267
1689018234839,-240234,4267
1689018234842,-240234,4267
1689018234845,-240234,4267
1689018234848,-240234,4267
1689018234851,-240234,4267
1689018234854,-240234,4267
1689018234856,-240234,4267
1689018234859,-240234,4267
1689018234863,-240234,4267
1689018234866,-240234,4267
1689018234869,-240234,4267
1689018234873,-240234,4267
1689018234875,-240234,4267
1689018234878,-240234,4267
1689018234881,-240234,4267
1689018234884,-240234,4267
1689018234886,-240234,4267
1689018234889,-240234,4267
1689018234894,-240234,4267
1689018234897,-240234,4267
1689018234901,-240234,4267
1689018234904,-240234,4267
1689018234907,-240234,4267
1689018234909,-240234,4267
1689018234913,-240234,4267
1689018234916,-240234,4267
1689018234919,-240234,4267
1689018234923,-240234,4267
1689018234926,-240234,4267
1689018234929,-240234,4267
1689018234931,-240234,4267
1689018234934,-240234,4267
1689018234936,-240234,4267
1689018234939,-240234,4267
1689018234943,-240234,4267
1689018234946,-240234,4267
1689018234949,-240234,4267
1689018234953,-240234,4267
1689018234956,-240234,4267
1689018234959,-240234,4267
1689018234961,-240234,4267
1689018234965,-240234,4267
1689018234967,-240234,4267
1689018234969,-240234,4267
1689018234972,-240234,4267
1689018234975,-240234,4267
1689018234978,-240234,4267
1689018234982,-240234,4267
1689018234985,-240234,4267
1689018234988,-240234,4267
1689018234991,-240234,4267
1689018234994,-240234,4267
1689018234997,-240234,4267
1689018234999,-240234,4267
1689018235002,-240234,4267
1689018235005,-240234,4267
1689018235008,-240234,4267
1689018235012,-240234,4267
1689018235014,-240234,4267
1689018235017,-240234,4267
1689018235022,-240234,4267
1689018235025,-240234,4267
1689018235028,-240234,4267
1689018235031,-240234,4267
1689018235034,-240234,4267
1689018235036,-240234,4267
1689018235039,-240234,4267
1689018235043,-240234,4267
1689018235046,-240234,4267
1689018235048,-240234,4267
1689018235051,-240234,4267
1689018235054,-240234,4267
1689018235057,-240234,4267
1689018235060,-240234,4267
1689018235063,-240234,4267
1689018235066,-240234,4267
1689018235069,-240234,4267
1689018235072,-240234,4267
1689018235075,-240234,4267
1689018235078,-240234,4267
1689018235081,-240234,4267
1689018235084,-240234,4267
1689018235087,-240234,4267
1689018235089,-240234,4267
1689018235092,-240234,4267
1689018235095,-240234,4267
1689018235098,-240234,4267
1689018235101,-240234,4267
1689018235104,-240234,4267
1689018235107,-240234,4267
1689018235109,-240234,4267
1689018235112,-240234,4267
1689018235115,-240234,4267
1689018235117,-240234,4267
1689018235120,-240234,4267
1689018235125,-240234,4267
1689018235128,-240234,4267
1689018235132,-240234,4267
1689018235134,-240234,4267
1689018235137,-240234,4267
1689018235141,-240234,4267
1689018235143,-240234,4267
1689018235147,-240234,4267
1689018235151,-240234,4267
1689018235154,-240234,4267
1689018235157,-240234,4267
1689018235161,-240234,4267
1689018235164,-240234,4267
1689018235167,-240234,4267
1689018235170,-240234,4267
1689018235173,-240234,4267
1689018235176,-240234,4267
1689018235179,-240234,4267
1689018235183,-240234,4267
1689018235186,-240234,4267
1689018235189,-240234,4267
1689018235191,-240234,4267
1689018235194,-240234,4267
1689018235197,-240234,4267
1689018235199,-240234,4267
1689018235202,-240234,4267
1689018235204,-240234,4267
1689018235207,-240234,4267
1689018235210,-240234,4267
1689018235213,-240234,4267
1689018235216,-240234,4267
1689018235223,-240234,4267
1689018235226,-240234,4267
1689018235229,-240234,4267
1689018235232,-240234,4267
1689018235235,-240234,4267
1689018235237,-240234,4267
1689018235240,-240234,4267
1689018235242,-240234,4267
1689018235245,-240234,4267
1689018235248,-240234,4267
1689018235252,-240234,4267
1689018235255,-240234,4267
1689018235259,-240234,4267
1689018235262,-240234,4267
1689018235265,-240234,4267
1689018235268,-240234,4267
1689018235271,-240234,4267
1689018235274,-240234,4267
1689018235276,-240234,4267
1689018235279,-240234,4267
1689018235283,-240234,4267
1689018235286,-240234,4267
1689018235289,-240234,4267
1689018235292,-240234,4267
1689018235296,-240234,4267
1689018235304,-240234,4267
1689018235315,-240234,4267
1689018235319,-240234,4267
1689018235323,-240234,4267
1689018235327,-240234,4267
1689018235329,-240234,4267
1689018235333,-240234,4267
1689018235335,-240234,4267
1689018235336,-240234,4267
1689018235339,-240234,4267
1689018235343,-240234,4267
1689018235347,-240234,4267
1689018235352,-240234,4267
1689018235353,-240234,4267
1689018235355,-240234,4267
1689018235356,-240234,4267
1689018235358,-240234,4267
1689018235359,-240234,4267
1689018235360,-240234,4267
1689018235364,-240234,4267
1689018235365,-240234,4267
1689018235367,-240234,4267
1689018235368,-240234,4267
1689018235371,-240234,4267
1689018235373,-240234,4267
1689018235375,-240234,4267
1689018235376,-240234,4267
1689018235378,-240234,4267
1689018235379,-240234,4267
1689018235382,-240234,4267
1689018235384,-240234,4267
1689018235385,-240234,4267
1689018235387,-240234,4267
1689018235388,-240234,4267
1689018235390,-240234,4267
1689018235394,-240234,4267
1689018235398,-240234,4267
1689018235401,-240234,4267
1689018235405,-240234,4267
1689018235408,-240234,4267
1689018235411,-240234,4267
1689018235414,-240234,4267
1689018235419,-240234,4267
1689018235423,-240234,4267
1689018235426,-240234,4267
1689018235429,-240234,4267
1689018235433,-240234,4267
1689018235436,-240234,4267
1689018235438,-240234,4267
1689018235442,-240234,4267
1689018235445,-240234,4267
1689018235448,-240234,4267
1689018235451,-240234,4267
1689018235453,-240234,4267
1689018235456,-240234,4267
1689018235459,-240234,4267
1689018235462,-240234,4267
1689018235466,-240234,4267
1689018235469,-240234,4267
1689018235472,-240234,4267
1689018235474,-240234,4267
1689018235476,-240234,4267
1689018235477,-240234,4267
1689018235479,-240234,4267
1689018235482,-240234,4267
1689018235484,-240234,4267
1689018235485,-240234,4267
1689018235487,-240234,4267
1689018235489,-240234,4267
1689018235492,-240234,4267
1689018235494,-240234,4267
1689018235496,-240234,4267
1689018235498,-240234,4267
1689018235501,-240234,4267
1689018235503,-240234,4267
1689018235505,-240234,4267
1689018235506,-240234,4267
1689018235508,-240234,4267
1689018235509,-240234,4267
1689018235511,-240234,4267
1689018235513,-240234,4267
1689018235515,-240234,4267
1689018235516,-240234,4267
1689018235518,-240234,4267
1689018235519,-240234,4267
1689018235521,-240234,4267
1689018235523,-240234,4267
1689018235525,-240234,4267
1689018235526,-240234,4267
1689018235527,-240234,4267
1689018235529,-240234,4267
1689018235530,-240234,4267
1689018235532,-240234,4267
1689018235534,-240234,4267
1689018235535,-240234,4267
1689018235537,-240234,4267
1689018235539,-240234,4267
1689018235541,-240234,4267
1689018235543,-240234,4267
1689018235544,-240234,4267
1689018235546,-240234,4267
1689018235548,-240234,4267
1689018235549,-240234,4267
1689018235552,-240234,4267
1689018235555,-240234,4267
1689018235557,-240234,4267
1689018235558,-240234,4267
1689018235561,-240234,4267
1689018235563,-240234,4267
1689018235564,-240234,4267
1689018235566,-240234,4267
1689018235567,-240234,4267
1689018235569,-240234,4267
1689018235570,-240234,4267
1689018235572,-240234,4267
1689018235574,-240234,4267
1689018235576,-240234,4267
1689018235578,-240234,4267
1689018235580,-240234,4267
1689018235582,-240234,4267
1689018235584,-240234,4267
1689018235586,-240234,4267
1689018235588,-240234,4267
1689018235589,-240234,4267
1689018235592,-240234,4267
1689018235594,-240234,4267
1689018235596,-240234,4267
1689018235598,-240234,4267
1689018235601,-240234,4267
1689018235603,-240234,4267
1689018235605,-240234,4267
1689018235607,-240234,4267
1689018235609,-240234,4267
1689018235611,-240234,4267
1689018235613,-240234,4267
1689018235616,-240234,4267
1689018235618,-240234,4267
1689018235621,-240234,4267
1689018235624,-240234,4267
1689018235626,-240234,4267
1689018235628,-240234,4267
1689018235631,-240234,4267
1689018235633,-240234,4267
1689018235635,-240234,4267
1689018235636,-240234,4267
1689018235638,-240234,4267
1689018235639,-240234,4267
1689018235641,-240234,4267
1689018235643,-240234,4267
1689018235645,-240234,4267
1689018235646,-240234,4267
1689018235648,-240234,4267
1689018235650,-240234,4267
1689018235652,-240234,4267
1689018235654,-240234,4267
1689018235657,-240234,4267
1689018235659,-240234,4267
1689018235661,-240234,4267
1689018235663,-240234,4267
1689018235665,-240234,4267
1689018235667,-240234,4267
1689018235669,-240234,4267
1689018235672,-240234,4267
1689018235674,-240234,4267
1689018235676,-240234,4267
1689018235678,-240234,4267
1689018235680,-240234,4267
1689018235682,-240234,4267
1689018235683,-240234,4267
1689018235686,-240234,4267
1689018235688,-240234,4267
1689018235690,-240234,4267
1689018235692,-240234,4267
1689018235695,-240234,4267
1689018235697,-240234,4267
1689018235700,-240234,4267
1689018235702,-240234,4267
1689018235704,-240234,4267
1689018235706,-240234,4267
1689018235708,-240234,4267
1689018235711,-240234,4267
1689018235713,-240234,4267
1689018235714,-240234,4267
1689018235716,-240234,4267
1689018235719,-240234,4267
1689018235721,-240234,4267
1689018235723,-240234,4267
1689018235725,-240234,4267
1689018235727,-240234,4267
1689018235729,-240234,4267
1689018235732,-240234,4267
1689018235735,-240234,4267
1689018235738,-240234,4267
1689018235741,-240234,4267
1689018235744,-240234,4267
1689018235747,-240234,4267
1689018235750,-240234,4267
1689018235755,-240234,4267
1689018235758,-240234,4267
1689018235761,-240234,4267
1689018235765,-240234,4267
1689018235767,-240234,4267
1689018235770,-240234,4267
1689018235772,-240234,4267
1689018235775,-240234,4267
1689018235778,-240234,4267
1689018235781,-240234,4267
1689018235784,-240234,4267
1689018235787,-240234,4267
1689018235789,-240234,4267
1689018235793,-240234,4267
1689018235796,-240234,4267
1689018235799,-240234,4267
1689018235802,-240234,4267
1689018235805,-240234,4267
1689018235807,-240234,4267
1689018235810,-240234,4267
1689018235813,-240234,4267
1689018235816,-240234,4267
1689018235819,-240234,4267
1689018235822,-240234,4267
1689018235825,-240234,4267
1689018235828,-240234,4267
1689018235831,-240234,4267
1689018235834,-240234,4267
1689018235836,-240234,4267
1689018235839,-240234,4267
1689018235842,-240234,4267
1689018235844,-240234,4267
1689018235847,-240234,4267
1689018235850,-240234,4267
1689018235853,-240234,4267
1689018235857,-240234,4267
1689018235860,-240234,4267
1689018235863,-240234,4267
1689018235865,-240234,4267
1689018235868,-240234,4267
1689018235871,-240234,4267
1689018235874,-240234,4267
1689018235877,-240234,4267
1689018235879,-240234,4267
1689018235883,-240234,4267
1689018235885,-240234,4267
1689018235888,-240234,4267
1689018235891,-240234,4267
1689018235894,-240234,4267
1689018235897,-240234,4267
1689018235901,-240234,4267
1689018235903,-240234,4267
1689018235906,-240234,4267
1689018235909,-240234,4267
1689018235912,-240234,4267
1689018235915,-240234,4267
1689018235918,-240234,4267
1689018235920,-240234,4267
1689018235923,-240234,4267
1689018235926,-240234,4267
1689018235928,-240234,4267
1689018235931,-240234,4267
1689018235934,-240234,4267
1689018235938,-240234,4267
1689018235942,-240234,4267
1689018235945,-240234,4267
1689018235947,-240234,4267
1689018235950,-240234,4267
1689018235952,-240234,4267
1689018235955,-240234,4267
1689018235957,-240234,4267
1689018235961,-240234,4267
1689018235964,-240234,4267
1689018235966,-240234,4267
1689018235969,-240234,4267
1689018235973,-240234,4267
1689018235977,-240234,4267
1689018235980,-240234,4267
1689018235984,-240234,4267
1689018235986,-240234,4267
1689018235988,-240234,4267
1689018235989,-240234,4267
1689018235992,-240234,4267
1689018235994,-240234,4267
1689018235997,-240234,4267
1689018236000,-240234,4267
1689018236004,-240234,4267
1689018236006,-240234,4267
1689018236009,-240234,4267
1689018236015,-240234,4267
1689018236018,-240234,4267
1689018236022,-240234,4267
1689018236025,-240234,4267
1689018236028,-240234,4267
1689018236032,-240234,4267
1689018236035,-240234,4267
1689018236038,-240234,4267
1689018236041,-240234,4267
1689018236044,-240234,4267
1689018236047,-240234,4267
1689018236049,-240234,4267
1689018236052,-240234,4267
1689018236055,-161621,4267
1689018236059,-161621,4267
1689018236062,-161621,4267
1689018236066,-161621,4267
1689018236068,-161621,4267
1689018236071,-161621,4267
1689018236075,-161621,4267
1689018236077,-161621,4267
1689018236082,-161621,4267
1689018236085,-161621,4267
1689018236088,-161621,4267
1689018236093,-161621,4267
1689018236096,-161621,4267
1689018236099,-161621,4267
1689018236103,-161621,4267
1689018236106,-161621,4267
1689018236108,-161621,4267
1689018236112,-161621,4267
1689018236115,-161621,4267
1689018236118,-161621,4267
1689018236121,-161621,4267
1689018236124,-161621,4267
1689018236127,-161621,4267
1689018236129,-161621,4267
1689018236132,-161621,4267
1689018236136,-161621,4267
1689018236139,-161621,4267
1689018236142,-161621,4267
1689018236145,-161621,4267
1689018236147,-161621,4267
1689018236151,-161621,4267
1689018236155,-161621,4267
1689018236158,-161621,4267
1689018236168,-161621,4267
1689018236171,-161621,4267
1689018236174,-161621,4267
1689018236177,-161621,4267
1689018236181,-161621,4267
1689018236184,-161621,4267
1689018236188,-161621,4267
1689018236193,-161621,4267
1689018236196,-161621,4267
1689018236202,-161621,4267
1689018236205,-161621,4267
1689018236207,-161621,4267
1689018236209,-161621,4267
1689018236210,-161621,4267
1689018236212,-161621,4267
1689018236214,-161621,4267
1689018236218,-161621,4267
1689018236222,-161621,4267
1689018236225,-161621,4267
1689018236227,-161621,4267
1689018236229,-161621,4267
1689018236231,-161621,4267
1689018236242,-161621,4267
1689018236246,-161621,4267
1689018236249,-161621,4267
1689018236251,-161621,4267
1689018236254,-161621,4267
1689018236256,-161621,4267
1689018236258,-161621,4267
1689018236259,-161621,4267
1689018236261,-161621,4267
1689018236263,-161621,4267
1689018236265,-161621,4267
1689018236266,-161621,4267
1689018236267,-161621,4267
1689018236268,-161621,4267
1689018236269,-161621,4267
1689018236271,-161621,4267
1689018236273,-161621,4267
1689018236274,-161621,4267
1689018236276,-161621,4267
1689018236277,-161621,4267
1689018236279,-161621,4267
1689018236281,-161621,4267
1689018236282,-161621,4267
1689018236284,-161621,4267
1689018236286,-161621,4267
1689018236288,-161621,4267
1689018236289,-161621,4267
1689018236292,-161621,4267
1689018236295,-161621,4267
1689018236297,-161621,4267
1689018236299,-161621,4267
1689018236303,-161621,4267
1689018236305,-161621,4267
1689018236306,-161621,4267
1689018236308,-161621,4267
1689018236310,-161621,4267
1689018236312,-161621,4267
1689018236313,-161621,4267
1689018236315,-161621,4267
1689018236316,-161621,4267
1689018236318,-161621,4267
1689018236319,-161621,4267
1689018236321,-161621,4267
1689018236322,-161621,4267
1689018236324,-161621,4267
1689018236325,-161621,4267
1689018236325,-161621,4267
1689018236326,-161621,4267
1689018236327,-161621,4267
1689018236328,-161621,4267
1689018236329,-161621,4267
1689018236331,-161621,4267
1689018236334,-161621,4267
1689018236335,-161621,4267
1689018236337,-161621,4267
1689018236338,-161621,4267
1689018236339,-161621,4267
1689018236341,-161621,4267
1689018236343,-161621,4267
1689018236344,-161621,4267
1689018236346,-161621,4267
1689018236347,-161621,4267
1689018236348,-161621,4267
1689018236350,-161621,4267
1689018236351,-161621,4267
1689018236353,-161621,4267
1689018236355,-161621,4267
1689018236356,-161621,4267
1689018236358,-161621,4267
1689018236360,-161621,4267
1689018236362,-161621,4267
1689018236363,-161621,4267
1689018236365,-161621,4267
1689018236366,-161621,4267
1689018236368,-161621,4267
1689018236369,-161621,4267
1689018236372,-161621,4267
1689018236374,-161621,4267
1689018236375,-161621,4267
1689018236377,-161621,4267
1689018236378,-161621,4267
1689018236381,-161621,4267
1689018236382,-161621,4267
1689018236384,-161621,4267
1689018236386,-161621,4267
1689018236387,-161621,4267
1689018236389,-161621,4267
1689018236390,-161621,4267
1689018236392,-161621,4267
1689018236394,-161621,4267
1689018236396,-161621,4267
1689018236397,-161621,4267
1689018236399,-161621,4267
1689018236402,-161621,4267
1689018236404,-161621,4267
1689018236405,-161621,4267
1689018236407,-161621,4267
1689018236409,-161621,4267
1689018236411,-161621,4267
1689018236414,-161621,4267
1689018236417,-161621,4267
1689018236419,-161621,4267
1689018236422,-161621,4267
1689018236426,-161621,4267
1689018236428,-161621,4267
1689018236432,-161621,4267
1689018236435,-161621,4267
1689018236437,-161621,4267
1689018236439,-161621,4267
1689018236441,-161621,4267
1689018236444,-161621,4267
1689018236446,-161621,4267
1689018236448,-161621,4267
1689018236451,-161621,4267
1689018236453,-161621,4267
1689018236456,-161621,4267
1689018236458,-161621,4267
1689018236461,-161621,4267
1689018236464,-161621,4267
1689018236466,-161621,4267
1689018236469,-161621,4267
1689018236472,-161621,4267
1689018236475,-161621,4267
1689018236478,-161621,4267
1689018236482,-161621,4267
1689018236485,-161621,4267
1689018236489,-161621,4267
1689018236492,-161621,4267
1689018236495,-161621,4267
1689018236498,-161621,4267
1689018236501,-161621,4267
1689018236504,-161621,4267
1689018236507,-161621,4267
1689018236509,-161621,4267
1689018236513,-161621,4267
1689018236516,-161621,4267
1689018236519,-161621,4267
1689018236523,-161621,4267
1689018236526,-161621,4267
1689018236528,-161621,4267
1689018236532,-161621,4267
1689018236535,-161621,4267
1689018236538,-161621,4267
1689018236541,-161621,4267
1689018236544,-161621,4267
1689018236546,-161621,4267
1689018236549,-161621,4267
1689018236553,-161621,4267
1689018236555,-161621,4267
1689018236557,-161621,4267
1689018236560,-161621,4267
1689018236562,-161621,4267
1689018236565,-161621,4267
1689018236568,-161621,4267
1689018236571,-161621,4267
1689018236575,-161621,4267
1689018236577,-161621,4267
1689018236580,-161621,4267
1689018236583,-161621,4267
1689018236586,-161621,4267
1689018236588,-161621,4267
1689018236592,-161621,4267
1689018236595,-161621,4267
1689018236598,-161621,4267
1689018236601,-161621,4267
1689018236604,-161621,4267
1689018236606,-161621,4267
1689018236609,-161621,4267
1689018236616,-161621,4267
1689018236619,-161621,4267
1689018236622,-161621,4267
1689018236625,-161621,4267
1689018236628,-161621,4267
1689018236630,-161621,4267
1689018236633,-161621,4267
1689018236635,-161621,4267
1689018236637,-161621,4267
1689018236639,-161621,4267
1689018236642,-161621,4267
1689018236644,-161621,4267
1689018236646,-161621,4267
1689018236648,-161621,4267
1689018236650,-161621,4267
1689018236653,-161621,4267
1689018236656,-161621,4267
1689018236658,-161621,4267
1689018236660,-161621,4267
1689018236662,-161621,4267
1689018236664,-161621,4267
1689018236666,-161621,4267
1689018236668,-161621,4267
1689018236670,-161621,4267
1689018236672,-161621,4267
1689018236675,-161621,4267
1689018236677,-161621,4267
1689018236679,-161621,4267
1689018236681,-161621,4267
1689018236683,-161621,4267
1689018236686,-161621,4267
1689018236688,-161621,4267
1689018236691,-161621,4267
1689018236694,-161621,4267
1689018236696,-161621,4267
1689018236698,-161621,4267
1689018236700,-161621,4267
1689018236702,-161621,4267
1689018236705,-161621,4267
1689018236707,-161621,4267
1689018236709,-161621,4267
1689018236712,-161621,4267
1689018236714,-161621,4267
1689018236716,-161621,4267
1689018236718,-161621,4267
1689018236721,-161621,4267
1689018236723,-161621,4267
1689018236725,-161621,4267
1689018236727,-161621,4267
1689018236729,-161621,4267
1689018236732,-161621,4267
1689018236734,-161621,4267
1689018236737,-161621,4267
1689018236739,-161621,4267
1689018236741,-161621,4267
1689018236743,-161621,4267
1689018236746,-161621,4267
1689018236748,-161621,4267
1689018236750,-161621,4267
1689018236752,-161621,4267
1689018236754,-161621,4267
1689018236756,-161621,4267
1689018236758,-161621,4267
1689018236761,-161621,4267
1689018236763,-161621,4267
1689018236765,-161621,4267
1689018236768,-161621,4267
1689018236770,-161621,4267
1689018236772,-161621,4267
1689018236774,-161621,4267
1689018236776,-161621,4267
1689018236778,-161621,4267
1689018236781,-161621,4267
1689018236783,-161621,4267
1689018236785,-161621,4267
1689018236788,-161621,4267
1689018236790,-161621,4267
1689018236792,-161621,4267
1689018236794,-161621,4267
1689018236796,-161621,4267
1689018236799,-161621,4267
1689018236801,-161621,4267
1689018236803,-161621,4267
1689018236806,-161621,4267
1689018236808,-161621,4267
1689018236809,-161621,4267
1689018236812,-161621,4267
1689018236814,-161621,4267
1689018236817,-161621,4267
1689018236819,-161621,4267
1689018236821,-161621,4267
1689018236823,-161621,4267
1689018236826,-161621,4267
1689018236828,-161621,4267
1689018236830,-161621,4267
1689018236833,-161621,4267
1689018236835,-161621,4267
1689018236838,-161621,4267
1689018236840,-161621,4267
1689018236842,-161621,4267
1689018236845,-161621,4267
1689018236847,-161621,4267
1689018236850,-161621,4267
1689018236853,-161621,4267
1689018236855,-161621,4267
1689018236858,-161621,4267
1689018236861,-161621,4267
1689018236864,-161621,4267
1689018236866,-161621,4267
1689018236868,-161621,4267
1689018236871,-161621,4267
1689018236873,-161621,4267
1689018236876,-161621,4267
1689018236879,-161621,4267
1689018236882,-161621,4267
1689018236885,-161621,4267
1689018236887,-161621,4267
1689018236891,-161621,4267
1689018236894,-161621,4267
1689018236897,-161621,4267
1689018236900,-161621,4267
1689018236902,-161621,4267
1689018236905,-161621,4267
1689018236908,-161621,4267
1689018236911,-161621,4267
1689018236915,-161621,4267
1689018236917,-161621,4267
1689018236920,-161621,4267
1689018236923,-161621,4267
1689018236926,-161621,4267
1689018236929,-161621,4267
1689018236934,-161621,4267
1689018236937,-161621,4267
1689018236939,-161621,4267
1689018236942,-161621,4267
1689018236945,-161621,4267
1689018236948,-161621,4267
1689018236951,-161621,4267
1689018236954,-161621,4267
1689018236956,-161621,4267
1689018236959,-161621,4267
1689018236962,-161621,4267
1689018236964,-161621,4267
1689018236967,-161621,4267
1689018236971,-161621,4267
1689018236975,-161621,4267
1689018236978,-161621,4267
1689018236981,-161621,4267
1689018236983,-161621,4267
1689018236986,-161621,4267
1689018236988,-161621,4267
1689018236992,-161621,4267
1689018236995,-161621,4267
1689018236998,-161621,4267
1689018237001,-161621,4267
1689018237004,-161621,4267
1689018237006,-161621,4267
1689018237010,-161621,4267
1689018237014,-161621,4267
1689018237017,-161621,4267
1689018237020,-161621,4267
1689018237024,-161621,4267
1689018237027,-161621,4267
1689018237031,-161621,4267
1689018237034,-161621,4267
1689018237037,-161621,4267
1689018237040,-161621,4267
1689018237043,-161621,4267
1689018237046,-161621,4267
1689018237049,-161621,4267
1689018237053,-161621,4267
1689018237056,-161621,4267
1689018237058,-161621,4267
1689018237062,-161621,4267
1689018237065,-161621,4267
1689018237068,-161621,4267
1689018237071,-161621,4267
1689018237073,-161621,4267
1689018237076,-161621,4267
1689018237078,-161621,4267
1689018237082,-161621,4267
1689018237085,-161621,4267
1689018237088,-161621,4267
1689018237092,-161621,4267
1689018237095,-161621,4267
1689018237097,-161621,4267
1689018237100,-161621,4267
1689018237103,-161621,4267
1689018237106,-161621,4267
1689018237108,-161621,4267
1689018237112,-161621,4267
1689018237116,-161621,4267
1689018237118,-161621,4267
1689018237121,-161621,4267
1689018237123,-161621,4267
1689018237126,-161621,4267
1689018237128,-161621,4267
1689018237132,-161621,4267
1689018237135,-161621,4267
1689018237137,-161621,4267
1689018237142,-161621,4267
1689018237144,-161621,4267
1689018237147,-161621,4267
1689018237150,-161621,4267
1689018237153,-161621,4267
1689018237156,-161621,4267
1689018237159,-161621,4267
1689018237161,-161621,4267
1689018237164,-161621,4267
1689018237167,-161621,4267
1689018237170,-161621,4267
1689018237173,-161621,4267
1689018237176,-161621,4267
1689018237179,-161621,4267
1689018237183,-161621,4267
1689018237186,-161621,4267
1689018237188,-161621,4267
1689018237192,-161621,4267
1689018237196,-161621,4267
1689018237199,-161621,4267
1689018237201,-161621,4267
1689018237204,-161621,4267
1689018237207,-161621,4267
1689018237211,-161621,4267
1689018237214,-161621,4267
1689018237217,-161621,4267
1689018237220,-161621,4267
1689018237223,-161621,4267
1689018237225,-161621,4267
1689018237228,-161621,4267
1689018237231,-161621,4267
1689018237234,-161621,4267
1689018237237,-161621,4267
1689018237239,-161621,4267
1689018237242,-161621,4267
1689018237245,-161621,4267
1689018237249,-161621,4267
1689018237253,-161621,4267
1689018237256,-161621,4267
1689018237258,-161621,4267
1689018237262,-161621,4267
1689018237264,-161621,4267
1689018237267,-161621,4267
1689018237270,-161621,4267
1689018237273,-161621,4267
1689018237275,-161621,4267
1689018237278,-161621,4267
1689018237281,-161621,4267
1689018237284,-161621,4267
1689018237287,-161621,4267
1689018237292,-161621,4267
1689018237295,-161621,4267
1689018237298,-161621,4267
1689018237301,-161621,4267
1689018237304,-161621,4267
1689018237306,-161621,4267
1689018237309,-161621,4267
1689018237313,-161621,4267
1689018237316,-161621,4267
1689018237318,-161621,4267
1689018237321,-161621,4267
1689018237325,-161621,4267
1689018237328,-161621,4267
1689018237332,-161621,4267
1689018237335,-161621,4267
1689018237337,-161621,4267
1689018237340,-161621,4267
1689018237343,-161621,4267
1689018237345,-161621,4267
1689018237348,-161621,4267
1689018237352,-161621,4267
1689018237355,-161621,4267
1689018237357,-161621,4267
1689018237361,-161621,4267
1689018237364,-161621,4267
1689018237366,-161621,4267
1689018237369,-161621,4267
1689018237373,-161621,4267
1689018237376,-161621,4267
1689018237379,-161621,4267
1689018237382,-161621,4267
1689018237385,-161621,4267
1689018237387,-161621,4267
1689018237390,-161621,4267
1689018237393,-161621,4267
1689018237396,-161621,4267
1689018237399,-161621,4267
1689018237402,-161621,4267
1689018237405,-161621,4267
1689018237409,-161621,4267
1689018237414,-161621,4267
1689018237416,-161621,4267
1689018237419,-161621,4267
1689018237421,-161621,4267
1689018237424,-161621,4267
1689018237427,-161621,4267
1689018237429,-161621,4267
1689018237432,-161621,4267
1689018237435,-161621,4267
1689018237437,-161621,4267
1689018237442,-161621,4267
1689018237445,-161621,4267
1689018237448,-161621,4267
1689018237451,-161621,4267
1689018237455,-161621,4267
1689018237458,-161621,4267
1689018237461,-161621,4267
1689018237464,-161621,4267
1689018237466,-161621,4267
1689018237469,-161621,4267
1689018237472,-161621,4267
1689018237475,-161621,4267
1689018237478,-161621,4267
1689018237480,-161621,4267
1689018237483,-161621,4267
1689018237487,-161621,4267
1689018237491,-161621,4267
1689018237494,-161621,4267
1689018237497,-161621,4267
1689018237499,-161621,4267
1689018237503,-161621,4267
1689018237506,-161621,4267
1689018237509,-161621,4267
1689018237512,-161621,4267
1689018237515,-161621,4267
1689018237518,-161621,4267
1689018237521,-159667,4267
1689018237524,-159667,4267
1689018237527,-159667,4267
1689018237531,-159667,4267
1689018237534,-159667,4267
1689018237537,-159667,4267
1689018237539,-159667,4267
1689018237542,-159667,4267
1689018237545,-159667,4267
1689018237550,-159667,4267
1689018237554,-159667,4267
1689018237558,-159667,4267
1689018237563,-159667,4267
1689018237568,-159667,4267
1689018237573,-159667,4267
1689018237576,-159667,4267
1689018237578,-159667,4267
1689018237580,-159667,4267
1689018237584,-159667,4267
1689018237587,-159667,4267
1689018237593,-159667,4267
1689018237602,-159667,4267
1689018237607,-159667,4267
1689018237614,-159667,4267
1689018237617,-159667,4267
1689018237620,-159667,4267
1689018237622,-159667,4267
1689018237624,-159667,4267
1689018237626,-159667,4267
1689018237630,-159667,4267
1689018237642,-159667,4267
1689018237644,-159667,4267
1689018237646,-159667,4267
1689018237648,-159667,4267
1689018237649,-159667,4267
1689018237651,-159667,4267
1689018237653,-159667,4267
1689018237656,-159667,4267
1689018237657,-159667,4267
1689018237659,-159667,4267
1689018237661,-159667,4267
1689018237664,-159667,4267
1689018237671,-159667,4267
1689018237674,-159667,4267
1689018237676,-159667,4267
1689018237677,-159667,4267
1689018237679,-159667,4267
1689018237682,-159667,4267
1689018237685,-159667,4267
1689018237692,-159667,4267
1689018237695,-159667,4267
1689018237697,-159667,4267
1689018237699,-159667,4267
1689018237702,-159667,4267
1689018237704,-159667,4267
1689018237706,-159667,4267
1689018237708,-159667,4267
1689018237711,-159667,4267
1689018237713,-159667,4267
1689018237716,-159667,4267
1689018237719,-159667,4267
1689018237722,-159667,4267
1689018237724,-159667,4267
1689018237727,-159667,4267
1689018237729,-159667,4267
1689018237732,-159667,4267
1689018237734,-159667,4267
1689018237736,-159667,4267
1689018237739,-159667,4267
1689018237742,-159667,4267
1689018237745,-159667,4267
1689018237750,-159667,4267
1689018237752,-159667,4267
1689018237753,-159667,4267
1689018237755,-159667,4267
1689018237757,-159667,4267
1689018237758,-159667,4267
1689018237759,-159667,4267
1689018237762,-159667,4267
1689018237764,-159667,4267
1689018237765,-159667,4267
1689018237766,-159667,4267
1689018237768,-159667,4267
1689018237770,-159667,4267
1689018237771,-159667,4267
1689018237773,-159667,4267
1689018237774,-159667,4267
1689018237776,-159667,4267
1689018237778,-159667,4267
1689018237780,-159667,4267
1689018237782,-159667,4267
1689018237783,-159667,4267
1689018237784,-159667,4267
1689018237785,-159667,4267
1689018237786,-159667,4267
1689018237788,-159667,4267
1689018237789,-159667,4267
1689018237791,-159667,4267
1689018237792,-159667,4267
1689018237793,-159667,4267
1689018237795,-159667,4267
1689018237796,-159667,4267
1689018237798,-159667,4267
1689018237799,-159667,4267
1689018237800,-159667,4267
1689018237802,-159667,4267
1689018237803,-159667,4267
1689018237804,-159667,4267
1689018237805,-159667,4267
1689018237807,-159667,4267
1689018237808,-159667,4267
1689018237809,-159667,4267
1689018237810,-159667,4267
1689018237812,-159667,4267
1689018237813,-159667,4267
1689018237814,-159667,4267
1689018237816,-159667,4267
1689018237817,-159667,4267
1689018237819,-159667,4267
1689018237820,-159667,4267
1689018237821,-159667,4267
1689018237821,-159667,4267
1689018237822,-159667,4267
1689018237823,-159667,4267
1689018237824,-159667,4267
1689018237825,-159667,4267
1689018237826,-159667,4267
1689018237827,-159667,4267
1689018237827,-159667,4267
1689018237829,-159667,4267
1689018237830,-159667,4267
1689018237831,-159667,4267
1689018237833,-159667,4267
1689018237833,-159667,4267
1689018237834,-159667,4267
1689018237835,-159667,4267
1689018237835,-159667,4267
1689018237836,-159667,4267
1689018237837,-159667,4267
1689018237837,-159667,4267
1689018237838,-159667,4267
1689018237839,-159667,4267
1689018237839,-159667,4267
1689018237840,-159667,4267
1689018237841,-159667,4267
1689018237842,-159667,4267
1689018237842,-159667,4267
1689018237843,-159667,4267
1689018237844,-159667,4267
1689018237845,-159667,4267
1689018237846,-159667,4267
1689018237847,-159667,4267
1689018237848,-159667,4267
1689018237848,-159667,4267
1689018237849,-159667,4267
1689018237850,-159667,4267
1689018237851,-159667,4267
1689018237852,-159667,4267
1689018237853,-159667,4267
1689018237854,-159667,4267
1689018237855,-159667,4267
1689018237856,-159667,4267
1689018237857,-159667,4267
1689018237859,-159667,4267
1689018237860,-159667,4267
1689018237861,-159667,4267
1689018237862,-159667,4267
1689018237864,-159667,4267
1689018237865,-159667,4267
1689018237866,-159667,4267
1689018237867,-159667,4267
1689018237868,-159667,4267
1689018237869,-159667,4267
1689018237870,-159667,4267
1689018237871,-159667,4267
1689018237872,-159667,4267
1689018237873,-159667,4267
1689018237874,-159667,4267
1689018237874,-159667,4267
1689018237875,-159667,4267
1689018237876,-159667,4267
1689018237877,-159667,4267
1689018237877,-159667,4267
1689018237878,-159667,4267
1689018237879,-159667,4267
1689018237880,-159667,4267
1689018237881,-159667,4267
1689018237882,-159667,4267
1689018237883,-159667,4267
1689018237884,-159667,4267
1689018237885,-159667,4267
1689018237886,-159667,4267
1689018237887,-159667,4267
1689018237889,-159667,4267
1689018237890,-159667,4267
1689018237892,-159667,4267
1689018237894,-159667,4267
1689018237896,-159667,4267
1689018237897,-159667,4267
1689018237899,-159667,4267
1689018237901,-159667,4267
1689018237902,-159667,4267
1689018237904,-159667,4267
1689018237906,-159667,4267
1689018237907,-159667,4267
1689018237909,-159667,4267
1689018237911,-159667,4267
1689018237913,-159667,4267
1689018237915,-159667,4267
1689018237916,-159667,4267
1689018237918,-159667,4267
1689018237920,-159667,4267
1689018237922,-159667,4267
1689018237923,-159667,4267
1689018237925,-159667,4267
1689018237927,-159667,4267
1689018237929,-159667,4267
1689018237931,-159667,4267
1689018237933,-159667,4267
1689018237934,-159667,4267
1689018237936,-159667,4267
1689018237938,-159667,4267
1689018237940,-159667,4267
1689018237942,-159667,4267
1689018237944,-159667,4267
1689018237945,-159667,4267
1689018237947,-159667,4267
1689018237949,-159667,4267
1689018237951,-159667,4267
1689018237954,-159667,4267
1689018237957,-159667,4267
1689018237959,-159667,4267
1689018237961,-159667,4267
1689018237963,-159667,4267
1689018237966,-159667,4267
1689018237969,-159667,4267
1689018237971,-159667,4267
1689018237973,-159667,4267
1689018237976,-159667,4267
1689018237978,-159667,4267
1689018237982,-159667,4267
1689018237986,-159667,4267
1689018237989,-159667,4267
1689018237992,-159667,4267
1689018237995,-159667,4267
1689018237997,-159667,4267
1689018237998,-159667,4267
1689018238001,-159667,4267
1689018238003,-159667,4267
1689018238006,-159667,4267
1689018238008,-159667,4267
1689018238012,-159667,4267
1689018238015,-159667,4267
1689018238018,-159667,4267
1689018238023,-159667,4267
1689018238032,-159667,4267
1689018238040,-159667,4267
1689018238045,-159667,4267
1689018238049,-159667,4267
1689018238053,-159667,4267
1689018238056,-159667,4267
1689018238058,-159667,4267
1689018238061,-159667,4267
1689018238064,-159667,4267
1689018238066,-159667,4267
1689018238069,-159667,4267
1689018238073,-159667,4267
1689018238077,-159667,4267
1689018238079,-159667,4267
1689018238083,-159667,4267
1689018238088,-159667,4267
1689018238092,-159667,4267
1689018238095,-159667,4267
1689018238097,-159667,4267
1689018238099,-159667,4267
1689018238103,-159667,4267
1689018238106,-159667,4267
1689018238108,-159667,4267
1689018238111,-159667,4267
1689018238113,-159667,4267
1689018238116,-159667,4267
1689018238118,-159667,4267
1689018238121,-159667,4267
1689018238124,-159667,4267
1689018238127,-159667,4267
1689018238130,-159667,4267
1689018238134,-159667,4267
1689018238137,-159667,4267
1689018238139,-159667,4267
1689018238143,-159667,4267
1689018238146,-159667,4267
1689018238149,-159667,4267
1689018238152,-159667,4267
1689018238155,-159667,4267
1689018238157,-159667,4267
1689018238160,-159667,4267
1689018238163,-159667,4267
1689018238167,-159667,4267
1689018238170,-159667,4267
1689018238173,-159667,4267
1689018238177,-159667,4267
1689018238182,-159667,4267
1689018238186,-159667,4267
1689018238190,-159667,4267
1689018238194,-159667,4267
1689018238197,-159667,4267
1689018238199,-159667,4267
1689018238203,-159667,4267
1689018238206,-159667,4267
1689018238209,-159667,4267
1689018238212,-159667,4267
1689018238215,-159667,4267
1689018238217,-159667,4267
1689018238220,-159667,4267
1689018238223,-159667,4267
1689018238226,-159667,4267
1689018238228,-159667,4267
1689018238232,-159667,4267
1689018238235,-159667,4267
1689018238237,-159667,4267
1689018238239,-159667,4267
1689018238242,-159667,4267
1689018238245,-159667,4267
1689018238248,-159667,4267
1689018238253,-159667,4267
1689018238256,-159667,4267
1689018238258,-159667,4267
1689018238261,-159667,4267
1689018238264,-159667,4267
1689018238267,-159667,4267
1689018238269,-159667,4267
1689018238272,-159667,4267
1689018238275,-159667,4267
1689018238277,-159667,4267
1689018238279,-159667,4267
1689018238282,-159667,4267
1689018238285,-159667,4267
1689018238288,-159667,4267
1689018238291,-159667,4267
1689018238294,-159667,4267
1689018238297,-159667,4267
1689018238299,-159667,4267
1689018238302,-159667,4267
1689018238304,-159667,4267
1689018238307,-159667,4267
1689018238309,-159667,4267
1689018238312,-159667,4267
1689018238315,-159667,4267
1689018238318,-159667,4267
1689018238321,-159667,4267
1689018238324,-159667,4267
1689018238328,-159667,4267
1689018238331,-159667,4267
1689018238334,-159667,4267
1689018238336,-159667,4267
1689018238339,-159667,4267
1689018238342,-159667,4267
1689018238344,-159667,4267
1689018238347,-159667,4267
1689018238349,-159667,4267
1689018238352,-159667,4267
1689018238355,-159667,4267
1689018238358,-159667,4267
1689018238362,-159667,4267
1689018238365,-159667,4267
1689018238369,-159667,4267
1689018238372,-159667,4267
1689018238375,-159667,4267
1689018238378,-159667,4267
1689018238381,-159667,4267
1689018238384,-159667,4267
1689018238386,-159667,4267
1689018238389,-159667,4267
1689018238393,-159667,4267
1689018238395,-159667,4267
1689018238398,-159667,4267
1689018238402,-159667,4267
1689018238406,-159667,4267
1689018238409,-159667,4267
1689018238412,-159667,4267
1689018238414,-159667,4267
1689018238417,-159667,4267
1689018238419,-159667,4267
1689018238422,-159667,4267
1689018238425,-159667,4267
1689018238427,-159667,4267
1689018238430,-159667,4267
1689018238434,-159667,4267
1689018238437,-159667,4267
1689018238439,-159667,4267
1689018238444,-159667,4267
1689018238447,-159667,4267
1689018238450,-159667,4267
1689018238453,-159667,4267
1689018238456,-159667,4267
1689018238458,-159667,4267
1689018238461,-159667,4267
1689018238464,-159667,4267
1689018238467,-159667,4267
1689018238470,-159667,4267
1689018238473,-159667,4267
1689018238476,-159667,4267
1689018238479,-159667,4267
1689018238482,-159667,4267
1689018238485,-159667,4267
1689018238488,-159667,4267
1689018238492,-159667,4267
1689018238494,-159667,4267
1689018238497,-159667,4267
1689018238500,-159667,4267
1689018238503,-159667,4267
1689018238505,-159667,4267
1689018238508,-159667,4267
1689018238511,-159667,4267
1689018238514,-159667,4267
1689018238517,-159667,4267
1689018238519,-159667,4267
1689018238522,-159667,4267
1689018238525,-159667,4267
1689018238528,-159667,4267
1689018238530,-159667,4267
1689018238533,-159667,4267
1689018238536,-159667,4267
1689018238538,-159667,4267
1689018238541,-159667,4267
1689018238544,-159667,4267
1689018238546,-159667,4267
1689018238548,-159667,4267
1689018238552,-159667,4267
1689018238555,-159667,4267
1689018238558,-159667,4267
1689018238561,-159667,4267
1689018238565,-159667,4267
1689018238568,-159667,4267
1689018238571,-159667,4267
1689018238574,-159667,4267
1689018238577,-159667,4267
1689018238580,-159667,4267
1689018238583,-159667,4267
1689018238586,-159667,4267
1689018238589,-159667,4267
1689018238593,-159667,4267
1689018238595,-159667,4267
1689018238598,-159667,4267
1689018238604,-159667,4267
1689018238607,-159667,4267
1689018238612,-159667,4267
1689018238615,-159667,4267
1689018238618,-159667,4267
1689018238621,-159667,4267
1689018238624,-159667,4267
1689018238627,-159667,4267
1689018238629,-159667,4267
1689018238633,-159667,4267
1689018238636,-159667,4267
1689018238639,-159667,4267
1689018238642,-159667,4267
1689018238645,-159667,4267
1689018238648,-159667,4267
1689018238652,-159667,4267
1689018238655,-159667,4267
1689018238658,-159667,4267
1689018238660,-159667,4267
1689018238663,-159667,4267
1689018238666,-159667,4267
1689018238669,-159667,4267
1689018238672,-159667,4267
1689018238675,-159667,4267
1689018238677,-159667,4267
1689018238682,-159667,4267
1689018238685,-159667,4267
1689018238688,-159667,4267
1689018238691,-159667,4267
1689018238694,-159667,4267
1689018238697,-159667,4267
1689018238699,-159667,4267
1689018238703,-159667,4267
1689018238706,-159667,4267
1689018238709,-159667,4267
1689018238712,-159667,4267
1689018238715,-159667,4267
1689018238718,-159667,4267
1689018238722,-159667,4267
1689018238728,-159667,4267
1689018238732,-159667,4267
1689018238737,-159667,4267
1689018238741,-159667,4267
1689018238745,-159667,4267
1689018238749,-159667,4267
1689018238753,-159667,4267
1689018238755,-159667,4267
1689018238758,-159667,4267
1689018238761,-159667,4267
1689018238763,-159667,4267
1689018238765,-159667,4267
1689018238767,-159667,4267
1689018238769,-159667,4267
1689018238771,-159667,4267
1689018238774,-159667,4267
1689018238776,-159667,4267
1689018238778,-159667,4267
1689018238779,-159667,4267
1689018238782,-159667,4267
1689018238784,-159667,4267
1689018238787,-159667,4267
1689018238789,-159667,4267
1689018238791,-159667,4267
1689018238793,-159667,4267
1689018238794,-159667,4267
1689018238796,-159667,4267
1689018238798,-159667,4267
1689018238800,-159667,4267
1689018238802,-159667,4267
1689018238804,-159667,4267
1689018238805,-159667,4267
1689018238807,-159667,4267
1689018238808,-159667,4267
1689018238810,-159667,4267
1689018238812,-159667,4267
1689018238813,-159667,4267
1689018238815,-159667,4267
1689018238817,-159667,4267
1689018238818,-159667,4267
1689018238820,-159667,4267
1689018238822,-159667,4267
1689018238824,-159667,4267
1689018238825,-159667,4267
1689018238827,-159667,4267
1689018238829,-159667,4267
1689018238831,-159667,4267
1689018238833,-159667,4267
1689018238835,-159667,4267
1689018238836,-159667,4267
1689018238839,-159667,4267
1689018238841,-159667,4267
1689018238843,-159667,4267
1689018238845,-159667,4267
1689018238847,-159667,4267
1689018238849,-159667,4267
1689018238851,-159667,4267
1689018238853,-159667,4267
1689018238854,-159667,4267
1689018238856,-159667,4267
1689018238858,-159667,4267
1689018238860,-159667,4267
1689018238862,-159667,4267
1689018238863,-159667,4267
1689018238865,-159667,4267
1689018238867,-159667,4267
1689018238869,-159667,4267
1689018238873,-159667,4267
1689018238877,-159667,4267
1689018238880,-159667,4267
1689018238883,-159667,4267
1689018238885,-159667,4267
1689018238888,-159667,4267
1689018238890,-159667,4267
1689018238893,-159667,4267
1689018238895,-159667,4267
1689018238897,-159667,4267
1689018238899,-159667,4267
1689018238901,-159667,4267
1689018238903,-159667,4267
1689018238905,-159667,4267
1689018238907,-159667,4267
1689018238909,-159667,4267
1689018238912,-159667,4267
1689018238914,-159667,4267
1689018238916,-159667,4267
1689018238918,-159667,4267
1689018238921,-159667,4267
1689018238923,-159667,4267
1689018238926,-159667,4267
1689018238928,-159667,4267
1689018238931,-159667,4267
1689018238933,-159667,4267
1689018238935,-159667,4267
1689018238937,-159667,4267
1689018238939,-159667,4267
1689018238942,-159667,4267
1689018238944,-159667,4267
1689018238946,-159667,4267
1689018238948,-159667,4267
1689018238951,-159667,4267
1689018238953,-159667,4267
1689018238955,-159667,4267
1689018238957,-159667,4267
1689018238960,-159667,4267
1689018238962,-159667,4267
1689018238965,-159667,4267
1689018238967,-159667,4267
1689018238969,-159667,4267
1689018238972,-159667,4267
1689018238974,-159667,4267
1689018238975,-159667,4267
1689018238977,-159667,4267
1689018238979,-159667,4267
1689018238981,-159667,4267
1689018238983,-159667,4267
1689018238985,-159667,4267
1689018238986,-227050,4267
1689018238989,-227050,4267
1689018238991,-227050,4267
1689018238993,-227050,4267
1689018238995,-227050,4267
1689018238997,-227050,4267
1689018238999,-227050,4267
1689018239002,-227050,4267
1689018239004,-227050,4267
1689018239006,-227050,4267
1689018239008,-227050,4267
1689018239011,-227050,4267
1689018239013,-227050,4267
1689018239015,-227050,4267
1689018239017,-227050,4267
1689018239019,-227050,4267
1689018239022,-227050,4267
1689018239024,-227050,4267
1689018239026,-227050,4267
1689018239029,-227050,4267
1689018239031,-227050,4267
1689018239034,-227050,4267
1689018239036,-227050,4267
1689018239038,-227050,4267
1689018239040,-227050,4267
1689018239042,-227050,4267
1689018239044,-227050,4267
1689018239046,-227050,4267
1689018239049,-227050,4267
1689018239051,-227050,4267
1689018239054,-227050,4267
1689018239056,-227050,4267
1689018239058,-227050,4267
1689018239060,-227050,4267
1689018239062,-227050,4267
1689018239064,-227050,4267
1689018239067,-227050,4267
1689018239069,-227050,4267
1689018239072,-227050,4267
1689018239074,-227050,4267
1689018239076,-227050,4267
1689018239079,-227050,4267
1689018239082,-227050,4267
1689018239084,-227050,4267
1689018239086,-227050,4267
1689018239088,-227050,4267
1689018239090,-227050,4267
1689018239093,-227050,4267
1689018239095,-227050,4267
1689018239097,-227050,4267
1689018239099,-227050,4267
1689018239101,-227050,4267
1689018239103,-227050,4267
1689018239105,-227050,4267
1689018239108,-227050,4267
1689018239111,-227050,4267
1689018239114,-227050,4267
1689018239117,-227050,4267
1689018239121,-227050,4267
1689018239124,-227050,4267
1689018239127,-227050,4267
1689018239130,-227050,4267
1689018239133,-227050,4267
1689018239135,-227050,4267
1689018239138,-227050,4267
1689018239141,-227050,4267
1689018239144,-227050,4267
1689018239147,-227050,4267
1689018239151,-227050,4267
1689018239154,-227050,4267
1689018239157,-227050,4267
1689018239160,-227050,4267
1689018239163,-227050,4267
1689018239165,-227050,4267
1689018239168,-227050,4267
1689018239172,-227050,4267
1689018239174,-227050,4267
1689018239177,-227050,4267
1689018239180,-227050,4267
1689018239183,-227050,4267
1689018239185,-227050,4267
1689018239188,-227050,4267
1689018239191,-227050,4267
1689018239194,-227050,4267
1689018239197,-227050,4267
1689018239201,-227050,4267
1689018239204,-227050,4267
1689018239207,-227050,4267
1689018239210,-227050,4267
1689018239214,-227050,4267
1689018239217,-227050,4267
1689018239219,-227050,4267
1689018239222,-227050,4267
1689018239225,-227050,4267
1689018239229,-227050,4267
1689018239232,-227050,4267
1689018239235,-227050,4267
1689018239238,-227050,4267
1689018239242,-227050,4267
1689018239245,-227050,4267
1689018239248,-227050,4267
1689018239261,-227050,4267
1689018239264,-227050,4267
1689018239266,-227050,4267
1689018239269,-227050,4267
1689018239272,-227050,4267
1689018239275,-227050,4267
1689018239278,-227050,4267
1689018239284,-227050,4267
1689018239295,-227050,4267
1689018239302,-227050,4267
1689018239305,-227050,4267
1689018239307,-227050,4267
1689018239309,-227050,4267
1689018239311,-227050,4267
1689018239313,-227050,4267
1689018239317,-227050,4267
1689018239321,-227050,4267
1689018239330,-227050,4267
1689018239333,-227050,4267
1689018239335,-227050,4267
1689018239337,-227050,4267
1689018239338,-227050,4267
1689018239340,-227050,4267
1689018239342,-227050,4267
1689018239344,-227050,4267
1689018239345,-227050,4267
1689018239346,-227050,4267
1689018239348,-227050,4267
1689018239349,-227050,4267
1689018239352,-227050,4267
1689018239354,-227050,4267
1689018239356,-227050,4267
1689018239358,-227050,4267
1689018239360,-227050,4267
1689018239362,-227050,4267
1689018239364,-227050,4267
1689018239366,-227050,4267
1689018239368,-227050,4267
1689018239369,-227050,4267
1689018239372,-227050,4267
1689018239373,-227050,4267
1689018239375,-227050,4267
1689018239377,-227050,4267
1689018239379,-227050,4267
1689018239381,-227050,4267
1689018239382,-227050,4267
1689018239384,-227050,4267
1689018239386,-227050,4267
1689018239388,-227050,4267
1689018239389,-227050,4267
1689018239393,-227050,4267
1689018239396,-227050,4267
1689018239400,-227050,4267
1689018239403,-227050,4267
1689018239406,-227050,4267
1689018239408,-227050,4267
1689018239411,-227050,4267
1689018239414,-227050,4267
1689018239416,-227050,4267
1689018239419,-227050,4267
1689018239422,-227050,4267
1689018239424,-227050,4267
1689018239427,-227050,4267
1689018239429,-227050,4267
1689018239432,-227050,4267
1689018239434,-227050,4267
1689018239437,-227050,4267
1689018239441,-227050,4267
1689018239444,-227050,4267
1689018239447,-227050,4267
1689018239450,-227050,4267
1689018239453,-227050,4267
1689018239456,-227050,4267
1689018239458,-227050,4267
1689018239461,-227050,4267
1689018239464,-227050,4267
1689018239466,-227050,4267
1689018239469,-227050,4267
1689018239472,-227050,4267
1689018239474,-227050,4267
1689018239477,-227050,4267
1689018239481,-227050,4267
1689018239484,-227050,4267
1689018239486,-227050,4267
1689018239489,-227050,4267
1689018239492,-227050,4267
1689018239495,-227050,4267
1689018239497,-227050,4267
1689018239500,-227050,4267
1689018239503,-227050,4267
1689018239506,-227050,4267
1689018239508,-227050,4267
1689018239512,-227050,4267
1689018239515,-227050,4267
1689018239518,-227050,4267
1689018239522,-227050,4267
1689018239525,-227050,4267
1689018239527,-227050,4267
1689018239530,-227050,4267
1689018239532,-227050,4267
1689018239535,-227050,4267
1689018239538,-227050,4267
1689018239540,-227050,4267
1689018239543,-227050,4267
1689018239546,-227050,4267
1689018239548,-227050,4267
1689018239551,-227050,4267
1689018239554,-227050,4267
1689018239557,-227050,4267
1689018239560,-227050,4267
1689018239563,-227050,4267
1689018239566,-227050,4267
1689018239568,-227050,4267
1689018239571,-227050,4267
1689018239574,-227050,4267
1689018239576,-227050,4267
1689018239579,-227050,4267
1689018239582,-227050,4267
1689018239584,-227050,4267
1689018239587,-227050,4267
1689018239590,-227050,4267
1689018239593,-227050,4267
1689018239596,-227050,4267
1689018239600,-227050,4267
1689018239603,-227050,4267
1689018239606,-227050,4267
1689018239608,-227050,4267
1689018239611,-227050,4267
1689018239614,-227050,4267
1689018239616,-227050,4267
1689018239621,-227050,4267
1689018239633,-227050,4267
1689018239637,-227050,4267
1689018239641,-227050,4267
1689018239644,-227050,4267
1689018239647,-227050,4267
1689018239651,-227050,4267
1689018239654,-227050,4267
1689018239656,-227050,4267
1689018239657,-227050,4267
1689018239659,-227050,4267
1689018239661,-227050,4267
1689018239663,-227050,4267
1689018239664,-227050,4267
1689018239666,-227050,4267
1689018239668,-227050,4267
1689018239670,-227050,4267
1689018239672,-227050,4267
1689018239673,-227050,4267
1689018239675,-227050,4267
1689018239677,-227050,4267
1689018239678,-227050,4267
1689018239680,-227050,4267
1689018239682,-227050,4267
1689018239684,-227050,4267
1689018239686,-227050,4267
1689018239688,-227050,4267
1689018239689,-227050,4267
1689018239691,-227050,4267
1689018239693,-227050,4267
1689018239694,-227050,4267
1689018239695,-227050,4267
1689018239697,-227050,4267
1689018239699,-227050,4267
1689018239700,-227050,4267
1689018239702,-227050,4267
1689018239703,-227050,4267
1689018239705,-227050,4267
1689018239707,-227050,4267
1689018239709,-227050,4267
1689018239711,-227050,4267
1689018239712,-227050,4267
1689018239714,-227050,4267
1689018239716,-227050,4267
1689018239718,-227050,4267
1689018239719,-227050,4267
1689018239721,-227050,4267
1689018239723,-227050,4267
1689018239724,-227050,4267
1689018239726,-227050,4267
1689018239727,-227050,4267
1689018239728,-227050,4267
1689018239730,-227050,4267
1689018239732,-227050,4267
1689018239733,-227050,4267
1689018239734,-227050,4267
1689018239736,-227050,4267
1689018239737,-227050,4267
1689018239738,-227050,4267
1689018239739,-227050,4267
1689018239741,-227050,4267
1689018239742,-227050,4267
1689018239743,-227050,4267
1689018239745,-227050,4267
1689018239746,-227050,4267
1689018239747,-227050,4267
1689018239748,-227050,4267
1689018239749,-227050,4267
1689018239750,-227050,4267
1689018239752,-227050,4267
1689018239753,-227050,4267
1689018239754,-227050,4267
1689018239755,-227050,4267
1689018239755,-227050,4267
1689018239756,-227050,4267
1689018239757,-227050,4267
1689018239758,-227050,4267
1689018239758,-227050,4267
1689018239759,-227050,4267
1689018239760,-227050,4267
1689018239762,-227050,4267
1689018239763,-227050,4267
1689018239764,-227050,4267
1689018239764,-227050,4267
1689018239765,-227050,4267
1689018239766,-227050,4267
1689018239766,-227050,4267
1689018239767,-227050,4267
1689018239768,-227050,4267
1689018239768,-227050,4267
1689018239769,-227050,4267
1689018239770,-227050,4267
1689018239771,-227050,4267
1689018239771,-227050,4267
1689018239772,-227050,4267
1689018239773,-227050,4267
1689018239773,-227050,4267
1689018239774,-227050,4267
1689018239775,-227050,4267
1689018239775,-227050,4267
1689018239776,-227050,4267
1689018239777,-227050,4267
1689018239777,-227050,4267
1689018239778,-227050,4267
1689018239779,-227050,4267
1689018239779,-227050,4267
1689018239781,-227050,4267
1689018239782,-227050,4267
1689018239783,-227050,4267
1689018239784,-227050,4267
1689018239785,-227050,4267
1689018239785,-227050,4267
1689018239786,-227050,4267
1689018239787,-227050,4267
1689018239787,-227050,4267
1689018239788,-227050,4267
1689018239789,-227050,4267
1689018239789,-227050,4267
1689018239790,-227050,4267
1689018239791,-227050,4267
1689018239792,-227050,4267
1689018239792,-227050,4267
1689018239793,-227050,4267
1689018239794,-227050,4267
1689018239795,-227050,4267
1689018239796,-227050,4267
1689018239797,-227050,4267
1689018239798,-227050,4267
1689018239798,-227050,4267
1689018239799,-227050,4267
1689018239799,-227050,4267
1689018239801,-227050,4267
1689018239801,-227050,4267
1689018239802,-227050,4267
1689018239803,-227050,4267
1689018239803,-227050,4267
1689018239804,-227050,4267
1689018239805,-227050,4267
1689018239805,-227050,4267
1689018239806,-227050,4267
1689018239807,-227050,4267
1689018239807,-227050,4267
1689018239808,-227050,4267
1689018239809,-227050,4267
1689018239809,-227050,4267
1689018239811,-227050,4267
1689018239812,-227050,4267
1689018239812,-227050,4267
1689018239813,-227050,4267
1689018239814,-227050,4267
1689018239815,-227050,4267
1689018239816,-227050,4267
1689018239817,-227050,4267
1689018239817,-227050,4267
1689018239818,-227050,4267
1689018239819,-227050,4267
1689018239820,-227050,4267
1689018239821,-227050,4267
1689018239822,-227050,4267
1689018239824,-227050,4267
1689018239825,-227050,4267
1689018239826,-227050,4267
1689018239827,-227050,4267
1689018239828,-227050,4267
1689018239829,-227050,4267
1689018239832,-227050,4267
1689018239834,-227050,4267
1689018239836,-227050,4267
1689018239838,-227050,4267
1689018239839,-227050,4267
1689018239841,-227050,4267
1689018239843,-227050,4267
1689018239844,-227050,4267
1689018239846,-227050,4267
1689018239847,-227050,4267
1689018239849,-227050,4267
1689018239851,-227050,4267
1689018239852,-227050,4267
1689018239853,-227050,4267
1689018239854,-227050,4267
1689018239855,-227050,4267
1689018239856,-227050,4267
1689018239856,-227050,4267
1689018239857,-227050,4267
1689018239857,-227050,4267
1689018239858,-227050,4267
1689018239859,-227050,4267
1689018239859,-227050,4267
1689018239860,-227050,4267
1689018239861,-227050,4267
1689018239862,-227050,4267
1689018239863,-227050,4267
1689018239864,-227050,4267
1689018239864,-227050,4267
1689018239865,-227050,4267
1689018239865,-227050,4267
1689018239866,-227050,4267
1689018239867,-227050,4267
1689018239867,-227050,4267
1689018239868,-227050,4267
1689018239868,-227050,4267
1689018239869,-227050,4267
1689018239870,-227050,4267
1689018239871,-227050,4267
1689018239872,-227050,4267
1689018239873,-227050,4267
1689018239874,-227050,4267
1689018239875,-227050,4267
1689018239875,-227050,4267
1689018239876,-227050,4267
1689018239877,-227050,4267
1689018239877,-227050,4267
1689018239878,-227050,4267
1689018239878,-227050,4267
1689018239879,-227050,4267
1689018239880,-227050,4267
1689018239881,-227050,4267
1689018239882,-227050,4267
1689018239882,-227050,4267
1689018239883,-227050,4267
1689018239884,-227050,4267
1689018239884,-227050,4267
1689018239885,-227050,4267
1689018239886,-227050,4267
1689018239887,-227050,4267
1689018239888,-227050,4267
1689018239889,-227050,4267
1689018239890,-227050,4267
1689018239891,-227050,4267
1689018239891,-227050,4267
1689018239892,-227050,4267
1689018239893,-227050,4267
1689018239893,-227050,4267
1689018239894,-227050,4267
1689018239895,-227050,4267
1689018239895,-227050,4267
1689018239896,-227050,4267
1689018239896,-227050,4267
1689018239897,-227050,4267
1689018239898,-227050,4267
1689018239898,-227050,4267
1689018239899,-227050,4267
1689018239900,-227050,4267
1689018239901,-227050,4267
1689018239901,-227050,4267
1689018239902,-227050,4267
1689018239903,-227050,4267
1689018239903,-227050,4267
1689018239904,-227050,4267
1689018239905,-227050,4267
1689018239905,-227050,4267
1689018239906,-227050,4267
1689018239906,-227050,4267
1689018239907,-227050,4267
1689018239908,-227050,4267
1689018239908,-227050,4267
1689018239909,-227050,4267
1689018239910,-227050,4267
1689018239911,-227050,4267
1689018239912,-227050,4267
1689018239912,-227050,4267
1689018239913,-227050,4267
1689018239914,-227050,4267
1689018239915,-227050,4267
1689018239916,-227050,4267
1689018239916,-227050,4267
1689018239917,-227050,4267
1689018239918,-227050,4267
1689018239918,-227050,4267
1689018239919,-227050,4267
1689018239919,-227050,4267
1689018239920,-227050,4267
1689018239921,-227050,4267
1689018239922,-227050,4267
1689018239923,-227050,4267
1689018239924,-227050,4267
1689018239925,-227050,4267
1689018239927,-227050,4267
1689018239928,-227050,4267
1689018239929,-227050,4267
1689018239929,-227050,4267
1689018239930,-227050,4267
1689018239932,-227050,4267
1689018239933,-227050,4267
1689018239934,-227050,4267
1689018239935,-227050,4267
1689018239936,-227050,4267
1689018239937,-227050,4267
1689018239937,-227050,4267
1689018239938,-227050,4267
1689018239939,-227050,4267
1689018239939,-227050,4267
1689018239940,-227050,4267
1689018239941,-227050,4267
1689018239941,-227050,4267
1689018239942,-227050,4267
1689018239942,-227050,4267
1689018239943,-227050,4267
1689018239944,-227050,4267
1689018239944,-227050,4267
1689018239945,-227050,4267
1689018239946,-227050,4267
1689018239946,-227050,4267
1689018239947,-227050,4267
1689018239947,-227050,4267
1689018239948,-227050,4267
1689018239949,-227050,4267
1689018239949,-227050,4267
1689018239950,-227050,4267
1689018239951,-227050,4267
1689018239951,-227050,4267
1689018239952,-227050,4267
1689018239952,-227050,4267
1689018239954,-227050,4267
1689018239954,-227050,4267
1689018239955,-227050,4267
1689018239956,-227050,4267
1689018239956,-227050,4267
1689018239957,-227050,4267
1689018239957,-227050,4267
1689018239958,-227050,4267
1689018239959,-227050,4267
1689018239959,-227050,4267
1689018239960,-227050,4267
1689018239961,-227050,4267
1689018239961,-227050,4267
1689018239962,-227050,4267
1689018239962,-227050,4267
1689018239963,-227050,4267
1689018239964,-227050,4267
1689018239964,-227050,4267
1689018239965,-227050,4267
1689018239965,-227050,4267
1689018239966,-227050,4267
1689018239967,-227050,4267
1689018239967,-227050,4267
1689018239968,-227050,4267
1689018239968,-227050,4267
1689018239969,-227050,4267
1689018239970,-227050,4267
1689018239970,-227050,4267
1689018239972,-227050,4267
1689018239973,-227050,4267
1689018239974,-227050,4267
1689018239975,-227050,4267
1689018239976,-227050,4267
1689018239977,-227050,4267
1689018239978,-227050,4267
1689018239979,-227050,4267
1689018239980,-227050,4267
1689018239981,-227050,4267
1689018239982,-227050,4267
1689018239983,-227050,4267
1689018239984,-227050,4267
1689018239985,-227050,4267
1689018239985,-227050,4267
1689018239986,-227050,4267
1689018239987,-227050,4267
1689018239987,-227050,4267
1689018239988,-227050,4267
1689018239989,-227050,4267
1689018239989,-227050,4267
1689018239991,-227050,4267
1689018239992,-227050,4267
1689018239994,-227050,4267
1689018239995,-227050,4267
1689018239996,-227050,4267
1689018239998,-227050,4267
1689018239999,-227050,4267
1689018240001,-227050,4267
1689018240003,-227050,4267
1689018240005,-227050,4267
1689018240006,-227050,4267
1689018240007,-227050,4267
1689018240008,-227050,4267
1689018240010,-227050,4267
1689018240012,-227050,4267
1689018240014,-227050,4267
1689018240016,-227050,4267
1689018240017,-227050,4267
1689018240019,-227050,4267
1689018240021,-227050,4267
1689018240023,-227050,4267
1689018240025,-227050,4267
1689018240027,-227050,4267
1689018240028,-227050,4267
1689018240035,-227050,4267
1689018240038,-227050,4267
1689018240047,-227050,4267
1689018240051,-227050,4267
1689018240054,-227050,4267
1689018240057,-227050,4267
1689018240059,-227050,4267
1689018240064,-227050,4267
1689018240067,-227050,4267
1689018240069,-227050,4267
1689018240070,-227050,4267
1689018240072,-227050,4267
1689018240074,-227050,4267
1689018240076,-227050,4267
1689018240078,-227050,4267
1689018240081,-227050,4267
1689018240083,-227050,4267
1689018240085,-227050,4267
1689018240088,-227050,4267
1689018240091,-227050,4267
1689018240093,-227050,4267
1689018240095,-227050,4267
1689018240097,-227050,4267
1689018240099,-227050,4267
1689018240101,-227050,4267
1689018240103,-227050,4267
1689018240105,-227050,4267
1689018240106,-227050,4267
1689018240108,-227050,4267
1689018240111,-227050,4267
1689018240114,-227050,4267
1689018240116,-227050,4267
1689018240119,-227050,4267
1689018240121,-227050,4267
1689018240124,-227050,4267
1689018240126,-227050,4267
1689018240128,-227050,4267
1689018240131,-227050,4267
1689018240133,-227050,4267
1689018240136,-227050,4267
1689018240138,-227050,4267
1689018240142,-227050,4267
1689018240146,-227050,4267
1689018240148,-227050,4267
1689018240151,-227050,4267
1689018240153,-227050,4267
1689018240155,-227050,4267
1689018240157,-227050,4267
1689018240159,-227050,4267
1689018240162,-227050,4267
1689018240164,-227050,4267
1689018240166,-227050,4267
1689018240168,-227050,4267
1689018240170,-227050,4267
1689018240172,-227050,4267
1689018240174,-227050,4267
1689018240176,-227050,4267
1689018240178,-227050,4267
1689018240181,-227050,4267
1689018240183,-227050,4267
1689018240185,-227050,4267
1689018240187,-227050,4267
1689018240189,-227050,4267
1689018240193,-227050,4267
1689018240195,-227050,4267
1689018240197,-227050,4267
1689018240199,-227050,4267
1689018240201,-227050,4267
1689018240204,-227050,4267
1689018240207,-227050,4267
1689018240208,-227050,4267
1689018240210,-227050,4267
1689018240213,-227050,4267
1689018240215,-227050,4267
1689018240217,-227050,4267
1689018240220,-227050,4267
1689018240222,-227050,4267
1689018240224,-227050,4267
1689018240227,-227050,4267
1689018240229,-227050,4267
1689018240232,-227050,4267
1689018240236,-227050,4267
1689018240238,-227050,4267
1689018240242,-227050,4267
1689018240244,-227050,4267
1689018240247,-227050,4267
1689018240250,-227050,4267
1689018240253,-227050,4267
1689018240255,-227050,4267
1689018240258,-227050,4267
1689018240262,-227050,4267
1689018240266,-227050,4267
1689018240269,-227050,4267
1689018240273,-227050,4267
1689018240276,-227050,4267
1689018240279,-227050,4267
1689018240282,-227050,4267
1689018240285,-227050,4267
1689018240288,-227050,4267
1689018240300,-227050,4267
1689018240303,-227050,4267
1689018240306,-227050,4267
1689018240309,-227050,4267
1689018240311,-227050,4267
1689018240313,-227050,4267
1689018240316,-227050,4267
1689018240318,-227050,4267
1689018240319,-227050,4267
1689018240322,-227050,4267
1689018240324,-227050,4267
1689018240326,-227050,4267
1689018240328,-227050,4267
1689018240331,-227050,4267
1689018240334,-227050,4267
1689018240336,-227050,4267
1689018240338,-227050,4267
1689018240341,-227050,4267
1689018240343,-227050,4267
1689018240345,-227050,4267
1689018240347,-227050,4267
1689018240349,-227050,4267
1689018240352,-227050,4267
1689018240354,-227050,4267
1689018240356,-227050,4267
1689018240358,-227050,4267
1689018240361,-227050,4267
1689018240363,-227050,4267
1689018240365,-227050,4267
1689018240368,-227050,4267
1689018240370,-227050,4267
1689018240372,-227050,4267
1689018240374,-227050,4267
1689018240376,-227050,4267
1689018240378,-227050,4267
1689018240381,-227050,4267
1689018240387,-227050,4267
1689018240389,-227050,4267
1689018240393,-227050,4267
1689018240397,-227050,4267
1689018240400,-227050,4267
1689018240403,-227050,4267
1689018240406,-227050,4267
1689018240408,-227050,4267
1689018240412,-227050,4267
1689018240415,-227050,4267
1689018240417,-227050,4267
1689018240419,-227050,4267
1689018240422,-227050,4267
1689018240425,-227050,4267
1689018240428,-227050,4267
1689018240432,-227050,4267
1689018240435,-227050,4267
1689018240438,-227050,4267
1689018240441,-227050,4267
1689018240444,-227050,4267
1689018240447,-227050,4267
1689018240449,-227050,4267
1689018240453,-227050,4267
1689018240456,-177246,4267
1689018240459,-177246,4267
1689018240462,-177246,4267
1689018240464,-177246,4267
1689018240467,-177246,4267
1689018240470,-177246,4267
1689018240474,-177246,4267
1689018240477,-177246,4267
1689018240480,-177246,4267
1689018240482,-177246,4267
1689018240485,-177246,4267
1689018240488,-177246,4267
1689018240491,-177246,4267
1689018240494,-177246,4267
1689018240497,-177246,4267
1689018240500,-177246,4267
1689018240503,-177246,4267
1689018240506,-177246,4267
1689018240509,-177246,4267
1689018240512,-177246,4267
1689018240515,-177246,4267
1689018240518,-177246,4267
1689018240521,-177246,4267
1689018240523,-177246,4267
1689018240526,-177246,4267
1689018240528,-177246,4267
1689018240532,-177246,4267
1689018240536,-177246,4267
1689018240538,-177246,4267
1689018240541,-177246,4267
1689018240544,-177246,4267
1689018240546,-177246,4267
1689018240549,-177246,4267
1689018240552,-177246,4267
1689018240555,-177246,4267
1689018240557,-177246,4267
1689018240560,-177246,4267
1689018240562,-177246,4267
1689018240565,-177246,4267
1689018240568,-177246,4267
1689018240571,-177246,4267
1689018240574,-177246,4267
1689018240576,-177246,4267
1689018240579,-177246,4267
1689018240582,-177246,4267
1689018240585,-177246,4267
1689018240587,-177246,4267
1689018240592,-177246,4267
1689018240596,-177246,4267
1689018240599,-177246,4267
1689018240603,-177246,4267
1689018240605,-177246,4267
1689018240608,-177246,4267
1689018240611,-177246,4267
1689018240614,-177246,4267
1689018240617,-177246,4267
1689018240619,-177246,4267
1689018240622,-177246,4267
1689018240625,-177246,4267
1689018240628,-177246,4267
1689018240632,-177246,4267
1689018240635,-177246,4267
1689018240638,-177246,4267
1689018240640,-177246,4267
1689018240643,-177246,4267
1689018240646,-177246,4267
1689018240649,-177246,4267
1689018240653,-177246,4267
1689018240655,-177246,4267
1689018240658,-177246,4267
1689018240661,-177246,4267
1689018240664,-177246,4267
1689018240667,-177246,4267
1689018240670,-177246,4267
1689018240674,-177246,4267
1689018240677,-177246,4267
1689018240679,-177246,4267
1689018240682,-177246,4267
1689018240685,-177246,4267
1689018240687,-177246,4267
1689018240690,-177246,4267
1689018240692,-177246,4267
1689018240695,-177246,4267
1689018240698,-177246,4267
1689018240701,-177246,4267
1689018240704,-177246,4267
1689018240706,-177246,4267
1689018240709,-177246,4267
1689018240712,-177246,4267
1689018240715,-177246,4267
1689018240718,-177246,4267
1689018240721,-177246,4267
1689018240724,-177246,4267
1689018240726,-177246,4267
1689018240729,-177246,4267
1689018240732,-177246,4267
1689018240735,-177246,4267
1689018240738,-177246,4267
1689018240740,-177246,4267
1689018240743,-177246,4267
1689018240745,-177246,4267
1689018240749,-177246,4267
1689018240752,-177246,4267
1689018240757,-177246,4267
1689018240763,-177246,4267
1689018240769,-177246,4267
1689018240775,-177246,4267
1689018240779,-177246,4267
1689018240782,-177246,4267
1689018240785,-177246,4267
1689018240787,-177246,4267
1689018240791,-177246,4267
1689018240794,-177246,4267
1689018240796,-177246,4267
1689018240799,-177246,4267
1689018240802,-177246,4267
1689018240805,-177246,4267
1689018240807,-177246,4267
1689018240809,-177246,4267
1689018240811,-177246,4267
1689018240813,-177246,4267
1689018240815,-177246,4267
1689018240818,-177246,4267
1689018240820,-177246,4267
1689018240823,-177246,4267
1689018240826,-177246,4267
1689018240828,-177246,4267
1689018240832,-177246,4267
1689018240835,-177246,4267
1689018240838,-177246,4267
1689018240841,-177246,4267
1689018240843,-177246,4267
1689018240846,-177246,4267
1689018240848,-177246,4267
1689018240851,-177246,4267
1689018240854,-177246,4267
1689018240857,-177246,4267
1689018240860,-177246,4267
1689018240863,-177246,4267
1689018240866,-177246,4267
1689018240869,-177246,4267
1689018240872,-177246,4267
1689018240875,-177246,4267
1689018240878,-177246,4267
1689018240881,-177246,4267
1689018240884,-177246,4267
1689018240886,-177246,4267
1689018240889,-177246,4267
1689018240892,-177246,4267
1689018240895,-177246,4267
1689018240898,-177246,4267
1689018240901,-177246,4267
1689018240903,-177246,4267
1689018240906,-177246,4267
1689018240908,-177246,4267
1689018240912,-177246,4267
1689018240915,-177246,4267
1689018240918,-177246,4267
1689018240921,-177246,4267
1689018240924,-177246,4267
1689018240927,-177246,4267
1689018240930,-177246,4267
1689018240934,-177246,4267
1689018240936,-177246,4267
1689018240939,-177246,4267
1689018240941,-177246,4267
1689018240944,-177246,4267
1689018240947,-177246,4267
1689018240952,-177246,4267
1689018240956,-177246,4267
1689018240959,-177246,4267
1689018240961,-177246,4267
1689018240964,-177246,4267
1689018240967,-177246,4267
1689018240969,-177246,4267
1689018240972,-177246,4267
1689018240975,-177246,4267
1689018240977,-177246,4267
1689018240979,-177246,4267
1689018240981,-177246,4267
1689018240983,-177246,4267
1689018240985,-177246,4267
1689018240987,-177246,4267
1689018240989,-177246,4267
1689018240992,-177246,4267
1689018240993,-177246,4267
1689018240994,-177246,4267
1689018240995,-177246,4267
1689018240996,-177246,4267
1689018240997,-177246,4267
1689018240998,-177246,4267
1689018240999,-177246,4267
1689018241001,-177246,4267
1689018241003,-177246,4267
1689018241004,-177246,4267
1689018241006,-177246,4267
1689018241007,-177246,4267
1689018241008,-177246,4267
1689018241010,-177246,4267
1689018241012,-177246,4267
1689018241014,-177246,4267
1689018241016,-177246,4267
1689018241017,-177246,4267
1689018241019,-177246,4267
1689018241021,-177246,4267
1689018241023,-177246,4267
1689018241024,-177246,4267
1689018241026,-177246,4267
1689018241028,-177246,4267
1689018241030,-177246,4267
1689018241031,-177246,4267
1689018241033,-177246,4267
1689018241034,-177246,4267
1689018241036,-177246,4267
1689018241037,-177246,4267
1689018241038,-177246,4267
1689018241040,-177246,4267
1689018241042,-177246,4267
1689018241044,-177246,4267
1689018241045,-177246,4267
1689018241047,-177246,4267
1689018241048,-177246,4267
1689018241049,-177246,4267
1689018241051,-177246,4267
1689018241054,-177246,4267
1689018241057,-177246,4267
1689018241061,-177246,4267
1689018241064,-177246,4267
1689018241068,-177246,4267
1689018241072,-177246,4267
1689018241076,-177246,4267
1689018241078,-177246,4267
1689018241081,-177246,4267
1689018241084,-177246,4267
1689018241086,-177246,4267
1689018241089,-177246,4267
1689018241093,-177246,4267
1689018241095,-177246,4267
1689018241097,-177246,4267
1689018241100,-177246,4267
1689018241102,-177246,4267
1689018241105,-177246,4267
1689018241109,-177246,4267
1689018241113,-177246,4267
1689018241115,-177246,4267
1689018241117,-177246,4267
1689018241119,-177246,4267
1689018241121,-177246,4267
1689018241124,-177246,4267
1689018241127,-177246,4267
1689018241131,-177246,4267
1689018241133,-177246,4267
1689018241136,-177246,4267
1689018241138,-177246,4267
1689018241140,-177246,4267
1689018241142,-177246,4267
1689018241144,-177246,4267
1689018241146,-177246,4267
1689018241149,-177246,4267
1689018241152,-177246,4267
1689018241154,-177246,4267
1689018241156,-177246,4267
1689018241158,-177246,4267
1689018241161,-177246,4267
1689018241163,-177246,4267
1689018241165,-177246,4267
1689018241167,-177246,4267
1689018241169,-177246,4267
1689018241172,-177246,4267
1689018241174,-177246,4267
1689018241176,-177246,4267
1689018241178,-177246,4267
1689018241181,-177246,4267
1689018241183,-177246,4267
1689018241185,-177246,4267
1689018241187,-177246,4267
1689018241189,-177246,4267
1689018241192,-177246,4267
1689018241194,-177246,4267
1689018241196,-177246,4267
1689018241198,-177246,4267
1689018241201,-177246,4267
1689018241203,-177246,4267
1689018241205,-177246,4267
1689018241207,-177246,4267
1689018241209,-177246,4267
1689018241212,-177246,4267
1689018241214,-177246,4267
1689018241215,-177246,4267
1689018241218,-177246,4267
1689018241220,-177246,4267
1689018241222,-177246,4267
1689018241224,-177246,4267
1689018241226,-177246,4267
1689018241228,-177246,4267
1689018241231,-177246,4267
1689018241233,-177246,4267
1689018241235,-177246,4267
1689018241237,-177246,4267
1689018241239,-177246,4267
1689018241241,-177246,4267
1689018241243,-177246,4267
1689018241246,-177246,4267
1689018241249,-177246,4267
1689018241253,-177246,4267
1689018241256,-177246,4267
1689018241259,-177246,4267
1689018241262,-177246,4267
1689018241264,-177246,4267
1689018241268,-177246,4267
1689018241271,-177246,4267
1689018241273,-177246,4267
1689018241275,-177246,4267
1689018241276,-177246,4267
1689018241277,-177246,4267
1689018241278,-177246,4267
1689018241279,-177246,4267
1689018241280,-177246,4267
1689018241282,-177246,4267
1689018241283,-177246,4267
1689018241284,-177246,4267
1689018241285,-177246,4267
1689018241286,-177246,4267
1689018241288,-177246,4267
1689018241289,-177246,4267
1689018241291,-177246,4267
1689018241292,-177246,4267
1689018241294,-177246,4267
1689018241295,-177246,4267
1689018241297,-177246,4267
1689018241298,-177246,4267
1689018241299,-177246,4267
1689018241301,-177246,4267
1689018241303,-177246,4267
1689018241304,-177246,4267
1689018241305,-177246,4267
1689018241307,-177246,4267
1689018241309,-177246,4267
1689018241311,-177246,4267
1689018241313,-177246,4267
1689018241314,-177246,4267
1689018241316,-177246,4267
1689018241317,-177246,4267
1689018241318,-177246,4267
1689018241320,-177246,4267
1689018241321,-177246,4267
1689018241323,-177246,4267
1689018241325,-177246,4267
1689018241327,-177246,4267
1689018241328,-177246,4267
1689018241329,-177246,4267
1689018241331,-177246,4267
1689018241333,-177246,4267
1689018241334,-177246,4267
1689018241336,-177246,4267
1689018241338,-177246,4267
1689018241339,-177246,4267
1689018241341,-177246,4267
1689018241343,-177246,4267
1689018241345,-177246,4267
1689018241347,-177246,4267
1689018241349,-177246,4267
1689018241351,-177246,4267
1689018241353,-177246,4267
1689018241355,-177246,4267
1689018241356,-177246,4267
1689018241358,-177246,4267
1689018241359,-177246,4267
1689018241361,-177246,4267
1689018241363,-177246,4267
1689018241364,-177246,4267
1689018241366,-177246,4267
1689018241367,-177246,4267
1689018241368,-177246,4267
1689018241370,-177246,4267
1689018241373,-177246,4267
1689018241377,-177246,4267
1689018241380,-177246,4267
1689018241383,-177246,4267
1689018241386,-177246,4267
1689018241389,-177246,4267
1689018241393,-177246,4267
1689018241396,-177246,4267
1689018241399,-177246,4267
1689018241403,-177246,4267
1689018241406,-177246,4267
1689018241409,-177246,4267
1689018241411,-177246,4267
1689018241414,-177246,4267
1689018241416,-177246,4267
1689018241419,-177246,4267
1689018241422,-177246,4267
1689018241425,-177246,4267
1689018241429,-177246,4267
1689018241433,-177246,4267
1689018241436,-177246,4267
1689018241438,-177246,4267
1689018241441,-177246,4267
1689018241443,-177246,4267
1689018241445,-177246,4267
1689018241446,-177246,4267
1689018241448,-177246,4267
1689018241450,-177246,4267
1689018241453,-177246,4267
1689018241456,-177246,4267
1689018241458,-177246,4267
1689018241463,-177246,4267
1689018241467,-177246,4267
1689018241471,-177246,4267
1689018241474,-177246,4267
1689018241477,-177246,4267
1689018241479,-177246,4267
1689018241481,-177246,4267
1689018241484,-177246,4267
1689018241486,-177246,4267
1689018241489,-177246,4267
1689018241492,-177246,4267
1689018241496,-177246,4267
1689018241498,-177246,4267
1689018241501,-177246,4267
1689018241504,-177246,4267
1689018241507,-177246,4267
1689018241511,-177246,4267
1689018241513,-177246,4267
1689018241516,-177246,4267
1689018241519,-177246,4267
1689018241522,-177246,4267
1689018241525,-177246,4267
1689018241528,-177246,4267
1689018241530,-177246,4267
1689018241533,-177246,4267
1689018241535,-177246,4267
1689018241537,-177246,4267
1689018241540,-177246,4267
1689018241547,-177246,4267
1689018241552,-177246,4267
1689018241555,-177246,4267
1689018241557,-177246,4267
1689018241559,-177246,4267
1689018241561,-177246,4267
1689018241563,-177246,4267
1689018241564,-177246,4267
1689018241566,-177246,4267
1689018241567,-177246,4267
1689018241569,-177246,4267
1689018241571,-177246,4267
1689018241573,-177246,4267
1689018241574,-177246,4267
1689018241576,-177246,4267
1689018241577,-177246,4267
1689018241579,-177246,4267
1689018241580,-177246,4267
1689018241582,-177246,4267
1689018241583,-177246,4267
1689018241585,-177246,4267
1689018241587,-177246,4267
1689018241588,-177246,4267
1689018241589,-177246,4267
1689018241592,-177246,4267
1689018241593,-177246,4267
1689018241595,-177246,4267
1689018241596,-177246,4267
1689018241598,-177246,4267
1689018241599,-177246,4267
1689018241601,-177246,4267
1689018241603,-177246,4267
1689018241604,-177246,4267
1689018241606,-177246,4267
1689018241607,-177246,4267
1689018241608,-177246,4267
1689018241610,-177246,4267
1689018241612,-177246,4267
1689018241614,-177246,4267
1689018241616,-177246,4267
1689018241617,-177246,4267
1689018241619,-177246,4267
1689018241621,-177246,4267
1689018241623,-177246,4267
1689018241625,-177246,4267
1689018241627,-177246,4267
1689018241629,-177246,4267
1689018241631,-177246,4267
1689018241633,-177246,4267
1689018241635,-177246,4267
1689018241637,-177246,4267
1689018241638,-177246,4267
1689018241640,-177246,4267
1689018241642,-177246,4267
1689018241644,-177246,4267
1689018241646,-177246,4267
1689018241648,-177246,4267
1689018241649,-177246,4267
1689018241652,-177246,4267
1689018241654,-177246,4267
1689018241657,-177246,4267
1689018241660,-177246,4267
1689018241663,-177246,4267
1689018241665,-177246,4267
1689018241668,-177246,4267
1689018241673,-177246,4267
1689018241676,-177246,4267
1689018241678,-177246,4267
1689018241681,-177246,4267
1689018241684,-177246,4267
1689018241686,-177246,4267
1689018241689,-177246,4267
1689018241692,-177246,4267
1689018241695,-177246,4267
1689018241697,-177246,4267
1689018241700,-177246,4267
1689018241702,-177246,4267
1689018241705,-177246,4267
1689018241708,-177246,4267
1689018241712,-177246,4267
1689018241715,-177246,4267
1689018241718,-177246,4267
1689018241721,-177246,4267
1689018241724,-177246,4267
1689018241727,-177246,4267
1689018241730,-177246,4267
1689018241733,-177246,4267
1689018241736,-177246,4267
1689018241739,-177246,4267
1689018241742,-177246,4267
1689018241745,-177246,4267
1689018241748,-177246,4267
1689018241752,-177246,4267
1689018241755,-177246,4267
1689018241758,-177246,4267
1689018241762,-177246,4267
1689018241765,-177246,4267
1689018241767,-177246,4267
1689018241770,-177246,4267
1689018241773,-177246,4267
1689018241776,-177246,4267
1689018241778,-177246,4267
1689018241781,-177246,4267
1689018241785,-177246,4267
1689018241788,-177246,4267
1689018241792,-177246,4267
1689018241795,-177246,4267
1689018241797,-177246,4267
1689018241800,-177246,4267
1689018241803,-177246,4267
1689018241805,-177246,4267
1689018241808,-177246,4267
1689018241810,-177246,4267
1689018241814,-177246,4267
1689018241816,-177246,4267
1689018241819,-177246,4267
1689018241823,-177246,4267
1689018241826,-177246,4267
1689018241830,-177246,4267
1689018241833,-177246,4267
1689018241836,-177246,4267
1689018241838,-177246,4267
1689018241841,-177246,4267
1689018241844,-177246,4267
1689018241846,-177246,4267
1689018241848,-177246,4267
1689018241851,-177246,4267
1689018241854,-177246,4267
1689018241857,-177246,4267
1689018241860,-177246,4267
1689018241862,-177246,4267
1689018241865,-177246,4267
1689018241868,-177246,4267
1689018241871,-177246,4267
1689018241874,-177246,4267
1689018241877,-177246,4267
1689018241879,-177246,4267
1689018241883,-177246,4267
1689018241886,-177246,4267
1689018241888,-177246,4267
1689018241891,-177246,4267
1689018241894,-177246,4267
1689018241897,-177246,4267
1689018241899,-177246,4267
1689018241903,-177246,4267
1689018241907,-177246,4267
1689018241910,-177246,4267
1689018241914,-177246,4267
1689018241917,-177246,4267
1689018241920,-177246,4267
1689018241923,-157226,4267
1689018241926,-157226,4267
1689018241929,-157226,4267
1689018241932,-157226,4267
1689018241934,-157226,4267
1689018241937,-157226,4267
1689018241940,-157226,4267
1689018241943,-157226,4267
1689018241946,-157226,4267
1689018241949,-157226,4267
1689018241952,-157226,4267
1689018241955,-157226,4267
1689018241958,-157226,4267
1689018241960,-157226,4267
1689018241963,-157226,4267
1689018241965,-157226,4267
1689018241968,-157226,4267
1689018241971,-157226,4267
1689018241975,-157226,4267
1689018241978,-157226,4267
1689018241980,-157226,4267
1689018241983,-157226,4267
1689018241986,-157226,4267
1689018241989,-157226,4267
1689018241992,-157226,4267
1689018241995,-157226,4267
1689018241998,-157226,4267
1689018242001,-157226,4267
1689018242004,-157226,4267
1689018242007,-157226,4267
1689018242010,-157226,4267
1689018242013,-157226,4267
1689018242016,-157226,4267
1689018242018,-157226,4267
1689018242021,-157226,4267
1689018242024,-157226,4267
1689018242028,-157226,4267
1689018242032,-157226,4267
1689018242035,-157226,4267
1689018242037,-157226,4267
1689018242040,-157226,4267
1689018242043,-157226,4267
1689018242045,-157226,4267
1689018242047,-157226,4267
1689018242050,-157226,4267
1689018242053,-157226,4267
1689018242055,-157226,4267
1689018242058,-157226,4267
1689018242061,-157226,4267
1689018242065,-157226,4267
1689018242069,-157226,4267
1689018242073,-157226,4267
1689018242079,-157226,4267
1689018242084,-157226,4267
1689018242088,-157226,4267
1689018242092,-157226,4267
1689018242096,-157226,4267
1689018242099,-157226,4267
1689018242102,-157226,4267
1689018242105,-157226,4267
1689018242106,-157226,4267
1689018242108,-157226,4267
1689018242109,-157226,4267
1689018242110,-157226,4267
1689018242113,-157226,4267
1689018242114,-157226,4267
1689018242116,-157226,4267
1689018242117,-157226,4267
1689018242118,-157226,4267
1689018242120,-157226,4267
1689018242122,-157226,4267
1689018242123,-157226,4267
1689018242125,-157226,4267
1689018242127,-157226,4267
1689018242128,-157226,4267
1689018242130,-157226,4267
1689018242133,-157226,4267
1689018242136,-157226,4267
1689018242139,-157226,4267
1689018242142,-157226,4267
1689018242145,-157226,4267
1689018242149,-157226,4267
1689018242153,-157226,4267
1689018242156,-157226,4267
1689018242159,-157226,4267
1689018242162,-157226,4267
1689018242165,-157226,4267
1689018242168,-157226,4267
1689018242171,-157226,4267
1689018242175,-157226,4267
1689018242177,-157226,4267
1689018242182,-157226,4267
1689018242185,-157226,4267
1689018242189,-157226,4267
1689018242192,-157226,4267
1689018242195,-157226,4267
1689018242198,-157226,4267
1689018242201,-157226,4267
1689018242206,-157226,4267
1689018242209,-157226,4267
1689018242213,-157226,4267
1689018242216,-157226,4267
1689018242217,-157226,4267
1689018242219,-157226,4267
1689018242223,-157226,4267
1689018242226,-157226,4267
1689018242228,-157226,4267
1689018242232,-157226,4267
1689018242237,-157226,4267
1689018242239,-157226,4267
1689018242241,-157226,4267
1689018242243,-157226,4267
1689018242246,-157226,4267
1689018242249,-157226,4267
1689018242252,-157226,4267
1689018242256,-157226,4267
1689018242264,-157226,4267
1689018242266,-157226,4267
1689018242268,-157226,4267
1689018242272,-157226,4267
1689018242275,-157226,4267
1689018242280,-157226,4267
1689018242282,-157226,4267
1689018242285,-157226,4267
1689018242287,-157226,4267
1689018242289,-157226,4267
1689018242291,-157226,4267
1689018242292,-157226,4267
1689018242294,-157226,4267
1689018242296,-157226,4267
1689018242297,-157226,4267
1689018242298,-157226,4267
1689018242300,-157226,4267
1689018242301,-157226,4267
1689018242303,-157226,4267
1689018242305,-157226,4267
1689018242306,-157226,4267
1689018242308,-157226,4267
1689018242309,-157226,4267
1689018242311,-157226,4267
1689018242313,-157226,4267
1689018242314,-157226,4267
1689018242316,-157226,4267
1689018242317,-157226,4267
1689018242319,-157226,4267
1689018242321,-157226,4267
1689018242322,-157226,4267
1689018242324,-157226,4267
1689018242325,-157226,4267
1689018242326,-157226,4267
1689018242328,-157226,4267
1689018242329,-157226,4267
1689018242332,-157226,4267
1689018242334,-157226,4267
1689018242336,-157226,4267
1689018242345,-157226,4267
1689018242348,-157226,4267
1689018242352,-157226,4267
1689018242356,-157226,4267
1689018242359,-157226,4267
1689018242363,-157226,4267
1689018242367,-157226,4267
1689018242373,-157226,4267
1689018242376,-157226,4267
1689018242379,-157226,4267
1689018242384,-157226,4267
1689018242387,-157226,4267
1689018242389,-157226,4267
1689018242393,-157226,4267
1689018242395,-157226,4267
1689018242397,-157226,4267
1689018242399,-157226,4267
1689018242400,-157226,4267
1689018242402,-157226,4267
1689018242403,-157226,4267
1689018242405,-157226,4267
1689018242406,-157226,4267
1689018242408,-157226,4267
1689018242409,-157226,4267
1689018242410,-157226,4267
1689018242412,-157226,4267
1689018242414,-157226,4267
1689018242416,-157226,4267
1689018242417,-157226,4267
1689018242419,-157226,4267
1689018242421,-157226,4267
1689018242423,-157226,4267
1689018242425,-157226,4267
1689018242426,-157226,4267
1689018242428,-157226,4267
1689018242429,-157226,4267
1689018242432,-157226,4267
1689018242434,-157226,4267
1689018242436,-157226,4267
1689018242438,-157226,4267
1689018242441,-157226,4267
1689018242443,-157226,4267
1689018242445,-157226,4267
1689018242448,-157226,4267
1689018242450,-157226,4267
1689018242452,-157226,4267
1689018242455,-157226,4267
1689018242458,-157226,4267
1689018242461,-157226,4267
1689018242464,-157226,4267
1689018242466,-157226,4267
1689018242468,-157226,4267
1689018242471,-157226,4267
1689018242474,-157226,4267
1689018242476,-157226,4267
1689018242478,-157226,4267
1689018242480,-157226,4267
1689018242482,-157226,4267
1689018242485,-157226,4267
1689018242487,-157226,4267
1689018242491,-157226,4267
1689018242495,-157226,4267
1689018242497,-157226,4267
1689018242499,-157226,4267
1689018242504,-157226,4267
1689018242507,-157226,4267
1689018242510,-157226,4267
1689018242514,-157226,4267
1689018242517,-157226,4267
1689018242519,-157226,4267
1689018242522,-157226,4267
1689018242525,-157226,4267
1689018242527,-157226,4267
1689018242530,-157226,4267
1689018242533,-157226,4267
1689018242536,-157226,4267
1689018242538,-157226,4267
1689018242542,-157226,4267
1689018242545,-157226,4267
1689018242548,-157226,4267
1689018242551,-157226,4267
1689018242554,-157226,4267
1689018242556,-157226,4267
1689018242559,-157226,4267
1689018242562,-157226,4267
1689018242564,-157226,4267
1689018242567,-157226,4267
1689018242570,-157226,4267
1689018242574,-157226,4267
1689018242577,-157226,4267
1689018242579,-157226,4267
1689018242582,-157226,4267
1689018242585,-157226,4267
1689018242588,-157226,4267
1689018242591,-157226,4267
1689018242595,-157226,4267
1689018242597,-157226,4267
1689018242598,-157226,4267
1689018242600,-157226,4267
1689018242603,-157226,4267
1689018242606,-157226,4267
1689018242608,-157226,4267
1689018242609,-157226,4267
1689018242612,-157226,4267
1689018242614,-157226,4267
1689018242615,-157226,4267
1689018242617,-157226,4267
1689018242618,-157226,4267
1689018242619,-157226,4267
1689018242621,-157226,4267
1689018242623,-157226,4267
1689018242625,-157226,4267
1689018242626,-157226,4267
1689018242627,-157226,4267
1689018242629,-157226,4267
1689018242631,-157226,4267
1689018242632,-157226,4267
1689018242634,-157226,4267
1689018242635,-157226,4267
1689018242636,-157226,4267
1689018242637,-157226,4267
1689018242638,-157226,4267
1689018242639,-157226,4267
1689018242640,-157226,4267
1689018242642,-157226,4267
1689018242643,-157226,4267
1689018242644,-157226,4267
1689018242645,-157226,4267
1689018242646,-157226,4267
1689018242647,-157226,4267
1689018242649,-157226,4267
1689018242651,-157226,4267
1689018242652,-157226,4267
1689018242654,-157226,4267
1689018242656,-157226,4267
1689018242657,-157226,4267
1689018242659,-157226,4267
1689018242661,-157226,4267
1689018242662,-157226,4267
1689018242664,-157226,4267
1689018242666,-157226,4267
1689018242668,-157226,4267
1689018242670,-157226,4267
1689018242672,-157226,4267
1689018242674,-157226,4267
1689018242675,-157226,4267
1689018242677,-157226,4267
1689018242678,-157226,4267
1689018242680,-157226,4267
1689018242681,-157226,4267
1689018242683,-157226,4267
1689018242685,-157226,4267
1689018242686,-157226,4267
1689018242687,-157226,4267
1689018242689,-157226,4267
1689018242692,-157226,4267
1689018242694,-157226,4267
1689018242696,-157226,4267
1689018242698,-157226,4267
1689018242699,-157226,4267
1689018242702,-157226,4267
1689018242704,-157226,4267
1689018242705,-157226,4267
1689018242707,-157226,4267
1689018242709,-157226,4267
1689018242711,-157226,4267
1689018242712,-157226,4267
1689018242714,-157226,4267
1689018242715,-157226,4267
1689018242717,-157226,4267
1689018242719,-157226,4267
1689018242720,-157226,4267
1689018242722,-157226,4267
1689018242724,-157226,4267
1689018242725,-157226,4267
1689018242727,-157226,4267
1689018242729,-157226,4267
1689018242730,-157226,4267
1689018242733,-157226,4267
1689018242736,-157226,4267
1689018242739,-157226,4267
1689018242743,-157226,4267
1689018242747,-157226,4267
1689018242751,-157226,4267
1689018242754,-157226,4267
1689018242757,-157226,4267
1689018242760,-157226,4267
1689018242762,-157226,4267
1689018242765,-157226,4267
1689018242768,-157226,4267
1689018242770,-157226,4267
1689018242773,-157226,4267
1689018242776,-157226,4267
1689018242779,-157226,4267
1689018242783,-157226,4267
1689018242786,-157226,4267
1689018242788,-157226,4267
1689018242791,-157226,4267
1689018242794,-157226,4267
1689018242797,-157226,4267
1689018242799,-157226,4267
1689018242801,-157226,4267
1689018242804,-157226,4267
1689018242807,-157226,4267
1689018242809,-157226,4267
1689018242812,-157226,4267
1689018242815,-157226,4267
1689018242819,-157226,4267
1689018242823,-157226,4267
1689018242826,-157226,4267
1689018242829,-157226,4267
1689018242833,-157226,4267
1689018242835,-157226,4267
1689018242838,-157226,4267
1689018242841,-157226,4267
1689018242843,-157226,4267
1689018242846,-157226,4267
1689018242848,-157226,4267
1689018242851,-157226,4267
1689018242854,-157226,4267
1689018242856,-157226,4267
1689018242860,-157226,4267
1689018242863,-157226,4267
1689018242866,-157226,4267
1689018242868,-157226,4267
1689018242872,-157226,4267
1689018242875,-157226,4267
1689018242877,-157226,4267
1689018242880,-157226,4267
1689018242882,-157226,4267
1689018242885,-157226,4267
1689018242887,-157226,4267
1689018242890,-157226,4267
1689018242893,-157226,4267
1689018242895,-157226,4267
1689018242898,-157226,4267
1689018242902,-157226,4267
1689018242905,-157226,4267
1689018242907,-157226,4267
1689018242911,-157226,4267
1689018242914,-157226,4267
1689018242917,-157226,4267
1689018242919,-157226,4267
1689018242921,-157226,4267
1689018242924,-157226,4267
1689018242927,-157226,4267
1689018242930,-157226,4267
1689018242933,-157226,4267
1689018242936,-157226,4267
1689018242938,-157226,4267
1689018242941,-157226,4267
1689018242944,-157226,4267
1689018242947,-157226,4267
1689018242949,-157226,4267
1689018242952,-157226,4267
1689018242955,-157226,4267
1689018242957,-157226,4267
1689018242960,-157226,4267
1689018242963,-157226,4267
1689018242965,-157226,4267
1689018242968,-157226,4267
1689018242971,-157226,4267
1689018242974,-157226,4267
1689018242977,-157226,4267
1689018242980,-157226,4267
1689018242983,-157226,4267
1689018242986,-157226,4267
1689018242989,-157226,4267
1689018242993,-157226,4267
1689018242996,-157226,4267
1689018242999,-157226,4267
1689018243001,-157226,4267
1689018243004,-157226,4267
1689018243007,-157226,4267
1689018243009,-157226,4267
1689018243013,-157226,4267
1689018243016,-157226,4267
1689018243019,-157226,4267
1689018243023,-157226,4267
1689018243026,-157226,4267
1689018243029,-157226,4267
1689018243033,-157226,4267
1689018243036,-157226,4267
1689018243038,-157226,4267
1689018243041,-157226,4267
1689018243043,-157226,4267
1689018243046,-157226,4267
1689018243049,-157226,4267
1689018243052,-157226,4267
1689018243054,-157226,4267
1689018243057,-157226,4267
1689018243060,-157226,4267
1689018243063,-157226,4267
1689018243066,-157226,4267
1689018243068,-157226,4267
1689018243071,-157226,4267
1689018243074,-157226,4267
1689018243076,-157226,4267
1689018243079,-157226,4267
1689018243082,-157226,4267
1689018243085,-157226,4267
1689018243088,-157226,4267
1689018243091,-157226,4267
1689018243093,-157226,4267
1689018243096,-157226,4267
1689018243098,-157226,4267
1689018243102,-157226,4267
1689018243104,-157226,4267
1689018243107,-157226,4267
1689018243110,-157226,4267
1689018243112,-157226,4267
1689018243115,-157226,4267
1689018243117,-157226,4267
1689018243120,-157226,4267
1689018243123,-157226,4267
1689018243126,-157226,4267
1689018243128,-157226,4267
1689018243131,-157226,4267
1689018243134,-157226,4267
1689018243137,-157226,4267
1689018243140,-157226,4267
1689018243143,-157226,4267
1689018243145,-157226,4267
1689018243148,-157226,4267
1689018243151,-157226,4267
1689018243154,-157226,4267
1689018243156,-157226,4267
1689018243159,-157226,4267
1689018243162,-157226,4267
1689018243165,-157226,4267
1689018243167,-157226,4267
1689018243170,-157226,4267
1689018243173,-157226,4267
1689018243175,-157226,4267
1689018243179,-157226,4267
1689018243182,-157226,4267
1689018243185,-157226,4267
1689018243187,-157226,4267
1689018243190,-157226,4267
1689018243193,-157226,4267
1689018243195,-157226,4267
1689018243198,-157226,4267
1689018243201,-157226,4267
1689018243204,-157226,4267
1689018243206,-157226,4267
1689018243209,-157226,4267
1689018243212,-157226,4267
1689018243215,-157226,4267
1689018243218,-157226,4267
1689018243223,-157226,4267
1689018243226,-157226,4267
1689018243228,-157226,4267
1689018243232,-157226,4267
1689018243237,-157226,4267
1689018243240,-157226,4267
1689018243243,-157226,4267
1689018243245,-157226,4267
1689018243248,-157226,4267
1689018243250,-157226,4267
1689018243253,-157226,4267
1689018243255,-157226,4267
1689018243258,-157226,4267
1689018243261,-157226,4267
1689018243263,-157226,4267
1689018243265,-157226,4267
1689018243268,-157226,4267
1689018243271,-157226,4267
1689018243273,-157226,4267
1689018243276,-157226,4267
1689018243278,-157226,4267
1689018243281,-157226,4267
1689018243284,-157226,4267
1689018243287,-157226,4267
1689018243289,-157226,4267
1689018243292,-157226,4267
1689018243295,-157226,4267
1689018243299,-157226,4267
1689018243303,-157226,4267
1689018243305,-157226,4267
1689018243308,-157226,4267
1689018243310,-157226,4267
1689018243313,-157226,4267
1689018243316,-157226,4267
1689018243318,-157226,4267
1689018243321,-157226,4267
1689018243324,-157226,4267
1689018243327,-157226,4267
1689018243329,-157226,4267
1689018243333,-157226,4267
1689018243336,-157226,4267
1689018243339,-157226,4267
1689018243343,-157226,4267
1689018243346,-157226,4267
1689018243349,-157226,4267
1689018243351,-157226,4267
1689018243354,-157226,4267
1689018243356,-157226,4267
1689018243359,-157226,4267
1689018243361,-157226,4267
1689018243364,-157226,4267
1689018243366,-157226,4267
1689018243369,-157226,4267
1689018243372,-157226,4267
1689018243375,-157226,4267
1689018243378,-157226,4267
1689018243382,-157226,4267
1689018243385,-157226,4267
1689018243388,-162109,4267
1689018243391,-162109,4267
1689018243395,-162109,4267
1689018243398,-162109,4267
1689018243401,-162109,4267
1689018243403,-162109,4267
1689018243406,-162109,4267
1689018243408,-162109,4267
1689018243412,-162109,4267
1689018243416,-162109,4267
1689018243420,-162109,4267
1689018243423,-162109,4267
1689018243426,-162109,4267
1689018243428,-162109,4267
1689018243432,-162109,4267
1689018243435,-162109,4267
1689018243438,-162109,4267
1689018243441,-162109,4267
1689018243444,-162109,4267
1689018243447,-162109,4267
1689018243449,-162109,4267
1689018243453,-162109,4267
1689018243456,-162109,4267
1689018243459,-162109,4267
1689018243462,-162109,4267
1689018243465,-162109,4267
1689018243467,-162109,4267
1689018243469,-162109,4267
1689018243476,-162109,4267
1689018243483,-162109,4267
1689018243486,-162109,4267
1689018243489,-162109,4267
1689018243494,-162109,4267
1689018243496,-162109,4267
1689018243498,-162109,4267
1689018243500,-162109,4267
1689018243501,-162109,4267
1689018243502,-162109,4267
1689018243504,-162109,4267
1689018243505,-162109,4267
1689018243507,-162109,4267
1689018243508,-162109,4267
1689018243509,-162109,4267
1689018243511,-162109,4267
1689018243513,-162109,4267
1689018243515,-162109,4267
1689018243516,-162109,4267
1689018243518,-162109,4267
1689018243519,-162109,4267
1689018243521,-162109,4267
1689018243522,-162109,4267
1689018243524,-162109,4267
1689018243525,-162109,4267
1689018243527,-162109,4267
1689018243528,-162109,4267
1689018243529,-162109,4267
1689018243532,-162109,4267
1689018243534,-162109,4267
1689018243537,-162109,4267
1689018243539,-162109,4267
1689018243542,-162109,4267
1689018243544,-162109,4267
1689018243546,-162109,4267
1689018243548,-162109,4267
1689018243550,-162109,4267
1689018243553,-162109,4267
1689018243555,-162109,4267
1689018243558,-162109,4267
1689018243562,-162109,4267
1689018243564,-162109,4267
1689018243567,-162109,4267
1689018243569,-162109,4267
1689018243572,-162109,4267
1689018243574,-162109,4267
1689018243575,-162109,4267
1689018243578,-162109,4267
1689018243580,-162109,4267
1689018243583,-162109,4267
1689018243585,-162109,4267
1689018243586,-162109,4267
1689018243588,-162109,4267
1689018243591,-162109,4267
1689018243593,-162109,4267
1689018243595,-162109,4267
1689018243597,-162109,4267
1689018243598,-162109,4267
1689018243600,-162109,4267
1689018243602,-162109,4267
1689018243604,-162109,4267
1689018243606,-162109,4267
1689018243607,-162109,4267
1689018243609,-162109,4267
1689018243611,-162109,4267
1689018243613,-162109,4267
1689018243615,-162109,4267
1689018243617,-162109,4267
1689018243618,-162109,4267
1689018243619,-162109,4267
1689018243621,-162109,4267
1689018243623,-162109,4267
1689018243624,-162109,4267
1689018243625,-162109,4267
1689018243627,-162109,4267
1689018243628,-162109,4267
1689018243629,-162109,4267
1689018243632,-162109,4267
1689018243633,-162109,4267
1689018243635,-162109,4267
1689018243636,-162109,4267
1689018243638,-162109,4267
1689018243639,-162109,4267
1689018243641,-162109,4267
1689018243643,-162109,4267
1689018243645,-162109,4267
1689018243646,-162109,4267
1689018243648,-162109,4267
1689018243649,-162109,4267
1689018243651,-162109,4267
1689018243653,-162109,4267
1689018243655,-162109,4267
1689018243657,-162109,4267
1689018243658,-162109,4267
1689018243660,-162109,4267
1689018243661,-162109,4267
1689018243663,-162109,4267
1689018243664,-162109,4267
1689018243666,-162109,4267
1689018243667,-162109,4267
1689018243669,-162109,4267
1689018243670,-162109,4267
1689018243672,-162109,4267
1689018243674,-162109,4267
1689018243676,-162109,4267
1689018243678,-162109,4267
1689018243679,-162109,4267
1689018243681,-162109,4267
1689018243683,-162109,4267
1689018243685,-162109,4267
1689018243687,-162109,4267
1689018243689,-162109,4267
1689018243691,-162109,4267
1689018243693,-162109,4267
1689018243695,-162109,4267
1689018243697,-162109,4267
1689018243700,-162109,4267
1689018243702,-162109,4267
1689018243704,-162109,4267
1689018243706,-162109,4267
1689018243708,-162109,4267
1689018243710,-162109,4267
1689018243712,-162109,4267
1689018243716,-162109,4267
1689018243719,-162109,4267
1689018243722,-162109,4267
1689018243725,-162109,4267
1689018243728,-162109,4267
1689018243732,-162109,4267
1689018243735,-162109,4267
1689018243739,-162109,4267
1689018243742,-162109,4267
1689018243745,-162109,4267
1689018243747,-162109,4267
1689018243750,-162109,4267
1689018243753,-162109,4267
1689018243755,-162109,4267
1689018243757,-162109,4267
1689018243760,-162109,4267
1689018243764,-162109,4267
1689018243768,-162109,4267
1689018243770,-162109,4267
1689018243772,-162109,4267
1689018243775,-162109,4267
1689018243778,-162109,4267
1689018243780,-162109,4267
1689018243783,-162109,4267
1689018243785,-162109,4267
1689018243787,-162109,4267
1689018243789,-162109,4267
1689018243791,-162109,4267
1689018243795,-162109,4267
1689018243797,-162109,4267
1689018243799,-162109,4267
1689018243802,-162109,4267
1689018243805,-162109,4267
1689018243808,-162109,4267
1689018243811,-162109,4267
1689018243814,-162109,4267
1689018243819,-162109,4267
1689018243823,-162109,4267
1689018243826,-162109,4267
1689018243828,-162109,4267
1689018243831,-162109,4267
1689018243834,-162109,4267
1689018243837,-162109,4267
1689018243839,-162109,4267
1689018243841,-162109,4267
1689018243844,-162109,4267
1689018243846,-162109,4267
1689018243849,-162109,4267
1689018243852,-162109,4267
1689018243855,-162109,4267
1689018243858,-162109,4267
1689018243862,-162109,4267
1689018243865,-162109,4267
1689018243867,-162109,4267
1689018243870,-162109,4267
1689018243873,-162109,4267
1689018243876,-162109,4267
1689018243879,-162109,4267
1689018243883,-162109,4267
1689018243886,-162109,4267
1689018243889,-162109,4267
1689018243892,-162109,4267
1689018243895,-162109,4267
1689018243897,-162109,4267
1689018243900,-162109,4267
1689018243902,-162109,4267
1689018243908,-162109,4267
1689018243910,-162109,4267
1689018243913,-162109,4267
1689018243915,-162109,4267
1689018243917,-162109,4267
1689018243919,-162109,4267
1689018243921,-162109,4267
1689018243923,-162109,4267
1689018243925,-162109,4267
1689018243927,-162109,4267
1689018243929,-162109,4267
1689018243932,-162109,4267
1689018243935,-162109,4267
1689018243937,-162109,4267
1689018243939,-162109,4267
1689018243941,-162109,4267
1689018243943,-162109,4267
1689018243945,-162109,4267
1689018243947,-162109,4267
1689018243950,-162109,4267
1689018243952,-162109,4267
1689018243955,-162109,4267
1689018243957,-162109,4267
1689018243959,-162109,4267
1689018243962,-162109,4267
1689018243964,-162109,4267
1689018243966,-162109,4267
1689018243968,-162109,4267
1689018243970,-162109,4267
1689018243972,-162109,4267
1689018243975,-162109,4267
1689018243978,-162109,4267
1689018243980,-162109,4267
1689018243982,-162109,4267
1689018243984,-162109,4267
1689018243986,-162109,4267
1689018243988,-162109,4267
1689018243991,-162109,4267
1689018243993,-162109,4267
1689018243995,-162109,4267
1689018243997,-162109,4267
1689018243999,-162109,4267
1689018244002,-162109,4267
1689018244004,-162109,4267
1689018244006,-162109,4267
1689018244008,-162109,4267
1689018244011,-162109,4267
1689018244013,-162109,4267
1689018244016,-162109,4267
1689018244018,-162109,4267
1689018244020,-162109,4267
1689018244022,-162109,4267
1689018244024,-162109,4267
1689018244026,-162109,4267
1689018244028,-162109,4267
1689018244031,-162109,4267
1689018244033,-162109,4267
1689018244036,-162109,4267
1689018244038,-162109,4267
1689018244041,-162109,4267
1689018244043,-162109,4267
1689018244045,-162109,4267
1689018244047,-162109,4267
1689018244049,-162109,4267
1689018244052,-162109,4267
1689018244054,-162109,4267
1689018244056,-162109,4267
1689018244059,-162109,4267
1689018244061,-162109,4267
1689018244064,-162109,4267
1689018244066,-162109,4267
1689018244068,-162109,4267
1689018244071,-162109,4267
1689018244073,-162109,4267
1689018244075,-162109,4267
1689018244077,-162109,4267
1689018244080,-162109,4267
1689018244082,-162109,4267
1689018244084,-162109,4267
1689018244087,-162109,4267
1689018244088,-162109,4267
1689018244091,-162109,4267
1689018244093,-162109,4267
1689018244096,-162109,4267
1689018244101,-162109,4267
1689018244104,-162109,4267
1689018244106,-162109,4267
1689018244108,-162109,4267
1689018244111,-162109,4267
1689018244113,-162109,4267
1689018244115,-162109,4267
1689018244118,-162109,4267
1689018244120,-162109,4267
1689018244122,-162109,4267
1689018244125,-162109,4267
1689018244127,-162109,4267
1689018244128,-162109,4267
1689018244132,-162109,4267
1689018244136,-162109,4267
1689018244139,-162109,4267
1689018244142,-162109,4267
1689018244145,-162109,4267
1689018244147,-162109,4267
1689018244151,-162109,4267
1689018244153,-162109,4267
1689018244156,-162109,4267
1689018244159,-162109,4267
1689018244162,-162109,4267
1689018244165,-162109,4267
1689018244167,-162109,4267
1689018244171,-162109,4267
1689018244175,-162109,4267
1689018244178,-162109,4267
1689018244181,-162109,4267
1689018244184,-162109,4267
1689018244187,-162109,4267
1689018244190,-162109,4267
1689018244193,-162109,4267
1689018244197,-162109,4267
1689018244199,-162109,4267
1689018244202,-162109,4267
1689018244204,-162109,4267
1689018244207,-162109,4267
1689018244209,-162109,4267
1689018244213,-162109,4267
1689018244217,-162109,4267
1689018244219,-162109,4267
1689018244223,-162109,4267
1689018244226,-162109,4267
1689018244228,-162109,4267
1689018244232,-162109,4267
1689018244235,-162109,4267
1689018244237,-162109,4267
1689018244240,-162109,4267
1689018244242,-162109,4267
1689018244245,-162109,4267
1689018244247,-162109,4267
1689018244251,-162109,4267
1689018244255,-162109,4267
1689018244258,-162109,4267
1689018244261,-162109,4267
1689018244264,-162109,4267
1689018244267,-162109,4267
1689018244269,-162109,4267
1689018244272,-162109,4267
1689018244275,-162109,4267
1689018244277,-162109,4267
1689018244280,-162109,4267
1689018244283,-162109,4267
1689018244285,-162109,4267
1689018244288,-162109,4267
1689018244291,-162109,4267
1689018244295,-162109,4267
1689018244297,-162109,4267
1689018244301,-162109,4267
1689018244304,-162109,4267
1689018244307,-162109,4267
1689018244309,-162109,4267
1689018244312,-162109,4267
1689018244315,-162109,4267
1689018244318,-162109,4267
1689018244323,-162109,4267
1689018244325,-162109,4267
1689018244328,-162109,4267
1689018244332,-162109,4267
1689018244336,-162109,4267
1689018244339,-162109,4267
1689018244342,-162109,4267
1689018244345,-162109,4267
1689018244348,-162109,4267
1689018244350,-162109,4267
1689018244352,-162109,4267
1689018244355,-162109,4267
1689018244358,-162109,4267
1689018244361,-162109,4267
1689018244364,-162109,4267
1689018244366,-162109,4267
1689018244369,-162109,4267
1689018244373,-162109,4267
1689018244376,-162109,4267
1689018244378,-162109,4267
1689018244381,-162109,4267
1689018244384,-162109,4267
1689018244386,-162109,4267
1689018244389,-162109,4267
1689018244393,-162109,4267
1689018244397,-162109,4267
1689018244399,-162109,4267
1689018244402,-162109,4267
1689018244405,-162109,4267
1689018244407,-162109,4267
1689018244410,-162109,4267
1689018244413,-162109,4267
1689018244417,-162109,4267
1689018244419,-162109,4267
1689018244423,-162109,4267
1689018244425,-162109,4267
1689018244428,-162109,4267
1689018244431,-162109,4267
1689018244433,-162109,4267
1689018244436,-162109,4267
1689018244438,-162109,4267
1689018244441,-162109,4267
1689018244444,-162109,4267
1689018244446,-162109,4267
1689018244449,-162109,4267
1689018244454,-162109,4267
1689018244457,-162109,4267
1689018244460,-162109,4267
1689018244463,-162109,4267
1689018244466,-162109,4267
1689018244469,-162109,4267
1689018244472,-162109,4267
1689018244475,-162109,4267
1689018244477,-162109,4267
1689018244481,-162109,4267
1689018244484,-162109,4267
1689018244486,-162109,4267
1689018244488,-162109,4267
1689018244493,-162109,4267
1689018244497,-162109,4267
1689018244499,-162109,4267
1689018244502,-162109,4267
1689018244505,-162109,4267
1689018244508,-162109,4267
1689018244511,-162109,4267
1689018244514,-162109,4267
1689018244516,-162109,4267
1689018244519,-162109,4267
1689018244522,-162109,4267
1689018244525,-162109,4267
1689018244528,-162109,4267
1689018244531,-162109,4267
1689018244534,-162109,4267
1689018244537,-162109,4267
1689018244540,-162109,4267
1689018244543,-162109,4267
1689018244546,-162109,4267
1689018244549,-162109,4267
1689018244553,-162109,4267
1689018244556,-162109,4267
1689018244558,-162109,4267
1689018244561,-162109,4267
1689018244564,-162109,4267
1689018244566,-162109,4267
1689018244569,-162109,4267
1689018244573,-162109,4267
1689018244577,-162109,4267
1689018244579,-162109,4267
1689018244583,-162109,4267
1689018244586,-162109,4267
1689018244588,-162109,4267
1689018244591,-162109,4267
1689018244593,-162109,4267
1689018244595,-162109,4267
1689018244597,-162109,4267
1689018244600,-162109,4267
1689018244603,-162109,4267
1689018244607,-162109,4267
1689018244611,-162109,4267
1689018244614,-162109,4267
1689018244616,-162109,4267
1689018244618,-162109,4267
1689018244620,-162109,4267
1689018244623,-162109,4267
1689018244625,-162109,4267
1689018244627,-162109,4267
1689018244629,-162109,4267
1689018244631,-162109,4267
1689018244633,-162109,4267
1689018244635,-162109,4267
1689018244637,-162109,4267
1689018244639,-162109,4267
1689018244641,-162109,4267
1689018244643,-162109,4267
1689018244645,-162109,4267
1689018244647,-162109,4267
1689018244650,-162109,4267
1689018244652,-162109,4267
1689018244655,-162109,4267
1689018244657,-162109,4267
1689018244659,-162109,4267
1689018244662,-162109,4267
1689018244664,-162109,4267
1689018244666,-162109,4267
1689018244668,-162109,4267
1689018244671,-162109,4267
1689018244673,-162109,4267
1689018244675,-162109,4267
1689018244677,-162109,4267
1689018244679,-162109,4267
1689018244682,-162109,4267
1689018244684,-162109,4267
1689018244686,-162109,4267
1689018244688,-162109,4267
1689018244690,-162109,4267
1689018244693,-162109,4267
1689018244695,-162109,4267
1689018244697,-162109,4267
1689018244699,-162109,4267
1689018244701,-162109,4267
1689018244703,-162109,4267
1689018244706,-162109,4267
1689018244708,-162109,4267
1689018244710,-162109,4267
1689018244712,-162109,4267
1689018244714,-162109,4267
1689018244716,-162109,4267
1689018244718,-162109,4267
1689018244721,-162109,4267
1689018244723,-162109,4267
1689018244725,-162109,4267
1689018244727,-162109,4267
1689018244729,-162109,4267
1689018244732,-162109,4267
1689018244734,-162109,4267
1689018244736,-162109,4267
1689018244738,-162109,4267
1689018244741,-162109,4267
1689018244743,-162109,4267
1689018244745,-162109,4267
1689018244747,-162109,4267
1689018244750,-162109,4267
1689018244752,-162109,4267
1689018244754,-162109,4267
1689018244756,-162109,4267
1689018244758,-162109,4267
1689018244761,-162109,4267
1689018244763,-162109,4267
1689018244765,-162109,4267
1689018244767,-162109,4267
1689018244770,-162109,4267
1689018244772,-162109,4267
1689018244774,-162109,4267
1689018244776,-162109,4267
1689018244778,-162109,4267
1689018244781,-162109,4267
1689018244783,-162109,4267
1689018244785,-162109,4267
1689018244787,-162109,4267
1689018244789,-162109,4267
1689018244791,-162109,4267
1689018244794,-162109,4267
1689018244795,-162109,4267
1689018244798,-162109,4267
1689018244800,-162109,4267
1689018244802,-162109,4267
1689018244804,-162109,4267
1689018244806,-162109,4267
1689018244809,-162109,4267
1689018244812,-162109,4267
1689018244814,-162109,4267
1689018244816,-162109,4267
1689018244818,-162109,4267
1689018244821,-162109,4267
1689018244824,-162109,4267
1689018244826,-162109,4267
1689018244828,-162109,4267
1689018244831,-162109,4267
1689018244833,-162109,4267
1689018244835,-162109,4267
1689018244837,-162109,4267
1689018244839,-162109,4267
1689018244842,-162109,4267
1689018244845,-162109,4267
1689018244847,-162109,4267
1689018244850,-162109,4267
1689018244854,-162109,4267
1689018244856,-234863,4267
1689018244859,-234863,4267
1689018244861,-234863,4267
1689018244864,-234863,4267
1689018244867,-234863,4267
1689018244869,-234863,4267
1689018244873,-234863,4267
1689018244876,-234863,4267
1689018244879,-234863,4267
1689018244882,-234863,4267
1689018244884,-234863,4267
1689018244887,-234863,4267
1689018244889,-234863,4267
1689018244893,-234863,4267
1689018244896,-234863,4267
1689018244898,-234863,4267
1689018244901,-234863,4267
1689018244904,-234863,4267
1689018244907,-234863,4267
1689018244909,-234863,4267
1689018244914,-234863,4267
1689018244916,-234863,4267
1689018244918,-234863,4267
1689018244921,-234863,4267
1689018244924,-234863,4267
1689018244927,-234863,4267
1689018244929,-234863,4267
1689018244933,-234863,4267
1689018244935,-234863,4267
1689018244938,-234863,4267
1689018244942,-234863,4267
1689018244945,-234863,4267
1689018244947,-234863,4267
1689018244951,-234863,4267
1689018244954,-234863,4267
1689018244956,-234863,4267
1689018244959,-234863,4267
1689018244963,-234863,4267
1689018244966,-234863,4267
1689018244968,-234863,4267
1689018244972,-234863,4267
1689018244975,-234863,4267
1689018244977,-234863,4267
1689018244980,-234863,4267
1689018244982,-234863,4267
1689018244985,-234863,4267
1689018244988,-234863,4267
1689018244991,-234863,4267
1689018244993,-234863,4267
1689018244996,-234863,4267
1689018244999,-234863,4267
1689018245002,-234863,4267
1689018245004,-234863,4267
1689018245007,-234863,4267
1689018245011,-234863,4267
1689018245014,-234863,4267
1689018245017,-234863,4267
1689018245021,-234863,4267
1689018245024,-234863,4267
1689018245026,-234863,4267
1689018245029,-234863,4267
1689018245033,-234863,4267
1689018245036,-234863,4267
1689018245038,-234863,4267
1689018245042,-234863,4267
1689018245045,-234863,4267
1689018245048,-234863,4267
1689018245052,-234863,4267
1689018245055,-234863,4267
1689018245057,-234863,4267
1689018245062,-234863,4267
1689018245065,-234863,4267
1689018245067,-234863,4267
1689018245070,-234863,4267
1689018245073,-234863,4267
1689018245076,-234863,4267
1689018245078,-234863,4267
1689018245081,-234863,4267
1689018245084,-234863,4267
1689018245087,-234863,4267
1689018245091,-234863,4267
1689018245095,-234863,4267
1689018245097,-234863,4267
1689018245101,-234863,4267
1689018245103,-234863,4267
1689018245106,-234863,4267
1689018245108,-234863,4267
1689018245112,-234863,4267
1689018245114,-234863,4267
1689018245117,-234863,4267
1689018245119,-234863,4267
1689018245123,-234863,4267
1689018245126,-234863,4267
1689018245128,-234863,4267
1689018245132,-234863,4267
1689018245135,-234863,4267
1689018245137,-234863,4267
1689018245140,-234863,4267
1689018245142,-234863,4267
1689018245145,-234863,4267
1689018245148,-234863,4267
1689018245152,-234863,4267
1689018245155,-234863,4267
1689018245158,-234863,4267
1689018245160,-234863,4267
1689018245163,-234863,4267
1689018245166,-234863,4267
1689018245169,-234863,4267
1689018245173,-234863,4267
1689018245176,-234863,4267
1689018245178,-234863,4267
1689018245181,-234863,4267
1689018245183,-234863,4267
1689018245186,-234863,4267
1689018245188,-234863,4267
1689018245192,-234863,4267
1689018245194,-234863,4267
1689018245197,-234863,4267
1689018245199,-234863,4267
1689018245202,-234863,4267
1689018245205,-234863,4267
1689018245207,-234863,4267
1689018245211,-234863,4267
1689018245214,-234863,4267
1689018245216,-234863,4267
1689018245219,-234863,4267
1689018245222,-234863,4267
1689018245225,-234863,4267
1689018245228,-234863,4267
1689018245231,-234863,4267
1689018245234,-234863,4267
1689018245237,-234863,4267
1689018245239,-234863,4267
1689018245243,-234863,4267
1689018245245,-234863,4267
1689018245248,-234863,4267
1689018245252,-234863,4267
1689018245255,-234863,4267
1689018245258,-234863,4267
1689018245261,-234863,4267
1689018245264,-234863,4267
1689018245267,-234863,4267
1689018245269,-234863,4267
1689018245272,-234863,4267
1689018245275,-234863,4267
1689018245277,-234863,4267
1689018245280,-234863,4267
1689018245283,-234863,4267
1689018245286,-234863,4267
1689018245289,-234863,4267
1689018245292,-234863,4267
1689018245295,-234863,4267
1689018245298,-234863,4267
1689018245301,-234863,4267
1689018245304,-234863,4267
1689018245307,-234863,4267
1689018245310,-234863,4267
1689018245313,-234863,4267
1689018245315,-234863,4267
1689018245318,-234863,4267
1689018245321,-234863,4267
1689018245326,-234863,4267
1689018245330,-234863,4267
1689018245334,-234863,4267
1689018245337,-234863,4267
1689018245340,-234863,4267
1689018245343,-234863,4267
1689018245345,-234863,4267
1689018245348,-234863,4267
1689018245351,-234863,4267
1689018245353,-234863,4267
1689018245356,-234863,4267
1689018245358,-234863,4267
1689018245362,-234863,4267
1689018245365,-234863,4267
1689018245368,-234863,4267
1689018245372,-234863,4267
1689018245375,-234863,4267
1689018245378,-234863,4267
1689018245380,-234863,4267
1689018245383,-234863,4267
1689018245386,-234863,4267
1689018245388,-234863,4267
1689018245392,-234863,4267
1689018245395,-234863,4267
1689018245398,-234863,4267
1689018245401,-234863,4267
1689018245413,-234863,4267
1689018245415,-234863,4267
1689018245418,-234863,4267
1689018245420,-234863,4267
1689018245424,-234863,4267
1689018245427,-234863,4267
1689018245432,-234863,4267
1689018245436,-234863,4267
1689018245439,-234863,4267
1689018245443,-234863,4267
1689018245446,-234863,4267
1689018245453,-234863,4267
1689018245456,-234863,4267
1689018245457,-234863,4267
1689018245458,-234863,4267
1689018245459,-234863,4267
1689018245460,-234863,4267
1689018245462,-234863,4267
1689018245464,-234863,4267
1689018245467,-234863,4267
1689018245471,-234863,4267
1689018245480,-234863,4267
1689018245485,-234863,4267
1689018245488,-234863,4267
1689018245492,-234863,4267
1689018245494,-234863,4267
1689018245496,-234863,4267
1689018245498,-234863,4267
1689018245499,-234863,4267
1689018245501,-234863,4267
1689018245503,-234863,4267
1689018245505,-234863,4267
1689018245507,-234863,4267
1689018245508,-234863,4267
1689018245510,-234863,4267
1689018245513,-234863,4267
1689018245515,-234863,4267
1689018245516,-234863,4267
1689018245518,-234863,4267
1689018245520,-234863,4267
1689018245522,-234863,4267
1689018245523,-234863,4267
1689018245526,-234863,4267
1689018245528,-234863,4267
1689018245530,-234863,4267
1689018245533,-234863,4267
1689018245536,-234863,4267
1689018245539,-234863,4267
1689018245542,-234863,4267
1689018245545,-234863,4267
1689018245547,-234863,4267
1689018245549,-234863,4267
1689018245553,-234863,4267
1689018245556,-234863,4267
1689018245559,-234863,4267
1689018245562,-234863,4267
1689018245564,-234863,4267
1689018245566,-234863,4267
1689018245569,-234863,4267
1689018245573,-234863,4267
1689018245575,-234863,4267
1689018245578,-234863,4267
1689018245581,-234863,4267
1689018245584,-234863,4267
1689018245587,-234863,4267
1689018245589,-234863,4267
1689018245592,-234863,4267
1689018245595,-234863,4267
1689018245597,-234863,4267
1689018245600,-234863,4267
1689018245602,-234863,4267
1689018245605,-234863,4267
1689018245609,-234863,4267
1689018245612,-234863,4267
1689018245614,-234863,4267
1689018245617,-234863,4267
1689018245621,-234863,4267
1689018245623,-234863,4267
1689018245626,-234863,4267
1689018245629,-234863,4267
1689018245634,-234863,4267
1689018245637,-234863,4267
1689018245639,-234863,4267
1689018245642,-234863,4267
1689018245645,-234863,4267
1689018245648,-234863,4267
1689018245651,-234863,4267
1689018245654,-234863,4267
1689018245656,-234863,4267
1689018245658,-234863,4267
1689018245662,-234863,4267
1689018245665,-234863,4267
1689018245668,-234863,4267
1689018245670,-234863,4267
1689018245673,-234863,4267
1689018245676,-234863,4267
1689018245678,-234863,4267
1689018245681,-234863,4267
1689018245685,-234863,4267
1689018245688,-234863,4267
1689018245692,-234863,4267
1689018245695,-234863,4267
1689018245698,-234863,4267
1689018245701,-234863,4267
1689018245704,-234863,4267
1689018245706,-234863,4267
1689018245709,-234863,4267
1689018245712,-234863,4267
1689018245714,-234863,4267
1689018245717,-234863,4267
1689018245720,-234863,4267
1689018245722,-234863,4267
1689018245724,-234863,4267
1689018245727,-234863,4267
1689018245729,-234863,4267
1689018245734,-234863,4267
1689018245737,-234863,4267
1689018245739,-234863,4267
1689018245741,-234863,4267
1689018245743,-234863,4267
1689018245745,-234863,4267
1689018245747,-234863,4267
1689018245749,-234863,4267
1689018245752,-234863,4267
1689018245754,-234863,4267
1689018245756,-234863,4267
1689018245758,-234863,4267
1689018245761,-234863,4267
1689018245763,-234863,4267
1689018245766,-234863,4267
1689018245768,-234863,4267
1689018245771,-234863,4267
1689018245773,-234863,4267
1689018245775,-234863,4267
1689018245777,-234863,4267
1689018245779,-234863,4267
1689018245782,-234863,4267
1689018245784,-234863,4267
1689018245786,-234863,4267
1689018245788,-234863,4267
1689018245790,-234863,4267
1689018245792,-234863,4267
1689018245794,-234863,4267
1689018245796,-234863,4267
1689018245798,-234863,4267
1689018245801,-234863,4267
1689018245803,-234863,4267
1689018245805,-234863,4267
1689018245807,-234863,4267
1689018245809,-234863,4267
1689018245811,-234863,4267
1689018245814,-234863,4267
1689018245816,-234863,4267
1689018245818,-234863,4267
1689018245820,-234863,4267
1689018245822,-234863,4267
1689018245824,-234863,4267
1689018245827,-234863,4267
1689018245829,-234863,4267
1689018245831,-234863,4267
1689018245834,-234863,4267
1689018245836,-234863,4267
1689018245838,-234863,4267
1689018245839,-234863,4267
1689018245842,-234863,4267
1689018245845,-234863,4267
1689018245847,-234863,4267
1689018245849,-234863,4267
1689018245851,-234863,4267
1689018245853,-234863,4267
1689018245855,-234863,4267
1689018245857,-234863,4267
1689018245859,-234863,4267
1689018245862,-234863,4267
1689018245864,-234863,4267
1689018245866,-234863,4267
1689018245869,-234863,4267
1689018245871,-234863,4267
1689018245873,-234863,4267
1689018245875,-234863,4267
1689018245877,-234863,4267
1689018245879,-234863,4267
1689018245882,-234863,4267
1689018245884,-234863,4267
1689018245887,-234863,4267
1689018245889,-234863,4267
1689018245892,-234863,4267
1689018245894,-234863,4267
1689018245896,-234863,4267
1689018245898,-234863,4267
1689018245900,-234863,4267
1689018245902,-234863,4267
1689018245904,-234863,4267
1689018245907,-234863,4267
1689018245911,-234863,4267
1689018245914,-234863,4267
1689018245916,-234863,4267
1689018245918,-234863,4267
1689018245920,-234863,4267
1689018245923,-234863,4267
1689018245925,-234863,4267
1689018245928,-234863,4267
1689018245930,-234863,4267
1689018245932,-234863,4267
1689018245934,-234863,4267
1689018245937,-234863,4267
1689018245939,-234863,4267
1689018245941,-234863,4267
1689018245944,-234863,4267
1689018245946,-234863,4267
1689018245949,-234863,4267
1689018245952,-234863,4267
1689018245954,-234863,4267
1689018245957,-234863,4267
1689018245959,-234863,4267
1689018245962,-234863,4267
1689018245964,-234863,4267
1689018245966,-234863,4267
1689018245968,-234863,4267
1689018245969,-234863,4267
1689018245972,-234863,4267
1689018245975,-234863,4267
1689018245978,-234863,4267
1689018245981,-234863,4267
1689018245983,-234863,4267
1689018245985,-234863,4267
1689018245986,-234863,4267
1689018245988,-234863,4267
1689018245989,-234863,4267
1689018245992,-234863,4267
1689018246005,-234863,4267
1689018246007,-234863,4267
1689018246011,-234863,4267
1689018246015,-234863,4267
1689018246017,-234863,4267
1689018246019,-234863,4267
1689018246021,-234863,4267
1689018246023,-234863,4267
1689018246025,-234863,4267
1689018246026,-234863,4267
1689018246028,-234863,4267
1689018246029,-234863,4267
1689018246033,-234863,4267
1689018246035,-234863,4267
1689018246037,-234863,4267
1689018246039,-234863,4267
1689018246041,-234863,4267
1689018246043,-234863,4267
1689018246045,-234863,4267
1689018246047,-234863,4267
1689018246048,-234863,4267
1689018246050,-234863,4267
1689018246053,-234863,4267
1689018246056,-234863,4267
1689018246059,-234863,4267
1689018246062,-234863,4267
1689018246064,-234863,4267
1689018246067,-234863,4267
1689018246069,-234863,4267
1689018246073,-234863,4267
1689018246076,-234863,4267
1689018246079,-234863,4267
1689018246083,-234863,4267
1689018246087,-234863,4267
1689018246089,-234863,4267
1689018246093,-234863,4267
1689018246097,-234863,4267
1689018246099,-234863,4267
1689018246109,-234863,4267
1689018246113,-234863,4267
1689018246116,-234863,4267
1689018246118,-234863,4267
1689018246122,-234863,4267
1689018246126,-234863,4267
1689018246129,-234863,4267
1689018246132,-234863,4267
1689018246134,-234863,4267
1689018246137,-234863,4267
1689018246139,-234863,4267
1689018246143,-234863,4267
1689018246146,-234863,4267
1689018246148,-234863,4267
1689018246151,-234863,4267
1689018246154,-234863,4267
1689018246157,-234863,4267
1689018246160,-234863,4267
1689018246164,-234863,4267
1689018246168,-234863,4267
1689018246172,-234863,4267
1689018246175,-234863,4267
1689018246178,-234863,4267
1689018246181,-234863,4267
1689018246183,-234863,4267
1689018246186,-234863,4267
1689018246188,-234863,4267
1689018246192,-234863,4267
1689018246195,-234863,4267
1689018246198,-234863,4267
1689018246202,-234863,4267
1689018246206,-234863,4267
1689018246209,-234863,4267
1689018246212,-234863,4267
1689018246216,-234863,4267
1689018246222,-234863,4267
1689018246228,-234863,4267
1689018246234,-234863,4267
1689018246243,-234863,4267
1689018246249,-234863,4267
1689018246252,-234863,4267
1689018246254,-234863,4267
1689018246255,-234863,4267
1689018246257,-234863,4267
1689018246258,-234863,4267
1689018246259,-234863,4267
1689018246261,-234863,4267
1689018246263,-234863,4267
1689018246264,-234863,4267
1689018246265,-234863,4267
1689018246267,-234863,4267
1689018246269,-234863,4267
1689018246270,-234863,4267
1689018246272,-234863,4267
1689018246274,-234863,4267
1689018246275,-234863,4267
1689018246277,-234863,4267
1689018246278,-234863,4267
1689018246280,-234863,4267
1689018246282,-234863,4267
1689018246283,-234863,4267
1689018246285,-234863,4267
1689018246286,-234863,4267
1689018246288,-234863,4267
1689018246289,-234863,4267
1689018246292,-234863,4267
1689018246295,-234863,4267
1689018246298,-234863,4267
1689018246301,-234863,4267
1689018246304,-234863,4267
1689018246306,-234863,4267
1689018246308,-234863,4267
1689018246311,-234863,4267
1689018246314,-234863,4267
1689018246316,-234863,4267
1689018246319,-234863,4267
1689018246323,-174316,4267
1689018246327,-174316,4267
1689018246330,-174316,4267
1689018246333,-174316,4267
1689018246336,-174316,4267
1689018246338,-174316,4267
1689018246342,-174316,4267
1689018246344,-174316,4267
1689018246347,-174316,4267
1689018246350,-174316,4267
1689018246353,-174316,4267
1689018246356,-174316,4267
1689018246359,-174316,4267
1689018246362,-174316,4267
1689018246364,-174316,4267
1689018246367,-174316,4267
1689018246369,-174316,4267
1689018246372,-174316,4267
1689018246375,-174316,4267
1689018246377,-174316,4267
1689018246380,-174316,4267
1689018246384,-174316,4267
1689018246387,-174316,4267
1689018246389,-174316,4267
1689018246392,-174316,4267
1689018246394,-174316,4267
1689018246396,-174316,4267
1689018246397,-174316,4267
1689018246399,-174316,4267
1689018246403,-174316,4267
1689018246406,-174316,4267
1689018246408,-174316,4267
1689018246409,-174316,4267
1689018246413,-174316,4267
1689018246415,-174316,4267
1689018246418,-174316,4267
1689018246421,-174316,4267
1689018246423,-174316,4267
1689018246426,-174316,4267
1689018246429,-174316,4267
1689018246432,-174316,4267
1689018246435,-174316,4267
1689018246437,-174316,4267
1689018246439,-174316,4267
1689018246443,-174316,4267
1689018246446,-174316,4267
1689018246449,-174316,4267
1689018246452,-174316,4267
1689018246455,-174316,4267
1689018246458,-174316,4267
1689018246460,-174316,4267
1689018246463,-174316,4267
1689018246465,-174316,4267
1689018246468,-174316,4267
1689018246471,-174316,4267
1689018246473,-174316,4267
1689018246476,-174316,4267
1689018246478,-174316,4267
1689018246482,-174316,4267
1689018246485,-174316,4267
1689018246488,-174316,4267
1689018246492,-174316,4267
1689018246495,-174316,4267
1689018246497,-174316,4267
1689018246500,-174316,4267
1689018246504,-174316,4267
1689018246506,-174316,4267
1689018246508,-174316,4267
1689018246512,-174316,4267
1689018246515,-174316,4267
1689018246518,-174316,4267
1689018246521,-174316,4267
1689018246525,-174316,4267
1689018246528,-174316,4267
1689018246530,-174316,4267
1689018246534,-174316,4267
1689018246536,-174316,4267
1689018246539,-174316,4267
1689018246542,-174316,4267
1689018246554,-174316,4267
1689018246557,-174316,4267
1689018246561,-174316,4267
1689018246565,-174316,4267
1689018246567,-174316,4267
1689018246571,-174316,4267
1689018246575,-174316,4267
1689018246578,-174316,4267
1689018246581,-174316,4267
1689018246584,-174316,4267
1689018246587,-174316,4267
1689018246590,-174316,4267
1689018246594,-174316,4267
1689018246597,-174316,4267
1689018246600,-174316,4267
1689018246603,-174316,4267
1689018246607,-174316,4267
1689018246609,-174316,4267
1689018246612,-174316,4267
1689018246615,-174316,4267
1689018246617,-174316,4267
1689018246620,-174316,4267
1689018246622,-174316,4267
1689018246624,-174316,4267
1689018246626,-174316,4267
1689018246629,-174316,4267
1689018246632,-174316,4267
1689018246634,-174316,4267
1689018246637,-174316,4267
1689018246640,-174316,4267
1689018246644,-174316,4267
1689018246646,-174316,4267
1689018246649,-174316,4267
1689018246651,-174316,4267
1689018246654,-174316,4267
1689018246657,-174316,4267
1689018246660,-174316,4267
1689018246663,-174316,4267
1689018246666,-174316,4267
1689018246668,-174316,4267
1689018246670,-174316,4267
1689018246672,-174316,4267
1689018246675,-174316,4267
1689018246676,-174316,4267
1689018246679,-174316,4267
1689018246682,-174316,4267
1689018246684,-174316,4267
1689018246686,-174316,4267
1689018246688,-174316,4267
1689018246691,-174316,4267
1689018246695,-174316,4267
1689018246697,-174316,4267
1689018246700,-174316,4267
1689018246704,-174316,4267
1689018246707,-174316,4267
1689018246709,-174316,4267
1689018246712,-174316,4267
1689018246715,-174316,4267
1689018246718,-174316,4267
1689018246723,-174316,4267
1689018246726,-174316,4267
1689018246729,-174316,4267
1689018246732,-174316,4267
1689018246735,-174316,4267
1689018246738,-174316,4267
1689018246740,-174316,4267
1689018246743,-174316,4267
1689018246746,-174316,4267
1689018246748,-174316,4267
1689018246751,-174316,4267
1689018246754,-174316,4267
1689018246756,-174316,4267
1689018246759,-174316,4267
1689018246763,-174316,4267
1689018246766,-174316,4267
1689018246769,-174316,4267
1689018246772,-174316,4267
1689018246776,-174316,4267
1689018246779,-174316,4267
1689018246782,-174316,4267
1689018246784,-174316,4267
1689018246787,-174316,4267
1689018246790,-174316,4267
1689018246793,-174316,4267
1689018246796,-174316,4267
1689018246800,-174316,4267
1689018246804,-174316,4267
1689018246807,-174316,4267
1689018246810,-174316,4267
1689018246814,-174316,4267
1689018246816,-174316,4267
1689018246819,-174316,4267
1689018246822,-174316,4267
1689018246825,-174316,4267
1689018246828,-174316,4267
1689018246831,-174316,4267
1689018246835,-174316,4267
1689018246838,-174316,4267
1689018246842,-174316,4267
1689018246845,-174316,4267
1689018246847,-174316,4267
1689018246849,-174316,4267
1689018246851,-174316,4267
1689018246853,-174316,4267
1689018246857,-174316,4267
1689018246861,-174316,4267
1689018246864,-174316,4267
1689018246866,-174316,4267
1689018246868,-174316,4267
1689018246870,-174316,4267
1689018246873,-174316,4267
1689018246875,-174316,4267
1689018246877,-174316,4267
1689018246879,-174316,4267
1689018246882,-174316,4267
1689018246885,-174316,4267
1689018246887,-174316,4267
1689018246889,-174316,4267
1689018246891,-174316,4267
1689018246893,-174316,4267
1689018246895,-174316,4267
1689018246898,-174316,4267
1689018246900,-174316,4267
1689018246902,-174316,4267
1689018246904,-174316,4267
1689018246906,-174316,4267
1689018246908,-174316,4267
1689018246911,-174316,4267
1689018246913,-174316,4267
1689018246916,-174316,4267
1689018246918,-174316,4267
1689018246920,-174316,4267
1689018246923,-174316,4267
1689018246925,-174316,4267
1689018246927,-174316,4267
1689018246929,-174316,4267
1689018246932,-174316,4267
1689018246934,-174316,4267
1689018246936,-174316,4267
1689018246938,-174316,4267
1689018246942,-174316,4267
1689018246944,-174316,4267
1689018246946,-174316,4267
1689018246948,-174316,4267
1689018246951,-174316,4267
1689018246953,-174316,4267
1689018246955,-174316,4267
1689018246957,-174316,4267
1689018246960,-174316,4267
1689018246962,-174316,4267
1689018246965,-174316,4267
1689018246967,-174316,4267
1689018246969,-174316,4267
1689018246971,-174316,4267
1689018246973,-174316,4267
1689018246975,-174316,4267
1689018246977,-174316,4267
1689018246979,-174316,4267
1689018246982,-174316,4267
1689018246984,-174316,4267
1689018246986,-174316,4267
1689018246988,-174316,4267
1689018246990,-174316,4267
1689018246993,-174316,4267
1689018246995,-174316,4267
1689018246997,-174316,4267
1689018247000,-174316,4267
1689018247003,-174316,4267
1689018247005,-174316,4267
1689018247007,-174316,4267
1689018247009,-174316,4267
1689018247012,-174316,4267
1689018247014,-174316,4267
1689018247016,-174316,4267
1689018247018,-174316,4267
1689018247020,-174316,4267
1689018247023,-174316,4267
1689018247025,-174316,4267
1689018247027,-174316,4267
1689018247029,-174316,4267
1689018247032,-174316,4267
1689018247034,-174316,4267
1689018247036,-174316,4267
1689018247038,-174316,4267
1689018247041,-174316,4267
1689018247043,-174316,4267
1689018247045,-174316,4267
1689018247048,-174316,4267
1689018247050,-174316,4267
1689018247052,-174316,4267
1689018247054,-174316,4267
1689018247056,-174316,4267
1689018247058,-174316,4267
1689018247060,-174316,4267
1689018247063,-174316,4267
1689018247065,-174316,4267
1689018247067,-174316,4267
1689018247069,-174316,4267
1689018247072,-174316,4267
1689018247074,-174316,4267
1689018247076,-174316,4267
1689018247079,-174316,4267
1689018247081,-174316,4267
1689018247083,-174316,4267
1689018247085,-174316,4267
1689018247087,-174316,4267
1689018247090,-174316,4267
1689018247092,-174316,4267
1689018247095,-174316,4267
1689018247098,-174316,4267
1689018247101,-174316,4267
1689018247104,-174316,4267
1689018247107,-174316,4267
1689018247110,-174316,4267
1689018247114,-174316,4267
1689018247116,-174316,4267
1689018247120,-174316,4267
1689018247123,-174316,4267
1689018247126,-174316,4267
1689018247129,-174316,4267
1689018247132,-174316,4267
1689018247136,-174316,4267
1689018247138,-174316,4267
1689018247141,-174316,4267
1689018247144,-174316,4267
1689018247147,-174316,4267
1689018247149,-174316,4267
1689018247152,-174316,4267
1689018247154,-174316,4267
1689018247157,-174316,4267
1689018247161,-174316,4267
1689018247164,-174316,4267
1689018247167,-174316,4267
1689018247170,-174316,4267
1689018247173,-174316,4267
1689018247176,-174316,4267
1689018247179,-174316,4267
1689018247182,-174316,4267
1689018247185,-174316,4267
1689018247187,-174316,4267
1689018247191,-174316,4267
1689018247194,-174316,4267
1689018247198,-174316,4267
1689018247201,-174316,4267
1689018247204,-174316,4267
1689018247207,-174316,4267
1689018247211,-174316,4267
1689018247214,-174316,4267
1689018247216,-174316,4267
1689018247219,-174316,4267
1689018247222,-174316,4267
1689018247225,-174316,4267
1689018247227,-174316,4267
1689018247230,-174316,4267
1689018247233,-174316,4267
1689018247236,-174316,4267
1689018247240,-174316,4267
1689018247244,-174316,4267
1689018247247,-174316,4267
1689018247251,-174316,4267
1689018247254,-174316,4267
1689018247257,-174316,4267
1689018247259,-174316,4267
1689018247263,-174316,4267
1689018247266,-174316,4267
1689018247269,-174316,4267
1689018247272,-174316,4267
1689018247275,-174316,4267
1689018247279,-174316,4267
1689018247282,-174316,4267
1689018247285,-174316,4267
1689018247287,-174316,4267
1689018247290,-174316,4267
1689018247293,-174316,4267
1689018247296,-174316,4267
1689018247299,-174316,4267
1689018247302,-174316,4267
1689018247305,-174316,4267
1689018247307,-174316,4267
1689018247310,-174316,4267
1689018247313,-174316,4267
1689018247315,-174316,4267
1689018247319,-174316,4267
1689018247323,-174316,4267
1689018247326,-174316,4267
1689018247328,-174316,4267
1689018247331,-174316,4267
1689018247334,-174316,4267
1689018247336,-174316,4267
1689018247339,-174316,4267
1689018247341,-174316,4267
1689018247344,-174316,4267
1689018247347,-174316,4267
1689018247350,-174316,4267
1689018247353,-174316,4267
1689018247356,-174316,4267
1689018247359,-174316,4267
1689018247363,-174316,4267
1689018247366,-174316,4267
1689018247369,-174316,4267
1689018247372,-174316,4267
1689018247375,-174316,4267
1689018247378,-174316,4267
1689018247381,-174316,4267
1689018247384,-174316,4267
1689018247386,-174316,4267
1689018247389,-174316,4267
1689018247392,-174316,4267
1689018247396,-174316,4267
1689018247399,-174316,4267
1689018247403,-174316,4267
1689018247406,-174316,4267
1689018247409,-174316,4267
1689018247413,-174316,4267
1689018247415,-174316,4267
1689018247418,-174316,4267
1689018247421,-174316,4267
1689018247423,-174316,4267
1689018247426,-174316,4267
1689018247429,-174316,4267
1689018247432,-174316,4267
1689018247436,-174316,4267
1689018247439,-174316,4267
1689018247442,-174316,4267
1689018247445,-174316,4267
1689018247448,-174316,4267
1689018247451,-174316,4267
1689018247454,-174316,4267
1689018247457,-174316,4267
1689018247460,-174316,4267
1689018247463,-174316,4267
1689018247466,-174316,4267
1689018247469,-174316,4267
1689018247472,-174316,4267
1689018247476,-174316,4267
1689018247479,-174316,4267
1689018247482,-174316,4267
1689018247485,-174316,4267
1689018247488,-174316,4267
1689018247491,-174316,4267
1689018247495,-174316,4267
1689018247498,-174316,4267
1689018247501,-174316,4267
1689018247504,-174316,4267
1689018247507,-174316,4267
1689018247510,-174316,4267
1689018247513,-174316,4267
1689018247516,-174316,4267
1689018247521,-174316,4267
1689018247524,-174316,4267
1689018247527,-174316,4267
1689018247530,-174316,4267
1689018247533,-174316,4267
1689018247536,-174316,4267
1689018247539,-174316,4267
1689018247542,-174316,4267
1689018247545,-174316,4267
1689018247547,-174316,4267
1689018247551,-174316,4267
1689018247554,-174316,4267
1689018247557,-174316,4267
1689018247560,-174316,4267
1689018247563,-174316,4267
1689018247565,-174316,4267
1689018247568,-174316,4267
1689018247570,-174316,4267
1689018247573,-174316,4267
1689018247576,-174316,4267
1689018247579,-174316,4267
1689018247582,-174316,4267
1689018247585,-174316,4267
1689018247588,-174316,4267
1689018247591,-174316,4267
1689018247595,-174316,4267
1689018247598,-174316,4267
1689018247602,-174316,4267
1689018247605,-174316,4267
1689018247608,-174316,4267
1689018247611,-174316,4267
1689018247614,-174316,4267
1689018247617,-174316,4267
1689018247620,-174316,4267
1689018247623,-174316,4267
1689018247626,-174316,4267
1689018247628,-174316,4267
1689018247630,-174316,4267
1689018247633,-174316,4267
1689018247638,-174316,4267
1689018247641,-174316,4267
1689018247644,-174316,4267
1689018247648,-174316,4267
1689018247651,-174316,4267
1689018247654,-174316,4267
1689018247656,-174316,4267
1689018247659,-174316,4267
1689018247662,-174316,4267
1689018247664,-174316,4267
1689018247667,-174316,4267
1689018247669,-174316,4267
1689018247672,-174316,4267
1689018247675,-174316,4267
1689018247678,-174316,4267
1689018247682,-174316,4267
1689018247685,-174316,4267
1689018247687,-174316,4267
1689018247690,-174316,4267
1689018247693,-174316,4267
1689018247696,-174316,4267
1689018247699,-174316,4267
1689018247702,-174316,4267
1689018247705,-174316,4267
1689018247708,-174316,4267
1689018247711,-174316,4267
1689018247714,-174316,4267
1689018247717,-174316,4267
1689018247720,-174316,4267
1689018247723,-174316,4267
1689018247726,-174316,4267
1689018247729,-174316,4267
1689018247732,-174316,4267
1689018247735,-174316,4267
1689018247738,-174316,4267
1689018247742,-174316,4267
1689018247745,-174316,4267
1689018247747,-174316,4267
1689018247750,-174316,4267
1689018247754,-174316,4267
1689018247756,-174316,4267
1689018247759,-174316,4267
1689018247762,-174316,4267
1689018247765,-174316,4267
1689018247767,-174316,4267
1689018247770,-174316,4267
1689018247773,-174316,4267
1689018247776,-174316,4267
1689018247779,-174316,4267
1689018247782,-174316,4267
1689018247784,-174316,4267
1689018247787,-174316,4267
1689018247789,-161621,4267
1689018247792,-161621,4267
1689018247796,-161621,4267
1689018247799,-161621,4267
1689018247802,-161621,4267
1689018247805,-161621,4267
1689018247807,-161621,4267
1689018247810,-161621,4267
1689018247813,-161621,4267
1689018247816,-161621,4267
1689018247819,-161621,4267
1689018247822,-161621,4267
1689018247826,-161621,4267
1689018247829,-161621,4267
1689018247833,-161621,4267
1689018247835,-161621,4267
1689018247839,-161621,4267
1689018247842,-161621,4267
1689018247845,-161621,4267
1689018247848,-161621,4267
1689018247851,-161621,4267
1689018247854,-161621,4267
1689018247857,-161621,4267
1689018247860,-161621,4267
1689018247863,-161621,4267
1689018247866,-161621,4267
1689018247868,-161621,4267
1689018247872,-161621,4267
1689018247876,-161621,4267
1689018247879,-161621,4267
1689018247883,-161621,4267
1689018247886,-161621,4267
1689018247889,-161621,4267
1689018247892,-161621,4267
1689018247895,-161621,4267
1689018247898,-161621,4267
1689018247901,-161621,4267
1689018247904,-161621,4267
1689018247906,-161621,4267
1689018247909,-161621,4267
1689018247912,-161621,4267
1689018247916,-161621,4267
1689018247919,-161621,4267
1689018247922,-161621,4267
1689018247924,-161621,4267
1689018247927,-161621,4267
1689018247930,-161621,4267
1689018247933,-161621,4267
1689018247936,-161621,4267
1689018247938,-161621,4267
1689018247941,-161621,4267
1689018247944,-161621,4267
1689018247947,-161621,4267
1689018247949,-161621,4267
1689018247952,-161621,4267
1689018247957,-161621,4267
1689018247960,-161621,4267
1689018247963,-161621,4267
1689018247966,-161621,4267
1689018247968,-161621,4267
1689018247971,-161621,4267
1689018247973,-161621,4267
1689018247976,-161621,4267
1689018247978,-161621,4267
1689018247981,-161621,4267
1689018247983,-161621,4267
1689018247986,-161621,4267
1689018247989,-161621,4267
1689018247991,-161621,4267
1689018247995,-161621,4267
1689018247997,-161621,4267
1689018247999,-161621,4267
1689018248002,-161621,4267
1689018248004,-161621,4267
1689018248007,-161621,4267
1689018248009,-161621,4267
1689018248011,-161621,4267
1689018248013,-161621,4267
1689018248015,-161621,4267
1689018248017,-161621,4267
1689018248019,-161621,4267
1689018248022,-161621,4267
1689018248024,-161621,4267
1689018248025,-161621,4267
1689018248027,-161621,4267
1689018248030,-161621,4267
1689018248032,-161621,4267
1689018248035,-161621,4267
1689018248037,-161621,4267
1689018248039,-161621,4267
1689018248042,-161621,4267
1689018248044,-161621,4267
1689018248046,-161621,4267
1689018248048,-161621,4267
1689018248050,-161621,4267
1689018248052,-161621,4267
1689018248054,-161621,4267
1689018248056,-161621,4267
1689018248058,-161621,4267
1689018248060,-161621,4267
1689018248062,-161621,4267
1689018248064,-161621,4267
1689018248066,-161621,4267
1689018248068,-161621,4267
1689018248070,-161621,4267
1689018248073,-161621,4267
1689018248075,-161621,4267
1689018248077,-161621,4267
1689018248078,-161621,4267
1689018248081,-161621,4267
1689018248083,-161621,4267
1689018248085,-161621,4267
1689018248087,-161621,4267
1689018248089,-161621,4267
1689018248092,-161621,4267
1689018248094,-161621,4267
1689018248096,-161621,4267
1689018248098,-161621,4267
1689018248100,-161621,4267
1689018248102,-161621,4267
1689018248104,-161621,4267
1689018248107,-161621,4267
1689018248109,-161621,4267
1689018248112,-161621,4267
1689018248116,-161621,4267
1689018248119,-161621,4267
1689018248122,-161621,4267
1689018248124,-161621,4267
1689018248126,-161621,4267
1689018248128,-161621,4267
1689018248131,-161621,4267
1689018248133,-161621,4267
1689018248135,-161621,4267
1689018248137,-161621,4267
1689018248139,-161621,4267
1689018248141,-161621,4267
1689018248143,-161621,4267
1689018248145,-161621,4267
1689018248147,-161621,4267
1689018248149,-161621,4267
1689018248152,-161621,4267
1689018248155,-161621,4267
1689018248157,-161621,4267
1689018248159,-161621,4267
1689018248161,-161621,4267
1689018248163,-161621,4267
1689018248165,-161621,4267
1689018248167,-161621,4267
1689018248169,-161621,4267
1689018248170,-161621,4267
1689018248173,-161621,4267
1689018248175,-161621,4267
1689018248177,-161621,4267
1689018248179,-161621,4267
1689018248181,-161621,4267
1689018248183,-161621,4267
1689018248185,-161621,4267
1689018248187,-161621,4267
1689018248189,-161621,4267
1689018248192,-161621,4267
1689018248195,-161621,4267
1689018248197,-161621,4267
1689018248199,-161621,4267
1689018248202,-161621,4267
1689018248204,-161621,4267
1689018248206,-161621,4267
1689018248208,-161621,4267
1689018248211,-161621,4267
1689018248213,-161621,4267
1689018248215,-161621,4267
1689018248217,-161621,4267
1689018248220,-161621,4267
1689018248223,-161621,4267
1689018248226,-161621,4267
1689018248231,-161621,4267
1689018248236,-161621,4267
1689018248239,-161621,4267
1689018248242,-161621,4267
1689018248245,-161621,4267
1689018248249,-161621,4267
1689018248252,-161621,4267
1689018248256,-161621,4267
1689018248258,-161621,4267
1689018248262,-161621,4267
1689018248265,-161621,4267
1689018248267,-161621,4267
1689018248270,-161621,4267
1689018248275,-161621,4267
1689018248278,-161621,4267
1689018248282,-161621,4267
1689018248285,-161621,4267
1689018248287,-161621,4267
1689018248290,-161621,4267
1689018248294,-161621,4267
1689018248296,-161621,4267
1689018248299,-161621,4267
1689018248303,-161621,4267
1689018248307,-161621,4267
1689018248311,-161621,4267
1689018248319,-161621,4267
1689018248323,-161621,4267
1689018248325,-161621,4267
1689018248327,-161621,4267
1689018248329,-161621,4267
1689018248332,-161621,4267
1689018248333,-161621,4267
1689018248335,-161621,4267
1689018248336,-161621,4267
1689018248337,-161621,4267
1689018248339,-161621,4267
1689018248341,-161621,4267
1689018248342,-161621,4267
1689018248344,-161621,4267
1689018248345,-161621,4267
1689018248346,-161621,4267
1689018248348,-161621,4267
1689018248349,-161621,4267
1689018248351,-161621,4267
1689018248353,-161621,4267
1689018248355,-161621,4267
1689018248356,-161621,4267
1689018248358,-161621,4267
1689018248359,-161621,4267
1689018248361,-161621,4267
1689018248363,-161621,4267
1689018248364,-161621,4267
1689018248365,-161621,4267
1689018248367,-161621,4267
1689018248368,-161621,4267
1689018248369,-161621,4267
1689018248371,-161621,4267
1689018248373,-161621,4267
1689018248375,-161621,4267
1689018248377,-161621,4267
1689018248378,-161621,4267
1689018248380,-161621,4267
1689018248382,-161621,4267
1689018248384,-161621,4267
1689018248385,-161621,4267
1689018248387,-161621,4267
1689018248388,-161621,4267
1689018248391,-161621,4267
1689018248393,-161621,4267
1689018248395,-161621,4267
1689018248396,-161621,4267
1689018248398,-161621,4267
1689018248400,-161621,4267
1689018248402,-161621,4267
1689018248404,-161621,4267
1689018248406,-161621,4267
1689018248408,-161621,4267
1689018248410,-161621,4267
1689018248413,-161621,4267
1689018248416,-161621,4267
1689018248417,-161621,4267
1689018248422,-161621,4267
1689018248425,-161621,4267
1689018248428,-161621,4267
1689018248431,-161621,4267
1689018248435,-161621,4267
1689018248438,-161621,4267
1689018248440,-161621,4267
1689018248443,-161621,4267
1689018248446,-161621,4267
1689018248448,-161621,4267
1689018248451,-161621,4267
1689018248454,-161621,4267
1689018248456,-161621,4267
1689018248459,-161621,4267
1689018248462,-161621,4267
1689018248465,-161621,4267
1689018248467,-161621,4267
1689018248470,-161621,4267
1689018248474,-161621,4267
1689018248477,-161621,4267
1689018248480,-161621,4267
1689018248483,-161621,4267
1689018248486,-161621,4267
1689018248489,-161621,4267
1689018248492,-161621,4267
1689018248503,-161621,4267
1689018248506,-161621,4267
1689018248508,-161621,4267
1689018248511,-161621,4267
1689018248515,-161621,4267
1689018248518,-161621,4267
1689018248523,-161621,4267
1689018248530,-161621,4267
1689018248534,-161621,4267
1689018248540,-161621,4267
1689018248543,-161621,4267
1689018248545,-161621,4267
1689018248547,-161621,4267
1689018248548,-161621,4267
1689018248550,-161621,4267
1689018248553,-161621,4267
1689018248557,-161621,4267
1689018248560,-161621,4267
1689018248569,-161621,4267
1689018248572,-161621,4267
1689018248574,-161621,4267
1689018248576,-161621,4267
1689018248577,-161621,4267
1689018248578,-161621,4267
1689018248580,-161621,4267
1689018248582,-161621,4267
1689018248584,-161621,4267
1689018248585,-161621,4267
1689018248587,-161621,4267
1689018248588,-161621,4267
1689018248590,-161621,4267
1689018248592,-161621,4267
1689018248594,-161621,4267
1689018248596,-161621,4267
1689018248598,-161621,4267
1689018248600,-161621,4267
1689018248602,-161621,4267
1689018248605,-161621,4267
1689018248607,-161621,4267
1689018248609,-161621,4267
1689018248610,-161621,4267
1689018248612,-161621,4267
1689018248614,-161621,4267
1689018248616,-161621,4267
1689018248618,-161621,4267
1689018248620,-161621,4267
1689018248622,-161621,4267
1689018248623,-161621,4267
1689018248625,-161621,4267
1689018248627,-161621,4267
1689018248630,-161621,4267
1689018248633,-161621,4267
1689018248637,-161621,4267
1689018248639,-161621,4267
1689018248643,-161621,4267
1689018248646,-161621,4267
1689018248649,-161621,4267
1689018248652,-161621,4267
1689018248655,-161621,4267
1689018248658,-161621,4267
1689018248661,-161621,4267
1689018248664,-161621,4267
1689018248667,-161621,4267
1689018248669,-161621,4267
1689018248672,-161621,4267
1689018248676,-161621,4267
1689018248678,-161621,4267
1689018248681,-161621,4267
1689018248683,-161621,4267
1689018248686,-161621,4267
1689018248689,-161621,4267
1689018248694,-161621,4267
1689018248697,-161621,4267
1689018248700,-161621,4267
1689018248703,-161621,4267
1689018248705,-161621,4267
1689018248708,-161621,4267
1689018248711,-161621,4267
1689018248715,-161621,4267
1689018248717,-161621,4267
1689018248720,-161621,4267
1689018248723,-161621,4267
1689018248726,-161621,4267
1689018248729,-161621,4267
1689018248732,-161621,4267
1689018248735,-161621,4267
1689018248738,-161621,4267
1689018248740,-161621,4267
1689018248743,-161621,4267
1689018248746,-161621,4267
1689018248749,-161621,4267
1689018248754,-161621,4267
1689018248756,-161621,4267
1689018248759,-161621,4267
1689018248763,-161621,4267
1689018248766,-161621,4267
1689018248768,-161621,4267
1689018248771,-161621,4267
1689018248774,-161621,4267
1689018248776,-161621,4267
1689018248779,-161621,4267
1689018248782,-161621,4267
1689018248786,-161621,4267
1689018248789,-161621,4267
1689018248793,-161621,4267
1689018248796,-161621,4267
1689018248799,-161621,4267
1689018248802,-161621,4267
1689018248805,-161621,4267
1689018248807,-161621,4267
1689018248810,-161621,4267
1689018248813,-161621,4267
1689018248815,-161621,4267
1689018248818,-161621,4267
1689018248821,-161621,4267
1689018248823,-161621,4267
1689018248826,-161621,4267
1689018248829,-161621,4267
1689018248832,-161621,4267
1689018248835,-161621,4267
1689018248838,-161621,4267
1689018248841,-161621,4267
1689018248844,-161621,4267
1689018248846,-161621,4267
1689018248849,-161621,4267
1689018248852,-161621,4267
1689018248855,-161621,4267
1689018248857,-161621,4267
1689018248859,-161621,4267
1689018248862,-161621,4267
1689018248865,-161621,4267
1689018248867,-161621,4267
1689018248870,-161621,4267
1689018248873,-161621,4267
1689018248876,-161621,4267
1689018248878,-161621,4267
1689018248881,-161621,4267
1689018248883,-161621,4267
1689018248886,-161621,4267
1689018248888,-161621,4267
1689018248892,-161621,4267
1689018248895,-161621,4267
1689018248898,-161621,4267
1689018248901,-161621,4267
1689018248904,-161621,4267
1689018248907,-161621,4267
1689018248909,-161621,4267
1689018248912,-161621,4267
1689018248915,-161621,4267
1689018248917,-161621,4267
1689018248920,-161621,4267
1689018248923,-161621,4267
1689018248926,-161621,4267
1689018248929,-161621,4267
1689018248934,-161621,4267
1689018248937,-161621,4267
1689018248944,-161621,4267
1689018248951,-161621,4267
1689018248957,-161621,4267
1689018248962,-161621,4267
1689018248966,-161621,4267
1689018248968,-161621,4267
1689018248971,-161621,4267
1689018248974,-161621,4267
1689018248977,-161621,4267
1689018248980,-161621,4267
1689018248983,-161621,4267
1689018248986,-161621,4267
1689018248988,-161621,4267
1689018248993,-161621,4267
1689018248996,-161621,4267
1689018248999,-161621,4267
1689018249001,-161621,4267
1689018249004,-161621,4267
1689018249005,-161621,4267
1689018249007,-161621,4267
1689018249011,-161621,4267
1689018249013,-161621,4267
1689018249016,-161621,4267
1689018249018,-161621,4267
1689018249022,-161621,4267
1689018249025,-161621,4267
1689018249028,-161621,4267
1689018249031,-161621,4267
1689018249034,-161621,4267
1689018249037,-161621,4267
1689018249039,-161621,4267
1689018249042,-161621,4267
1689018249045,-161621,4267
1689018249048,-161621,4267
1689018249051,-161621,4267
1689018249054,-161621,4267
1689018249057,-161621,4267
1689018249060,-161621,4267
1689018249063,-161621,4267
1689018249066,-161621,4267
1689018249069,-161621,4267
1689018249073,-161621,4267
1689018249076,-161621,4267
1689018249078,-161621,4267
1689018249082,-161621,4267
1689018249085,-161621,4267
1689018249088,-161621,4267
1689018249091,-161621,4267
1689018249093,-161621,4267
1689018249096,-161621,4267
1689018249098,-161621,4267
1689018249100,-161621,4267
1689018249102,-161621,4267
1689018249104,-161621,4267
1689018249106,-161621,4267
1689018249109,-161621,4267
1689018249112,-161621,4267
1689018249115,-161621,4267
1689018249117,-161621,4267
1689018249119,-161621,4267
1689018249121,-161621,4267
1689018249123,-161621,4267
1689018249125,-161621,4267
1689018249127,-161621,4267
1689018249129,-161621,4267
1689018249132,-161621,4267
1689018249134,-161621,4267
1689018249136,-161621,4267
1689018249138,-161621,4267
1689018249141,-161621,4267
1689018249142,-161621,4267
1689018249144,-161621,4267
1689018249145,-161621,4267
1689018249148,-161621,4267
1689018249150,-161621,4267
1689018249152,-161621,4267
1689018249155,-161621,4267
1689018249157,-161621,4267
1689018249159,-161621,4267
1689018249161,-161621,4267
1689018249164,-161621,4267
1689018249166,-161621,4267
1689018249168,-161621,4267
1689018249170,-161621,4267
1689018249172,-161621,4267
1689018249175,-161621,4267
1689018249177,-161621,4267
1689018249179,-161621,4267
1689018249181,-161621,4267
1689018249183,-161621,4267
1689018249186,-161621,4267
1689018249188,-161621,4267
1689018249191,-161621,4267
1689018249193,-161621,4267
1689018249195,-161621,4267
1689018249197,-161621,4267
1689018249199,-161621,4267
1689018249203,-161621,4267
1689018249205,-161621,4267
1689018249207,-161621,4267
1689018249209,-161621,4267
1689018249212,-161621,4267
1689018249214,-161621,4267
1689018249216,-161621,4267
1689018249218,-161621,4267
1689018249221,-161621,4267
1689018249223,-161621,4267
1689018249225,-161621,4267
1689018249227,-161621,4267
1689018249230,-161621,4267
1689018249233,-161621,4267
1689018249235,-161621,4267
1689018249237,-161621,4267
1689018249239,-161621,4267
1689018249241,-161621,4267
1689018249243,-161621,4267
1689018249245,-161621,4267
1689018249247,-161621,4267
1689018249249,-161621,4267
1689018249252,-161621,4267
1689018249254,-242187,4267
1689018249256,-242187,4267
1689018249258,-242187,4267
1689018249261,-242187,4267
1689018249263,-242187,4267
1689018249266,-242187,4267
1689018249268,-242187,4267
1689018249271,-242187,4267
1689018249273,-242187,4267
1689018249275,-242187,4267
1689018249277,-242187,4267
1689018249279,-242187,4267
1689018249282,-242187,4267
1689018249284,-242187,4267
1689018249285,-242187,4267
1689018249287,-242187,4267
1689018249290,-242187,4267
1689018249292,-242187,4267
1689018249295,-242187,4267
1689018249297,-242187,4267
1689018249299,-242187,4267
1689018249302,-242187,4267
1689018249304,-242187,4267
1689018249306,-242187,4267
1689018249308,-242187,4267
1689018249311,-242187,4267
1689018249314,-242187,4267
1689018249316,-242187,4267
1689018249318,-242187,4267
1689018249320,-242187,4267
1689018249322,-242187,4267
1689018249325,-242187,4267
1689018249327,-242187,4267
1689018249331,-242187,4267
1689018249333,-242187,4267
1689018249335,-242187,4267
1689018249337,-242187,4267
1689018249339,-242187,4267
1689018249342,-242187,4267
1689018249345,-242187,4267
1689018249349,-242187,4267
1689018249354,-242187,4267
1689018249357,-242187,4267
1689018249359,-242187,4267
1689018249362,-242187,4267
1689018249365,-242187,4267
1689018249367,-242187,4267
1689018249370,-242187,4267
1689018249372,-242187,4267
1689018249375,-242187,4267
1689018249378,-242187,4267
1689018249381,-242187,4267
1689018249384,-242187,4267
1689018249387,-242187,4267
1689018249389,-242187,4267
1689018249393,-242187,4267
1689018249396,-242187,4267
1689018249398,-242187,4267
1689018249401,-242187,4267
1689018249404,-242187,4267
1689018249407,-242187,4267
1689018249409,-242187,4267
1689018249412,-242187,4267
1689018249415,-242187,4267
1689018249417,-242187,4267
1689018249420,-242187,4267
1689018249423,-242187,4267
1689018249426,-242187,4267
1689018249429,-242187,4267
1689018249432,-242187,4267
1689018249434,-242187,4267
1689018249437,-242187,4267
1689018249439,-242187,4267
1689018249443,-242187,4267
1689018249445,-242187,4267
1689018249448,-242187,4267
1689018249451,-242187,4267
1689018249454,-242187,4267
1689018249456,-242187,4267
1689018249459,-242187,4267
1689018249462,-242187,4267
1689018249465,-242187,4267
1689018249469,-242187,4267
1689018249473,-242187,4267
1689018249475,-242187,4267
1689018249478,-242187,4267
1689018249481,-242187,4267
1689018249483,-242187,4267
1689018249485,-242187,4267
1689018249488,-242187,4267
1689018249491,-242187,4267
1689018249494,-242187,4267
1689018249497,-242187,4267
1689018249499,-242187,4267
1689018249503,-242187,4267
1689018249506,-242187,4267
1689018249510,-242187,4267
1689018249512,-242187,4267
1689018249515,-242187,4267
1689018249518,-242187,4267
1689018249521,-242187,4267
1689018249523,-242187,4267
1689018249526,-242187,4267
1689018249529,-242187,4267
1689018249533,-242187,4267
1689018249536,-242187,4267
1689018249539,-242187,4267
1689018249541,-242187,4267
1689018249544,-242187,4267
1689018249547,-242187,4267
1689018249551,-242187,4267
1689018249554,-242187,4267
1689018249556,-242187,4267
1689018249559,-242187,4267
1689018249562,-242187,4267
1689018249565,-242187,4267
1689018249568,-242187,4267
1689018249570,-242187,4267
1689018249573,-242187,4267
1689018249576,-242187,4267
1689018249579,-242187,4267
1689018249581,-242187,4267
1689018249584,-242187,4267
1689018249588,-242187,4267
1689018249591,-242187,4267
1689018249594,-242187,4267
1689018249597,-242187,4267
1689018249600,-242187,4267
1689018249602,-242187,4267
1689018249605,-242187,4267
1689018249608,-242187,4267
1689018249611,-242187,4267
1689018249614,-242187,4267
1689018249616,-242187,4267
1689018249619,-242187,4267
1689018249623,-242187,4267
1689018249628,-242187,4267
1689018249632,-242187,4267
1689018249635,-242187,4267
1689018249637,-242187,4267
1689018249640,-242187,4267
1689018249643,-242187,4267
1689018249645,-242187,4267
1689018249647,-242187,4267
1689018249650,-242187,4267
1689018249653,-242187,4267
1689018249655,-242187,4267
1689018249658,-242187,4267
1689018249660,-242187,4267
1689018249663,-242187,4267
1689018249666,-242187,4267
1689018249669,-242187,4267
1689018249672,-242187,4267
1689018249675,-242187,4267
1689018249677,-242187,4267
1689018249680,-242187,4267
1689018249683,-242187,4267
1689018249685,-242187,4267
1689018249688,-242187,4267
1689018249691,-242187,4267
1689018249694,-242187,4267
1689018249696,-242187,4267
1689018249699,-242187,4267
1689018249702,-242187,4267
1689018249705,-242187,4267
1689018249707,-242187,4267
1689018249711,-242187,4267
1689018249713,-242187,4267
1689018249716,-242187,4267
1689018249719,-242187,4267
1689018249722,-242187,4267
1689018249725,-242187,4267
1689018249727,-242187,4267
1689018249730,-242187,4267
1689018249733,-242187,4267
1689018249736,-242187,4267
1689018249739,-242187,4267
1689018249742,-242187,4267
1689018249745,-242187,4267
1689018249749,-242187,4267
1689018249752,-242187,4267
1689018249755,-242187,4267
1689018249757,-242187,4267
1689018249761,-242187,4267
1689018249763,-242187,4267
1689018249766,-242187,4267
1689018249769,-242187,4267
1689018249773,-242187,4267
1689018249776,-242187,4267
1689018249778,-242187,4267
1689018249781,-242187,4267
1689018249785,-242187,4267
1689018249788,-242187,4267
1689018249792,-242187,4267
1689018249794,-242187,4267
1689018249797,-242187,4267
1689018249800,-242187,4267
1689018249803,-242187,4267
1689018249806,-242187,4267
1689018249809,-242187,4267
1689018249813,-242187,4267
1689018249815,-242187,4267
1689018249818,-242187,4267
1689018249821,-242187,4267
1689018249824,-242187,4267
1689018249826,-242187,4267
1689018249829,-242187,4267
1689018249833,-242187,4267
1689018249836,-242187,4267
1689018249839,-242187,4267
1689018249841,-242187,4267
1689018249844,-242187,4267
1689018249846,-242187,4267
1689018249849,-242187,4267
1689018249853,-242187,4267
1689018249856,-242187,4267
1689018249858,-242187,4267
1689018249862,-242187,4267
1689018249865,-242187,4267
1689018249868,-242187,4267
1689018249871,-242187,4267
1689018249873,-242187,4267
1689018249875,-242187,4267
1689018249878,-242187,4267
1689018249881,-242187,4267
1689018249884,-242187,4267
1689018249887,-242187,4267
1689018249889,-242187,4267
1689018249892,-242187,4267
1689018249895,-242187,4267
1689018249897,-242187,4267
1689018249899,-242187,4267
1689018249903,-242187,4267
1689018249906,-242187,4267
1689018249908,-242187,4267
1689018249912,-242187,4267
1689018249915,-242187,4267
1689018249918,-242187,4267
1689018249922,-242187,4267
1689018249925,-242187,4267
1689018249927,-242187,4267
1689018249929,-242187,4267
1689018249932,-242187,4267
1689018249935,-242187,4267
1689018249937,-242187,4267
1689018249939,-242187,4267
1689018249944,-242187,4267
1689018249947,-242187,4267
1689018249950,-242187,4267
1689018249953,-242187,4267
1689018249955,-242187,4267
1689018249957,-242187,4267
1689018249960,-242187,4267
1689018249963,-242187,4267
1689018249965,-242187,4267
1689018249968,-242187,4267
1689018249971,-242187,4267
1689018249974,-242187,4267
1689018249976,-242187,4267
1689018249979,-242187,4267
1689018249983,-242187,4267
1689018249986,-242187,4267
1689018249989,-242187,4267
1689018249992,-242187,4267
1689018249995,-242187,4267
1689018249997,-242187,4267
1689018250001,-242187,4267
1689018250004,-242187,4267
1689018250007,-242187,4267
1689018250009,-242187,4267
1689018250013,-242187,4267
1689018250016,-242187,4267
1689018250019,-242187,4267
1689018250022,-242187,4267
1689018250025,-242187,4267
1689018250028,-242187,4267
1689018250031,-242187,4267
1689018250034,-242187,4267
1689018250037,-242187,4267
1689018250040,-242187,4267
1689018250043,-242187,4267
1689018250046,-242187,4267
1689018250048,-242187,4267
1689018250052,-242187,4267
1689018250054,-242187,4267
1689018250057,-242187,4267
1689018250059,-242187,4267
1689018250064,-242187,4267
1689018250067,-242187,4267
1689018250071,-242187,4267
1689018250073,-242187,4267
1689018250076,-242187,4267
1689018250079,-242187,4267
1689018250082,-242187,4267
1689018250085,-242187,4267
1689018250087,-242187,4267
1689018250090,-242187,4267
1689018250093,-242187,4267
1689018250096,-242187,4267
1689018250098,-242187,4267
1689018250102,-242187,4267
1689018250105,-242187,4267
1689018250109,-242187,4267
1689018250111,-242187,4267
1689018250118,-242187,4267
1689018250122,-242187,4267
1689018250125,-242187,4267
1689018250127,-242187,4267
1689018250130,-242187,4267
1689018250133,-242187,4267
1689018250135,-242187,4267
1689018250138,-242187,4267
1689018250142,-242187,4267
1689018250145,-242187,4267
1689018250148,-242187,4267
1689018250151,-242187,4267
1689018250154,-242187,4267
1689018250156,-242187,4267
1689018250159,-242187,4267
1689018250162,-242187,4267
1689018250164,-242187,4267
1689018250167,-242187,4267
1689018250170,-242187,4267
1689018250172,-242187,4267
1689018250175,-242187,4267
1689018250177,-242187,4267
1689018250180,-242187,4267
1689018250184,-242187,4267
1689018250187,-242187,4267
1689018250189,-242187,4267
1689018250192,-242187,4267
1689018250195,-242187,4267
1689018250197,-242187,4267
1689018250201,-242187,4267
1689018250203,-242187,4267
1689018250206,-242187,4267
1689018250208,-242187,4267
1689018250212,-242187,4267
1689018250215,-242187,4267
1689018250217,-242187,4267
1689018250219,-242187,4267
1689018250223,-242187,4267
1689018250226,-242187,4267
1689018250228,-242187,4267
1689018250230,-242187,4267
1689018250232,-242187,4267
1689018250235,-242187,4267
1689018250238,-242187,4267
1689018250241,-242187,4267
1689018250244,-242187,4267
1689018250246,-242187,4267
1689018250248,-242187,4267
1689018250250,-242187,4267
1689018250252,-242187,4267
1689018250254,-242187,4267
1689018250256,-242187,4267
1689018250258,-242187,4267
1689018250261,-242187,4267
1689018250263,-242187,4267
1689018250265,-242187,4267
1689018250268,-242187,4267
1689018250270,-242187,4267
1689018250272,-242187,4267
1689018250274,-242187,4267
1689018250276,-242187,4267
1689018250278,-242187,4267
1689018250280,-242187,4267
1689018250282,-242187,4267
1689018250285,-242187,4267
1689018250287,-242187,4267
1689018250289,-242187,4267
1689018250291,-242187,4267
1689018250293,-242187,4267
1689018250296,-242187,4267
1689018250298,-242187,4267
1689018250300,-242187,4267
1689018250302,-242187,4267
1689018250305,-242187,4267
1689018250307,-242187,4267
1689018250308,-242187,4267
1689018250311,-242187,4267
1689018250313,-242187,4267
1689018250315,-242187,4267
1689018250317,-242187,4267
1689018250319,-242187,4267
1689018250321,-242187,4267
1689018250323,-242187,4267
1689018250325,-242187,4267
1689018250327,-242187,4267
1689018250329,-242187,4267
1689018250332,-242187,4267
1689018250334,-242187,4267
1689018250336,-242187,4267
1689018250338,-242187,4267
1689018250342,-242187,4267
1689018250345,-242187,4267
1689018250347,-242187,4267
1689018250351,-242187,4267
1689018250353,-242187,4267
1689018250356,-242187,4267
1689018250358,-242187,4267
1689018250361,-242187,4267
1689018250364,-242187,4267
1689018250368,-242187,4267
1689018250371,-242187,4267
1689018250374,-242187,4267
1689018250375,-242187,4267
1689018250377,-242187,4267
1689018250378,-242187,4267
1689018250380,-242187,4267
1689018250382,-242187,4267
1689018250384,-242187,4267
1689018250385,-242187,4267
1689018250387,-242187,4267
1689018250388,-242187,4267
1689018250390,-242187,4267
1689018250392,-242187,4267
1689018250393,-242187,4267
1689018250394,-242187,4267
1689018250395,-242187,4267
1689018250397,-242187,4267
1689018250398,-242187,4267
1689018250400,-242187,4267
1689018250401,-242187,4267
1689018250403,-242187,4267
1689018250404,-242187,4267
1689018250406,-242187,4267
1689018250407,-242187,4267
1689018250408,-242187,4267
1689018250410,-242187,4267
1689018250413,-242187,4267
1689018250415,-242187,4267
1689018250417,-242187,4267
1689018250418,-242187,4267
1689018250421,-242187,4267
1689018250424,-242187,4267
1689018250426,-242187,4267
1689018250428,-242187,4267
1689018250431,-242187,4267
1689018250433,-242187,4267
1689018250435,-242187,4267
1689018250437,-242187,4267
1689018250440,-242187,4267
1689018250443,-242187,4267
1689018250444,-242187,4267
1689018250447,-242187,4267
1689018250449,-242187,4267
1689018250452,-242187,4267
1689018250454,-242187,4267
1689018250456,-242187,4267
1689018250459,-242187,4267
1689018250461,-242187,4267
1689018250463,-242187,4267
1689018250465,-242187,4267
1689018250468,-242187,4267
1689018250471,-242187,4267
1689018250474,-242187,4267
1689018250477,-242187,4267
1689018250479,-242187,4267
1689018250482,-242187,4267
1689018250485,-242187,4267
1689018250488,-242187,4267
1689018250490,-242187,4267
1689018250493,-242187,4267
1689018250496,-242187,4267
1689018250499,-242187,4267
1689018250502,-242187,4267
1689018250506,-242187,4267
1689018250508,-242187,4267
1689018250511,-242187,4267
1689018250515,-242187,4267
1689018250517,-242187,4267
1689018250520,-242187,4267
1689018250523,-242187,4267
1689018250525,-242187,4267
1689018250528,-242187,4267
1689018250532,-242187,4267
1689018250534,-242187,4267
1689018250537,-242187,4267
1689018250540,-242187,4267
1689018250544,-242187,4267
1689018250546,-242187,4267
1689018250549,-242187,4267
1689018250552,-242187,4267
1689018250555,-242187,4267
1689018250558,-242187,4267
1689018250560,-242187,4267
1689018250563,-242187,4267
1689018250566,-242187,4267
1689018250569,-242187,4267
1689018250571,-242187,4267
1689018250574,-242187,4267
1689018250577,-242187,4267
1689018250579,-242187,4267
1689018250584,-242187,4267
1689018250587,-242187,4267
1689018250589,-242187,4267
1689018250593,-242187,4267
1689018250595,-242187,4267
1689018250598,-242187,4267
1689018250601,-242187,4267
1689018250604,-242187,4267
1689018250607,-242187,4267
1689018250610,-242187,4267
1689018250614,-242187,4267
1689018250617,-242187,4267
1689018250620,-242187,4267
1689018250623,-242187,4267
1689018250627,-242187,4267
1689018250629,-242187,4267
1689018250633,-242187,4267
1689018250636,-242187,4267
1689018250638,-242187,4267
1689018250642,-242187,4267
1689018250645,-242187,4267
1689018250648,-242187,4267
1689018250652,-242187,4267
1689018250654,-242187,4267
1689018250657,-242187,4267
1689018250659,-242187,4267
1689018250663,-242187,4267
1689018250666,-242187,4267
1689018250669,-242187,4267
1689018250672,-242187,4267
1689018250676,-242187,4267
1689018250678,-242187,4267
1689018250682,-242187,4267
1689018250685,-242187,4267
1689018250687,-242187,4267
1689018250690,-242187,4267
1689018250693,-242187,4267
1689018250696,-242187,4267
1689018250699,-242187,4267
1689018250703,-242187,4267
1689018250706,-242187,4267
1689018250709,-242187,4267
1689018250712,-242187,4267
1689018250715,-242187,4267
1689018250718,-242187,4267
1689018250721,-242187,4267
1689018250724,-158691,4267
1689018250726,-158691,4267
1689018250729,-158691,4267
1689018250732,-158691,4267
1689018250735,-158691,4267
1689018250737,-158691,4267
1689018250740,-158691,4267
1689018250744,-158691,4267
1689018250746,-158691,4267
1689018250749,-158691,4267
1689018250752,-158691,4267
1689018250755,-158691,4267
1689018250758,-158691,4267
1689018250761,-158691,4267
1689018250765,-158691,4267
1689018250768,-158691,4267
1689018250771,-158691,4267
1689018250774,-158691,4267
1689018250776,-158691,4267
1689018250779,-158691,4267
1689018250783,-158691,4267
1689018250786,-158691,4267
1689018250789,-158691,4267
1689018250791,-158691,4267
1689018250794,-158691,4267
1689018250797,-158691,4267
1689018250799,-158691,4267
1689018250802,-158691,4267
1689018250805,-158691,4267
1689018250808,-158691,4267
1689018250811,-158691,4267
1689018250814,-158691,4267
1689018250817,-158691,4267
1689018250821,-158691,4267
1689018250825,-158691,4267
1689018250827,-158691,4267
1689018250830,-158691,4267
1689018250833,-158691,4267
1689018250836,-158691,4267
1689018250838,-158691,4267
1689018250841,-158691,4267
1689018250844,-158691,4267
1689018250847,-158691,4267
1689018250850,-158691,4267
1689018250854,-158691,4267
1689018250857,-158691,4267
1689018250860,-158691,4267
1689018250864,-158691,4267
1689018250866,-158691,4267
1689018250869,-158691,4267
1689018250872,-158691,4267
1689018250875,-158691,4267
1689018250877,-158691,4267
1689018250880,-158691,4267
1689018250883,-158691,4267
1689018250885,-158691,4267
1689018250888,-158691,4267
1689018250890,-158691,4267
1689018250893,-158691,4267
1689018250895,-158691,4267
1689018250899,-158691,4267
1689018250903,-158691,4267
1689018250906,-158691,4267
1689018250909,-158691,4267
1689018250912,-158691,4267
1689018250915,-158691,4267
1689018250918,-158691,4267
1689018250920,-158691,4267
1689018250923,-158691,4267
1689018250926,-158691,4267
1689018250928,-158691,4267
1689018250931,-158691,4267
1689018250934,-158691,4267
1689018250936,-158691,4267
1689018250940,-158691,4267
1689018250943,-158691,4267
1689018250946,-158691,4267
1689018250948,-158691,4267
1689018250951,-158691,4267
1689018250954,-158691,4267
1689018250957,-158691,4267
1689018250959,-158691,4267
1689018250962,-158691,4267
1689018250965,-158691,4267
1689018250967,-158691,4267
1689018250969,-158691,4267
1689018250973,-158691,4267
1689018250975,-158691,4267
1689018250978,-158691,4267
1689018250982,-158691,4267
1689018250985,-158691,4267
1689018250988,-158691,4267
1689018250991,-158691,4267
1689018250994,-158691,4267
1689018250997,-158691,4267
1689018250999,-158691,4267
1689018251002,-158691,4267
1689018251006,-158691,4267
1689018251009,-158691,4267
1689018251012,-158691,4267
1689018251014,-158691,4267
1689018251017,-158691,4267
1689018251020,-158691,4267
1689018251023,-158691,4267
1689018251026,-158691,4267
1689018251029,-158691,4267
1689018251033,-158691,4267
1689018251036,-158691,4267
1689018251038,-158691,4267
1689018251042,-158691,4267
1689018251044,-158691,4267
1689018251047,-158691,4267
1689018251049,-158691,4267
1689018251052,-158691,4267
1689018251055,-158691,4267
1689018251058,-158691,4267
1689018251062,-158691,4267
1689018251065,-158691,4267
1689018251067,-158691,4267
1689018251070,-158691,4267
1689018251073,-158691,4267
1689018251075,-158691,4267
1689018251078,-158691,4267
1689018251080,-158691,4267
1689018251083,-158691,4267
1689018251086,-158691,4267
1689018251088,-158691,4267
1689018251091,-158691,4267
1689018251094,-158691,4267
1689018251097,-158691,4267
1689018251101,-158691,4267
1689018251104,-158691,4267
1689018251107,-158691,4267
1689018251109,-158691,4267
1689018251112,-158691,4267
1689018251114,-158691,4267
1689018251117,-158691,4267
1689018251119,-158691,4267
1689018251123,-158691,4267
1689018251126,-158691,4267
1689018251129,-158691,4267
1689018251132,-158691,4267
1689018251134,-158691,4267
1689018251137,-158691,4267
1689018251141,-158691,4267
1689018251144,-158691,4267
1689018251147,-158691,4267
1689018251149,-158691,4267
1689018251152,-158691,4267
1689018251154,-158691,4267
1689018251157,-158691,4267
1689018251160,-158691,4267
1689018251163,-158691,4267
1689018251165,-158691,4267
1689018251168,-158691,4267
1689018251171,-158691,4267
1689018251174,-158691,4267
1689018251177,-158691,4267
1689018251181,-158691,4267
1689018251184,-158691,4267
1689018251187,-158691,4267
1689018251189,-158691,4267
1689018251193,-158691,4267
1689018251196,-158691,4267
1689018251198,-158691,4267
1689018251201,-158691,4267
1689018251204,-158691,4267
1689018251207,-158691,4267
1689018251209,-158691,4267
1689018251213,-158691,4267
1689018251216,-158691,4267
1689018251219,-158691,4267
1689018251223,-158691,4267
1689018251225,-158691,4267
1689018251228,-158691,4267
1689018251231,-158691,4267
1689018251234,-158691,4267
1689018251237,-158691,4267
1689018251239,-158691,4267
1689018251242,-158691,4267
1689018251245,-158691,4267
1689018251248,-158691,4267
1689018251250,-158691,4267
1689018251254,-158691,4267
1689018251257,-158691,4267
1689018251260,-158691,4267
1689018251263,-158691,4267
1689018251266,-158691,4267
1689018251269,-158691,4267
1689018251272,-158691,4267
1689018251275,-158691,4267
1689018251277,-158691,4267
1689018251280,-158691,4267
1689018251283,-158691,4267
1689018251286,-158691,4267
1689018251288,-158691,4267
1689018251291,-158691,4267
1689018251294,-158691,4267
1689018251297,-158691,4267
1689018251301,-158691,4267
1689018251304,-158691,4267
1689018251307,-158691,4267
1689018251311,-158691,4267
1689018251314,-158691,4267
1689018251317,-158691,4267
1689018251319,-158691,4267
1689018251323,-158691,4267
1689018251325,-158691,4267
1689018251327,-158691,4267
1689018251328,-158691,4267
1689018251332,-158691,4267
1689018251336,-158691,4267
1689018251339,-158691,4267
1689018251342,-158691,4267
1689018251345,-158691,4267
1689018251347,-158691,4267
1689018251349,-158691,4267
1689018251352,-158691,4267
1689018251354,-158691,4267
1689018251356,-158691,4267
1689018251358,-158691,4267
1689018251362,-158691,4267
1689018251365,-158691,4267
1689018251367,-158691,4267
1689018251369,-158691,4267
1689018251372,-158691,4267
1689018251374,-158691,4267
1689018251377,-158691,4267
1689018251379,-158691,4267
1689018251381,-158691,4267
1689018251384,-158691,4267
1689018251386,-158691,4267
1689018251388,-158691,4267
1689018251390,-158691,4267
1689018251393,-158691,4267
1689018251395,-158691,4267
1689018251397,-158691,4267
1689018251399,-158691,4267
1689018251401,-158691,4267
1689018251403,-158691,4267
1689018251405,-158691,4267
1689018251407,-158691,4267
1689018251410,-158691,4267
1689018251412,-158691,4267
1689018251414,-158691,4267
1689018251416,-158691,4267
1689018251419,-158691,4267
1689018251422,-158691,4267
1689018251424,-158691,4267
1689018251426,-158691,4267
1689018251428,-158691,4267
1689018251430,-158691,4267
1689018251433,-158691,4267
1689018251435,-158691,4267
1689018251437,-158691,4267
1689018251439,-158691,4267
1689018251441,-158691,4267
1689018251444,-158691,4267
1689018251446,-158691,4267
1689018251448,-158691,4267
1689018251451,-158691,4267
1689018251455,-158691,4267
1689018251459,-158691,4267
1689018251461,-158691,4267
1689018251464,-158691,4267
1689018251466,-158691,4267
1689018251467,-158691,4267
1689018251470,-158691,4267
1689018251472,-158691,4267
1689018251474,-158691,4267
1689018251476,-158691,4267
1689018251478,-158691,4267
1689018251480,-158691,4267
1689018251483,-158691,4267
1689018251485,-158691,4267
1689018251487,-158691,4267
1689018251489,-158691,4267
1689018251491,-158691,4267
1689018251494,-158691,4267
1689018251496,-158691,4267
1689018251499,-158691,4267
1689018251501,-158691,4267
1689018251503,-158691,4267
1689018251505,-158691,4267
1689018251507,-158691,4267
1689018251509,-158691,4267
1689018251512,-158691,4267
1689018251514,-158691,4267
1689018251516,-158691,4267
1689018251518,-158691,4267
1689018251521,-158691,4267
1689018251523,-158691,4267
1689018251525,-158691,4267
1689018251527,-158691,4267
1689018251529,-158691,4267
1689018251532,-158691,4267
1689018251534,-158691,4267
1689018251537,-158691,4267
1689018251539,-158691,4267
1689018251541,-158691,4267
1689018251543,-158691,4267
1689018251546,-158691,4267
1689018251551,-158691,4267
1689018251554,-158691,4267
1689018251556,-158691,4267
1689018251558,-158691,4267
1689018251560,-158691,4267
1689018251563,-158691,4267
1689018251565,-158691,4267
1689018251567,-158691,4267
1689018251569,-158691,4267
1689018251572,-158691,4267
1689018251576,-158691,4267
1689018251580,-158691,4267
1689018251584,-158691,4267
1689018251588,-158691,4267
1689018251593,-158691,4267
1689018251600,-158691,4267
1689018251606,-158691,4267
1689018251612,-158691,4267
1689018251617,-158691,4267
1689018251620,-158691,4267
1689018251622,-158691,4267
1689018251624,-158691,4267
1689018251625,-158691,4267
1689018251635,-158691,4267
1689018251646,-158691,4267
1689018251649,-158691,4267
1689018251651,-158691,4267
1689018251653,-158691,4267
1689018251655,-158691,4267
1689018251656,-158691,4267
1689018251658,-158691,4267
1689018251659,-158691,4267
1689018251661,-158691,4267
1689018251663,-158691,4267
1689018251664,-158691,4267
1689018251666,-158691,4267
1689018251667,-158691,4267
1689018251669,-158691,4267
1689018251670,-158691,4267
1689018251672,-158691,4267
1689018251674,-158691,4267
1689018251676,-158691,4267
1689018251678,-158691,4267
1689018251681,-158691,4267
1689018251684,-158691,4267
1689018251687,-158691,4267
1689018251689,-158691,4267
1689018251692,-158691,4267
1689018251694,-158691,4267
1689018251696,-158691,4267
1689018251697,-158691,4267
1689018251699,-158691,4267
1689018251701,-158691,4267
1689018251702,-158691,4267
1689018251704,-158691,4267
1689018251706,-158691,4267
1689018251707,-158691,4267
1689018251709,-158691,4267
1689018251711,-158691,4267
1689018251714,-158691,4267
1689018251717,-158691,4267
1689018251721,-158691,4267
1689018251723,-158691,4267
1689018251726,-158691,4267
1689018251728,-158691,4267
1689018251730,-158691,4267
1689018251732,-158691,4267
1689018251734,-158691,4267
1689018251737,-158691,4267
1689018251739,-158691,4267
1689018251742,-158691,4267
1689018251745,-158691,4267
1689018251747,-158691,4267
1689018251751,-158691,4267
1689018251754,-158691,4267
1689018251757,-158691,4267
1689018251760,-158691,4267
1689018251762,-158691,4267
1689018251765,-158691,4267
1689018251767,-158691,4267
1689018251769,-158691,4267
1689018251773,-158691,4267
1689018251775,-158691,4267
1689018251778,-158691,4267
1689018251782,-158691,4267
1689018251784,-158691,4267
1689018251787,-158691,4267
1689018251789,-158691,4267
1689018251792,-158691,4267
1689018251794,-158691,4267
1689018251797,-158691,4267
1689018251799,-158691,4267
1689018251801,-158691,4267
1689018251803,-158691,4267
1689018251805,-158691,4267
1689018251807,-158691,4267
1689018251809,-158691,4267
1689018251812,-158691,4267
1689018251816,-158691,4267
1689018251819,-158691,4267
1689018251822,-158691,4267
1689018251825,-158691,4267
1689018251827,-158691,4267
1689018251829,-158691,4267
1689018251832,-158691,4267
1689018251835,-158691,4267
1689018251837,-158691,4267
1689018251839,-158691,4267
1689018251842,-158691,4267
1689018251845,-158691,4267
1689018251848,-158691,4267
1689018251851,-158691,4267
1689018251853,-158691,4267
1689018251856,-158691,4267
1689018251859,-158691,4267
1689018251862,-158691,4267
1689018251865,-158691,4267
1689018251868,-158691,4267
1689018251872,-158691,4267
1689018251875,-158691,4267
1689018251878,-158691,4267
1689018251881,-158691,4267
1689018251884,-158691,4267
1689018251887,-158691,4267
1689018251889,-158691,4267
1689018251893,-158691,4267
1689018251899,-158691,4267
1689018251909,-158691,4267
1689018251913,-158691,4267
1689018251915,-158691,4267
1689018251917,-158691,4267
1689018251919,-158691,4267
1689018251922,-158691,4267
1689018251923,-158691,4267
1689018251924,-158691,4267
1689018251926,-158691,4267
1689018251927,-158691,4267
1689018251928,-158691,4267
1689018251930,-158691,4267
1689018251932,-158691,4267
1689018251934,-158691,4267
1689018251936,-158691,4267
1689018251937,-158691,4267
1689018251939,-158691,4267
1689018251941,-158691,4267
1689018251942,-158691,4267
1689018251944,-158691,4267
1689018251945,-158691,4267
1689018251947,-158691,4267
1689018251948,-158691,4267
1689018251949,-158691,4267
1689018251951,-158691,4267
1689018251953,-158691,4267
1689018251954,-158691,4267
1689018251956,-158691,4267
1689018251957,-158691,4267
1689018251959,-158691,4267
1689018251961,-158691,4267
1689018251963,-158691,4267
1689018251965,-158691,4267
1689018251966,-158691,4267
1689018251968,-158691,4267
1689018251969,-158691,4267
1689018251972,-158691,4267
1689018251974,-158691,4267
1689018251976,-158691,4267
1689018251977,-158691,4267
1689018251979,-158691,4267
1689018251981,-158691,4267
1689018251983,-158691,4267
1689018251985,-158691,4267
1689018251986,-158691,4267
1689018251988,-158691,4267
1689018251989,-158691,4267
1689018251993,-158691,4267
1689018251996,-158691,4267
1689018251999,-158691,4267
1689018252003,-158691,4267
1689018252006,-158691,4267
1689018252009,-158691,4267
1689018252014,-158691,4267
1689018252019,-158691,4267
1689018252023,-158691,4267
1689018252026,-158691,4267
1689018252028,-158691,4267
1689018252032,-158691,4267
1689018252034,-158691,4267
1689018252037,-158691,4267
1689018252039,-158691,4267
1689018252043,-158691,4267
1689018252045,-158691,4267
1689018252048,-158691,4267
1689018252052,-158691,4267
1689018252056,-158691,4267
1689018252059,-158691,4267
1689018252062,-158691,4267
1689018252065,-158691,4267
1689018252067,-158691,4267
1689018252070,-158691,4267
1689018252073,-158691,4267
1689018252076,-158691,4267
1689018252078,-158691,4267
1689018252081,-158691,4267
1689018252084,-158691,4267
1689018252087,-158691,4267
1689018252090,-158691,4267
1689018252094,-158691,4267
1689018252098,-158691,4267
1689018252101,-158691,4267
1689018252104,-158691,4267
1689018252107,-158691,4267
1689018252109,-158691,4267
1689018252112,-158691,4267
1689018252114,-158691,4267
1689018252124,-158691,4267
1689018252128,-158691,4267
1689018252131,-158691,4267
1689018252135,-158691,4267
1689018252137,-158691,4267
1689018252142,-158691,4267
1689018252145,-158691,4267
1689018252147,-158691,4267
1689018252150,-158691,4267
1689018252153,-158691,4267
1689018252156,-158691,4267
1689018252159,-158691,4267
1689018252162,-158691,4267
1689018252165,-158691,4267
1689018252168,-158691,4267
1689018252171,-158691,4267
1689018252175,-158691,4267
1689018252178,-158691,4267
1689018252181,-158691,4267
1689018252183,-158691,4267
1689018252186,-158691,4267
1689018252188,-158691,4267
1689018252192,-158691,4267
1689018252195,-158691,4267
1689018252197,-158691,4267
1689018252200,-158691,4267
1689018252203,-158691,4267
1689018252206,-158691,4267
1689018252209,-158691,4267
1689018252213,-158691,4267
1689018252216,-158691,4267
1689018252219,-158691,4267
1689018252222,-158691,4267
1689018252225,-158691,4267
1689018252228,-158691,4267
1689018252231,-158691,4267
1689018252234,-158691,4267
1689018252236,-158691,4267
1689018252239,-158691,4267
1689018252242,-158691,4267
1689018252244,-158691,4267
1689018252247,-158691,4267
1689018252249,-158691,4267
1689018252254,-158691,4267
1689018252257,-158691,4267
1689018252260,-158691,4267
1689018252264,-158691,4267
1689018252266,-158691,4267
1689018252269,-158691,4267
1689018252273,-158691,4267
1689018252275,-158691,4267
1689018252278,-158691,4267
1689018252280,-158691,4267
1689018252283,-158691,4267
1689018252285,-158691,4267
1689018252288,-158691,4267
1689018252292,-158691,4267
1689018252297,-158691,4267
1689018252301,-158691,4267
1689018252304,-158691,4267
1689018252306,-158691,4267
1689018252308,-158691,4267
1689018252312,-158691,4267
1689018252315,-158691,4267
1689018252317,-158691,4267
1689018252322,-158691,4267
1689018252325,-158691,4267
1689018252327,-158691,4267
1689018252332,-158691,4267
1689018252335,-158691,4267
1689018252338,-158691,4267
1689018252341,-158691,4267
1689018252344,-158691,4267
1689018252347,-158691,4267
1689018252350,-158691,4267
1689018252353,-158691,4267
1689018252355,-158691,4267
1689018252356,-158691,4267
1689018252358,-158691,4267
1689018252359,-158691,4267
1689018252362,-158691,4267
1689018252364,-158691,4267
1689018252365,-158691,4267
1689018252367,-158691,4267
1689018252368,-158691,4267
1689018252372,-158691,4267
1689018252373,-158691,4267
1689018252375,-158691,4267
1689018252376,-158691,4267
1689018252377,-158691,4267
1689018252378,-158691,4267
1689018252379,-158691,4267
1689018252381,-158691,4267
1689018252383,-158691,4267
1689018252384,-158691,4267
1689018252386,-158691,4267
1689018252387,-158691,4267
1689018252388,-158691,4267
1689018252390,-158691,4267
1689018252392,-158691,4267
1689018252394,-158691,4267
1689018252395,-158691,4267
1689018252396,-158691,4267
1689018252398,-158691,4267
1689018252399,-158691,4267
1689018252401,-158691,4267
1689018252402,-158691,4267
1689018252404,-158691,4267
1689018252405,-158691,4267
1689018252407,-158691,4267
1689018252408,-158691,4267
1689018252410,-158691,4267
1689018252413,-158691,4267
1689018252415,-158691,4267
1689018252416,-158691,4267
1689018252418,-158691,4267
1689018252420,-158691,4267
1689018252422,-158691,4267
1689018252424,-158691,4267
1689018252426,-158691,4267
1689018252428,-158691,4267
1689018252430,-158691,4267
1689018252432,-158691,4267
1689018252434,-158691,4267
1689018252435,-158691,4267
1689018252437,-158691,4267
1689018252439,-158691,4267
1689018252441,-158691,4267
1689018252443,-158691,4267
1689018252444,-158691,4267
1689018252446,-158691,4267
1689018252447,-158691,4267
1689018252449,-158691,4267
1689018252452,-158691,4267
1689018252455,-158691,4267
1689018252458,-158691,4267
1689018252461,-158691,4267
1689018252464,-158691,4267
1689018252466,-158691,4267
1689018252468,-158691,4267
1689018252471,-158691,4267
1689018252474,-158691,4267
1689018252476,-158691,4267
1689018252479,-158691,4267
1689018252482,-158691,4267
1689018252485,-158691,4267
1689018252488,-158691,4267
1689018252490,-158691,4267
1689018252493,-158691,4267
1689018252495,-158691,4267
1689018252497,-158691,4267
1689018252499,-158691,4267
1689018252501,-158691,4267
1689018252503,-158691,4267
1689018252505,-158691,4267
1689018252507,-158691,4267
1689018252509,-158691,4267
1689018252512,-158691,4267
1689018252514,-158691,4267
1689018252516,-158691,4267
1689018252517,-158691,4267
1689018252519,-158691,4267
1689018252521,-158691,4267
1689018252523,-158691,4267
1689018252525,-158691,4267
1689018252527,-158691,4267
1689018252530,-158691,4267
1689018252532,-158691,4267
1689018252535,-158691,4267
1689018252537,-158691,4267
1689018252539,-158691,4267
1689018252541,-158691,4267
1689018252543,-158691,4267
1689018252545,-158691,4267
1689018252547,-158691,4267
1689018252549,-158691,4267
1689018252551,-158691,4267
1689018252553,-158691,4267
1689018252555,-158691,4267
1689018252557,-158691,4267
1689018252559,-158691,4267
1689018252561,-158691,4267
1689018252564,-158691,4267
1689018252566,-158691,4267
1689018252567,-158691,4267
1689018252571,-158691,4267
1689018252573,-158691,4267
1689018252575,-158691,4267
1689018252577,-158691,4267
1689018252579,-158691,4267
1689018252581,-158691,4267
1689018252584,-158691,4267
1689018252586,-158691,4267
1689018252588,-158691,4267
1689018252590,-158691,4267
1689018252592,-158691,4267
1689018252594,-158691,4267
1689018252596,-158691,4267
1689018252598,-158691,4267
1689018252600,-158691,4267
1689018252603,-158691,4267
1689018252605,-158691,4267
1689018252607,-158691,4267
1689018252609,-158691,4267
1689018252612,-158691,4267
1689018252614,-158691,4267
1689018252616,-158691,4267
1689018252618,-158691,4267
1689018252621,-158691,4267
1689018252623,-158691,4267
1689018252625,-158691,4267
1689018252627,-158691,4267
1689018252629,-158691,4267
1689018252631,-158691,4267
1689018252634,-158691,4267
1689018252636,-158691,4267
1689018252638,-158691,4267
1689018252640,-158691,4267
1689018252642,-158691,4267
1689018252644,-158691,4267
1689018252646,-158691,4267
1689018252648,-158691,4267
1689018252651,-158691,4267
1689018252654,-158691,4267
1689018252656,-158691,4267
1689018252658,-158691,4267
1689018252659,-158691,4267
1689018252662,-158691,4267
1689018252664,-158691,4267
1689018252666,-158691,4267
1689018252668,-158691,4267
1689018252670,-158691,4267
1689018252672,-158691,4267
1689018252674,-158691,4267
1689018252676,-158691,4267
1689018252678,-158691,4267
1689018252681,-158691,4267
1689018252683,-158691,4267
1689018252685,-158691,4267
1689018252687,-158691,4267
1689018252689,-158691,4267
1689018252692,-158691,4267
1689018252694,-158691,4267
1689018252696,-158691,4267
1689018252698,-158691,4267
1689018252700,-158691,4267
1689018252703,-158691,4267
1689018252705,-158691,4267
1689018252707,-158691,4267
1689018252708,-158691,4267
1689018252711,-158691,4267
1689018252713,-158691,4267
1689018252715,-158691,4267
1689018252717,-158691,4267
1689018252720,-158691,4267
1689018252723,-158691,4267
1689018252725,-158691,4267
1689018252728,-158691,4267
1689018252732,-158691,4267
1689018252735,-158691,4267
1689018252738,-158691,4267
1689018252740,-158691,4267
1689018252743,-158691,4267
1689018252746,-158691,4267
1689018252749,-158691,4267
1689018252751,-158691,4267
1689018252755,-158691,4267
1689018252757,-158691,4267
1689018252760,-158691,4267
1689018252763,-158691,4267
1689018252766,-158691,4267
1689018252768,-158691,4267
1689018252772,-158691,4267
1689018252775,-158691,4267
1689018252778,-158691,4267
1689018252781,-158691,4267
1689018252783,-158691,4267
1689018252786,-158691,4267
1689018252789,-158691,4267
1689018252791,-158691,4267
1689018252794,-158691,4267
1689018252797,-158691,4267
1689018252799,-158691,4267
1689018252802,-158691,4267
1689018252805,-158691,4267
1689018252807,-158691,4267
1689018252811,-158691,4267
1689018252814,-158691,4267
1689018252817,-158691,4267
1689018252820,-158691,4267
1689018252823,-158691,4267
1689018252826,-158691,4267
1689018252829,-158691,4267
1689018252832,-158691,4267
1689018252835,-158691,4267
1689018252838,-158691,4267
1689018252841,-158691,4267
1689018252844,-158691,4267
1689018252847,-158691,4267
1689018252851,-158691,4267
1689018252854,-158691,4267
1689018252857,-158691,4267
1689018252859,-158691,4267
1689018252863,-158691,4267
1689018252866,-158691,4267
1689018252868,-158691,4267
1689018252871,-158691,4267
1689018252874,-158691,4267
1689018252877,-158691,4267
1689018252879,-158691,4267
1689018252882,-158691,4267
1689018252885,-158691,4267
1689018252888,-158691,4267
1689018252893,-158691,4267
1689018252896,-158691,4267
1689018252898,-158691,4267
1689018252901,-158691,4267
1689018252904,-158691,4267
1689018252907,-158691,4267
1689018252909,-158691,4267
1689018252912,-158691,4267
1689018252915,-158691,4267
1689018252917,-158691,4267
1689018252919,-158691,4267
1689018252922,-158691,4267
1689018252925,-158691,4267
1689018252928,-158691,4267
1689018252932,-158691,4267
1689018252935,-158691,4267
1689018252938,-158691,4267
1689018252941,-158691,4267
1689018252943,-158691,4267
1689018252946,-158691,4267
1689018252949,-158691,4267
1689018252952,-158691,4267
1689018252955,-158691,4267
1689018252958,-158691,4267
1689018252961,-158691,4267
1689018252963,-158691,4267
1689018252966,-158691,4267
1689018252969,-158691,4267
1689018252973,-158691,4267
1689018252976,-158691,4267
1689018252979,-158691,4267
1689018252983,-158691,4267
1689018252986,-158691,4267
1689018252988,-158691,4267
1689018252991,-158691,4267
1689018252994,-158691,4267
1689018252996,-158691,4267
1689018252998,-158691,4267
1689018253001,-158691,4267
1689018253003,-158691,4267
1689018253006,-158691,4267
1689018253009,-158691,4267
1689018253013,-158691,4267
1689018253016,-158691,4267
1689018253019,-158691,4267
1689018253022,-158691,4267
1689018253025,-158691,4267
1689018253027,-158691,4267
1689018253030,-158691,4267
1689018253033,-158691,4267
1689018253035,-158691,4267
1689018253038,-158691,4267
1689018253040,-158691,4267
1689018253042,-158691,4267
1689018253045,-158691,4267
1689018253048,-158691,4267
1689018253052,-158691,4267
1689018253055,-158691,4267
1689018253058,-158691,4267
1689018253060,-158691,4267
1689018253064,-158691,4267
1689018253066,-158691,4267
1689018253069,-158691,4267
1689018253072,-158691,4267
1689018253075,-158691,4267
1689018253078,-158691,4267
1689018253080,-158691,4267
1689018253083,-158691,4267
1689018253086,-158691,4267
1689018253089,-158691,4267
1689018253092,-158691,4267
1689018253095,-158691,4267
1689018253098,-158691,4267
1689018253101,-158691,4267
1689018253104,-158691,4267
1689018253107,-158691,4267
1689018253109,-158691,4267
1689018253113,-158691,4267
1689018253116,-158691,4267
1689018253119,-158691,4267
1689018253121,-158691,4267
1689018253124,-158691,4267
1689018253126,-158691,4267
1689018253129,-158691,4267
1689018253132,-158691,4267
1689018253136,-158691,4267
1689018253138,-158691,4267
1689018253141,-158691,4267
1689018253143,-158691,4267
1689018253146,-158691,4267
1689018253149,-158691,4267
1689018253152,-158691,4267
1689018253155,-158691,4267
1689018253158,-158691,4267
1689018253160,-158691,4267
1689018253163,-158691,4267
1689018253166,-158691,4267
1689018253171,-158691,4267
1689018253175,-158691,4267
1689018253177,-158691,4267
1689018253180,-158691,4267
1689018253183,-158691,4267
1689018253186,-158691,4267
1689018253188,-158691,4267
1689018253191,-158691,4267
1689018253193,-158691,4267
1689018253196,-158691,4267
1689018253199,-158691,4267
1689018253202,-158691,4267
1689018253204,-158691,4267
1689018253208,-158691,4267
1689018253211,-158691,4267
1689018253214,-158691,4267
1689018253217,-158691,4267
1689018253219,-158691,4267
1689018253222,-158691,4267
1689018253225,-158691,4267
1689018253227,-158691,4267
1689018253230,-158691,4267
1689018253233,-158691,4267
1689018253236,-158691,4267
1689018253238,-158691,4267
1689018253241,-158691,4267
1689018253243,-158691,4267
1689018253247,-158691,4267
1689018253250,-158691,4267
1689018253253,-158691,4267
1689018253255,-158691,4267
1689018253258,-158691,4267
1689018253261,-158691,4267
1689018253263,-158691,4267
1689018253266,-158691,4267
1689018253268,-158691,4267
1689018253271,-158691,4267
1689018253274,-158691,4267
1689018253277,-158691,4267
1689018253279,-158691,4267
1689018253283,-158691,4267
1689018253286,-158691,4267
1689018253289,-158691,4267
1689018253293,-158691,4267
1689018253296,-158691,4267
1689018253298,-158691,4267
1689018253301,-158691,4267
1689018253304,-158691,4267
1689018253307,-158691,4267
1689018253309,-158691,4267
1689018253312,-158691,4267
1689018253315,-158691,4267
1689018253318,-158691,4267
1689018253321,-158691,4267
1689018253324,-158691,4267
1689018253328,-158691,4267
1689018253333,-158691,4267
1689018253336,-158691,4267
1689018253338,-158691,4267
1689018253342,-158691,4267
1689018253345,-158691,4267
1689018253347,-158691,4267
1689018253350,-158691,4267
1689018253353,-158691,4267
1689018253355,-158691,4267
1689018253358,-158691,4267
1689018253360,-158691,4267
1689018253363,-158691,4267
1689018253366,-158691,4267
1689018253370,-158691,4267
1689018253374,-158691,4267
1689018253377,-158691,4267
1689018253379,-158691,4267
1689018253383,-158691,4267
1689018253385,-158691,4267
1689018253388,-158691,4267
1689018253391,-158691,4267
1689018253394,-158691,4267
1689018253396,-158691,4267
1689018253399,-158691,4267
1689018253402,-158691,4267
1689018253405,-158691,4267
1689018253409,-158691,4267
1689018253413,-158691,4267
1689018253416,-158691,4267
1689018253419,-158691,4267
1689018253422,-158691,4267
1689018253424,-158691,4267
1689018253427,-158691,4267
1689018253429,-158691,4267
1689018253432,-158691,4267
1689018253435,-158691,4267
1689018253438,-158691,4267
1689018253441,-158691,4267
1689018253445,-158691,4267
1689018253448,-158691,4267
1689018253451,-158691,4267
1689018253454,-158691,4267
1689018253457,-158691,4267
1689018253459,-158691,4267
1689018253462,-158691,4267
1689018253465,-158691,4267
1689018253467,-158691,4267
1689018253470,-158691,4267
1689018253473,-158691,4267
1689018253476,-158691,4267
1689018253478,-158691,4267
1689018253482,-158691,4267
1689018253485,-158691,4267
1689018253488,-158691,4267
1689018253492,-158691,4267
1689018253495,-158691,4267
1689018253498,-158691,4267
1689018253501,-158691,4267
1689018253503,-158691,4267
1689018253506,-158691,4267
1689018253508,-158691,4267
1689018253511,-158691,4267
1689018253514,-158691,4267
1689018253517,-158691,4267
1689018253519,-158691,4267
1689018253522,-158691,4267
1689018253525,-158691,4267
1689018253529,-158691,4267
1689018253533,-158691,4267
1689018253536,-158691,4267
1689018253538,-158691,4267
1689018253541,-158691,4267
1689018253544,-158691,4267
1689018253546,-158691,4267
1689018253549,-158691,4267
1689018253552,-158691,4267
1689018253556,-158691,4267
1689018253560,-158691,4267
1689018253563,-158691,4267
1689018253567,-158691,4267
1689018253570,-158691,4267
1689018253572,-158691,4267
1689018253575,-158691,4267
1689018253577,-158691,4267
1689018253579,-158691,4267
1689018253583,-158691,4267
1689018253587,-158691,4267
1689018253589,-158691,4267
1689018253592,-158691,4267
1689018253594,-158691,4267
1689018253597,-158691,4267
1689018253599,-158691,4267
1689018253601,-158691,4267
1689018253606,-158691,4267
1689018253611,-158691,4267
1689018253614,-158691,4267
1689018253616,-158691,4267
1689018253618,-158691,4267
1689018253621,-158691,4267
1689018253623,-158691,4267
1689018253625,-158691,4267
1689018253627,-158691,4267
1689018253629,-158691,4267
1689018253631,-158691,4267
1689018253633,-158691,4267
1689018253635,-158691,4267
1689018253637,-158691,4267
1689018253638,-158691,4267
1689018253641,-158691,4267
1689018253643,-158691,4267
1689018253645,-158691,4267
1689018253647,-158691,4267
1689018253649,-158691,4267
1689018253651,-158691,4267
1689018253653,-158691,4267
1689018253655,-187988,4267
1689018253657,-187988,4267
1689018253659,-187988,4267
1689018253662,-187988,4267
1689018253665,-187988,4267
1689018253666,-187988,4267
1689018253668,-187988,4267
1689018253671,-187988,4267
1689018253673,-187988,4267
1689018253675,-187988,4267
1689018253677,-187988,4267
1689018253679,-187988,4267
1689018253681,-187988,4267
1689018253684,-187988,4267
1689018253686,-187988,4267
1689018253688,-187988,4267
1689018253691,-187988,4267
1689018253693,-187988,4267
1689018253695,-187988,4267
1689018253697,-187988,4267
1689018253699,-187988,4267
1689018253702,-187988,4267
1689018253704,-187988,4267
1689018253706,-187988,4267
1689018253708,-187988,4267
1689018253710,-187988,4267
1689018253713,-187988,4267
1689018253715,-187988,4267
1689018253716,-187988,4267
1689018253719,-187988,4267
1689018253721,-187988,4267
1689018253723,-187988,4267
1689018253725,-187988,4267
1689018253728,-187988,4267
1689018253730,-187988,4267
1689018253732,-187988,4267
1689018253735,-187988,4267
1689018253737,-187988,4267
1689018253739,-187988,4267
1689018253741,-187988,4267
1689018253743,-187988,4267
1689018253745,-187988,4267
1689018253747,-187988,4267
1689018253749,-187988,4267
1689018253751,-187988,4267
1689018253753,-187988,4267
1689018253755,-187988,4267
1689018253757,-187988,4267
1689018253759,-187988,4267
1689018253762,-187988,4267
1689018253765,-187988,4267
1689018253767,-187988,4267
1689018253769,-187988,4267
1689018253772,-187988,4267
1689018253774,-187988,4267
1689018253776,-187988,4267
1689018253777,-187988,4267
1689018253779,-187988,4267
1689018253781,-187988,4267
1689018253784,-187988,4267
1689018253786,-187988,4267
1689018253788,-187988,4267
1689018253790,-187988,4267
1689018253793,-187988,4267
1689018253795,-187988,4267
1689018253797,-187988,4267
1689018253799,-187988,4267
1689018253804,-187988,4267
1689018253806,-187988,4267
1689018253808,-187988,4267
1689018253811,-187988,4267
1689018253813,-187988,4267
1689018253815,-187988,4267
1689018253817,-187988,4267
1689018253819,-187988,4267
1689018253822,-187988,4267
1689018253824,-187988,4267
1689018253826,-187988,4267
1689018253829,-187988,4267
1689018253832,-187988,4267
1689018253834,-187988,4267
1689018253836,-187988,4267
1689018253838,-187988,4267
1689018253841,-187988,4267
1689018253843,-187988,4267
1689018253845,-187988,4267
1689018253848,-187988,4267
1689018253851,-187988,4267
1689018253853,-187988,4267
1689018253856,-187988,4267
1689018253858,-187988,4267
1689018253860,-187988,4267
1689018253863,-187988,4267
1689018253865,-187988,4267
1689018253868,-187988,4267
1689018253871,-187988,4267
1689018253874,-187988,4267
1689018253876,-187988,4267
1689018253878,-187988,4267
1689018253881,-187988,4267
1689018253885,-187988,4267
1689018253888,-187988,4267
1689018253891,-187988,4267
1689018253894,-187988,4267
1689018253896,-187988,4267
1689018253899,-187988,4267
1689018253902,-187988,4267
1689018253904,-187988,4267
1689018253907,-187988,4267
1689018253909,-187988,4267
1689018253912,-187988,4267
1689018253915,-187988,4267
1689018253918,-187988,4267
1689018253922,-187988,4267
1689018253926,-187988,4267
1689018253929,-187988,4267
1689018253933,-187988,4267
1689018253935,-187988,4267
1689018253938,-187988,4267
1689018253942,-187988,4267
1689018253945,-187988,4267
1689018253948,-187988,4267
1689018253951,-187988,4267
1689018253954,-187988,4267
1689018253956,-187988,4267
1689018253959,-187988,4267
1689018253962,-187988,4267
1689018253966,-187988,4267
1689018253969,-187988,4267
1689018253973,-187988,4267
1689018253976,-187988,4267
1689018253979,-187988,4267
1689018253982,-187988,4267
1689018253985,-187988,4267
1689018253988,-187988,4267
1689018253991,-187988,4267
1689018253994,-187988,4267
1689018253997,-187988,4267
1689018253999,-187988,4267
1689018254002,-187988,4267
1689018254005,-187988,4267
1689018254008,-187988,4267
1689018254012,-187988,4267
1689018254015,-187988,4267
1689018254017,-187988,4267
1689018254020,-187988,4267
1689018254023,-187988,4267
1689018254025,-187988,4267
1689018254028,-187988,4267
1689018254031,-187988,4267
1689018254034,-187988,4267
1689018254037,-187988,4267
1689018254039,-187988,4267
1689018254043,-187988,4267
1689018254047,-187988,4267
1689018254050,-187988,4267
1689018254053,-187988,4267
1689018254056,-187988,4267
1689018254059,-187988,4267
1689018254062,-187988,4267
1689018254065,-187988,4267
1689018254068,-187988,4267
1689018254071,-187988,4267
1689018254074,-187988,4267
1689018254077,-187988,4267
1689018254079,-187988,4267
1689018254082,-187988,4267
1689018254086,-187988,4267
1689018254088,-187988,4267
1689018254092,-187988,4267
1689018254095,-187988,4267
1689018254098,-187988,4267
1689018254101,-187988,4267
1689018254104,-187988,4267
1689018254107,-187988,4267
1689018254109,-187988,4267
1689018254112,-187988,4267
1689018254114,-187988,4267
1689018254118,-187988,4267
1689018254121,-187988,4267
1689018254129,-187988,4267
1689018254133,-187988,4267
1689018254136,-187988,4267
1689018254139,-187988,4267
1689018254142,-187988,4267
1689018254145,-187988,4267
1689018254147,-187988,4267
1689018254150,-187988,4267
1689018254154,-187988,4267
1689018254156,-187988,4267
1689018254159,-187988,4267
1689018254163,-187988,4267
1689018254166,-187988,4267
1689018254171,-187988,4267
1689018254174,-187988,4267
1689018254177,-187988,4267
1689018254179,-187988,4267
1689018254182,-187988,4267
1689018254185,-187988,4267
1689018254187,-187988,4267
1689018254189,-187988,4267
1689018254193,-187988,4267
1689018254195,-187988,4267
1689018254198,-187988,4267
1689018254201,-187988,4267
1689018254204,-187988,4267
1689018254207,-187988,4267
1689018254211,-187988,4267
1689018254215,-187988,4267
1689018254217,-187988,4267
1689018254220,-187988,4267
1689018254223,-187988,4267
1689018254226,-187988,4267
1689018254229,-187988,4267
1689018254232,-187988,4267
1689018254235,-187988,4267
1689018254238,-187988,4267
1689018254241,-187988,4267
1689018254244,-187988,4267
1689018254247,-187988,4267
1689018254249,-187988,4267
1689018254252,-187988,4267
1689018254255,-187988,4267
1689018254258,-187988,4267
1689018254260,-187988,4267
1689018254263,-187988,4267
1689018254266,-187988,4267
1689018254268,-187988,4267
1689018254272,-187988,4267
1689018254275,-187988,4267
1689018254278,-187988,4267
1689018254280,-187988,4267
1689018254285,-187988,4267
1689018254288,-187988,4267
1689018254291,-187988,4267
1689018254294,-187988,4267
1689018254297,-187988,4267
1689018254299,-187988,4267
1689018254303,-187988,4267
1689018254305,-187988,4267
1689018254307,-187988,4267
1689018254310,-187988,4267
1689018254313,-187988,4267
1689018254316,-187988,4267
1689018254318,-187988,4267
1689018254323,-187988,4267
1689018254326,-187988,4267
1689018254328,-187988,4267
1689018254334,-187988,4267
1689018254338,-187988,4267
1689018254349,-187988,4267
1689018254356,-187988,4267
1689018254358,-187988,4267
1689018254361,-187988,4267
1689018254363,-187988,4267
1689018254365,-187988,4267
1689018254367,-187988,4267
1689018254369,-187988,4267
1689018254372,-187988,4267
1689018254374,-187988,4267
1689018254377,-187988,4267
1689018254379,-187988,4267
1689018254382,-187988,4267
1689018254385,-187988,4267
1689018254388,-187988,4267
1689018254393,-187988,4267
1689018254399,-187988,4267
1689018254408,-187988,4267
1689018254417,-187988,4267
1689018254421,-187988,4267
1689018254423,-187988,4267
1689018254426,-187988,4267
1689018254429,-187988,4267
1689018254432,-187988,4267
1689018254435,-187988,4267
1689018254438,-187988,4267
1689018254441,-187988,4267
1689018254444,-187988,4267
1689018254447,-187988,4267
1689018254451,-187988,4267
1689018254454,-187988,4267
1689018254457,-187988,4267
1689018254460,-187988,4267
1689018254463,-187988,4267
1689018254466,-187988,4267
1689018254469,-187988,4267
1689018254472,-187988,4267
1689018254475,-187988,4267
1689018254478,-187988,4267
1689018254480,-187988,4267
1689018254484,-187988,4267
1689018254487,-187988,4267
1689018254490,-187988,4267
1689018254493,-187988,4267
1689018254496,-187988,4267
1689018254499,-187988,4267
1689018254502,-187988,4267
1689018254505,-187988,4267
1689018254507,-187988,4267
1689018254511,-187988,4267
1689018254514,-187988,4267
1689018254517,-187988,4267
1689018254520,-187988,4267
1689018254524,-187988,4267
1689018254527,-187988,4267
1689018254529,-187988,4267
1689018254532,-187988,4267
1689018254535,-187988,4267
1689018254538,-187988,4267
1689018254540,-187988,4267
1689018254543,-187988,4267
1689018254545,-187988,4267
1689018254548,-187988,4267
1689018254550,-187988,4267
1689018254566,-187988,4267
1689018254570,-187988,4267
1689018254573,-187988,4267
1689018254575,-187988,4267
1689018254577,-187988,4267
1689018254579,-187988,4267
1689018254581,-187988,4267
1689018254583,-187988,4267
1689018254585,-187988,4267
1689018254587,-187988,4267
1689018254589,-187988,4267
1689018254592,-187988,4267
1689018254594,-187988,4267
1689018254596,-187988,4267
1689018254599,-187988,4267
1689018254601,-187988,4267
1689018254604,-187988,4267
1689018254605,-187988,4267
1689018254607,-187988,4267
1689018254610,-187988,4267
1689018254613,-187988,4267
1689018254615,-187988,4267
1689018254617,-187988,4267
1689018254619,-187988,4267
1689018254620,-187988,4267
1689018254622,-187988,4267
1689018254623,-187988,4267
1689018254623,-187988,4267
1689018254625,-187988,4267
1689018254626,-187988,4267
1689018254627,-187988,4267
1689018254628,-187988,4267
1689018254630,-187988,4267
1689018254632,-187988,4267
1689018254633,-187988,4267
1689018254633,-187988,4267
1689018254634,-187988,4267
1689018254635,-187988,4267
1689018254636,-187988,4267
1689018254636,-187988,4267
1689018254637,-187988,4267
1689018254639,-187988,4267
1689018254640,-187988,4267
1689018254641,-187988,4267
1689018254642,-187988,4267
1689018254643,-187988,4267
1689018254643,-187988,4267
1689018254644,-187988,4267
1689018254645,-187988,4267
1689018254646,-187988,4267
1689018254646,-187988,4267
1689018254647,-187988,4267
1689018254648,-187988,4267
1689018254648,-187988,4267
1689018254649,-187988,4267
1689018254650,-187988,4267
1689018254651,-187988,4267
1689018254654,-187988,4267
1689018254656,-187988,4267
1689018254657,-187988,4267
1689018254659,-187988,4267
1689018254661,-187988,4267
1689018254662,-187988,4267
1689018254665,-187988,4267
1689018254668,-187988,4267
1689018254671,-187988,4267
1689018254673,-187988,4267
1689018254676,-187988,4267
1689018254680,-187988,4267
1689018254682,-187988,4267
1689018254684,-187988,4267
1689018254685,-187988,4267
1689018254686,-187988,4267
1689018254687,-187988,4267
1689018254689,-187988,4267
1689018254692,-187988,4267
1689018254696,-187988,4267
1689018254699,-187988,4267
1689018254701,-187988,4267
1689018254704,-187988,4267
1689018254707,-187988,4267
1689018254709,-187988,4267
1689018254711,-187988,4267
1689018254713,-187988,4267
1689018254714,-187988,4267
1689018254716,-187988,4267
1689018254717,-187988,4267
1689018254718,-187988,4267
1689018254720,-187988,4267
1689018254722,-187988,4267
1689018254723,-187988,4267
1689018254725,-187988,4267
1689018254727,-187988,4267
1689018254728,-187988,4267
1689018254730,-187988,4267
1689018254732,-187988,4267
1689018254734,-187988,4267
1689018254738,-187988,4267
1689018254740,-187988,4267
1689018254742,-187988,4267
1689018254744,-187988,4267
1689018254746,-187988,4267
1689018254748,-187988,4267
1689018254750,-187988,4267
1689018254752,-187988,4267
1689018254754,-187988,4267
1689018254755,-187988,4267
1689018254758,-187988,4267
1689018254760,-187988,4267
1689018254762,-187988,4267
1689018254764,-187988,4267
1689018254765,-187988,4267
1689018254767,-187988,4267
1689018254769,-187988,4267
1689018254772,-187988,4267
1689018254774,-187988,4267
1689018254777,-187988,4267
1689018254779,-187988,4267
1689018254781,-187988,4267
1689018254784,-187988,4267
1689018254786,-187988,4267
1689018254787,-187988,4267
1689018254789,-187988,4267
1689018254791,-187988,4267
1689018254793,-187988,4267
1689018254795,-187988,4267
1689018254798,-187988,4267
1689018254800,-187988,4267
1689018254803,-187988,4267
1689018254805,-187988,4267
1689018254807,-187988,4267
1689018254809,-187988,4267
1689018254811,-187988,4267
1689018254813,-187988,4267
1689018254815,-187988,4267
1689018254817,-187988,4267
1689018254819,-187988,4267
1689018254822,-187988,4267
1689018254824,-187988,4267
1689018254826,-187988,4267
1689018254828,-187988,4267
1689018254830,-187988,4267
1689018254833,-187988,4267
1689018254835,-187988,4267
1689018254836,-187988,4267
1689018254839,-187988,4267
1689018254842,-187988,4267
1689018254844,-187988,4267
1689018254846,-187988,4267
1689018254847,-187988,4267
1689018254849,-187988,4267
1689018254852,-187988,4267
1689018254854,-187988,4267
1689018254856,-187988,4267
1689018254858,-187988,4267
1689018254860,-187988,4267
1689018254862,-187988,4267
1689018254864,-187988,4267
1689018254866,-187988,4267
1689018254868,-187988,4267
1689018254871,-187988,4267
1689018254873,-187988,4267
1689018254875,-187988,4267
1689018254877,-187988,4267
1689018254880,-187988,4267
1689018254882,-187988,4267
1689018254884,-187988,4267
1689018254886,-187988,4267
1689018254888,-187988,4267
1689018254890,-187988,4267
1689018254892,-187988,4267
1689018254894,-187988,4267
1689018254896,-187988,4267
1689018254899,-187988,4267
1689018254901,-187988,4267
1689018254904,-187988,4267
1689018254906,-187988,4267
1689018254908,-187988,4267
1689018254910,-187988,4267
1689018254913,-187988,4267
1689018254915,-187988,4267
1689018254917,-187988,4267
1689018254920,-187988,4267
1689018254922,-187988,4267
1689018254924,-187988,4267
1689018254926,-187988,4267
1689018254928,-187988,4267
1689018254930,-187988,4267
1689018254932,-187988,4267
1689018254934,-187988,4267
1689018254936,-187988,4267
1689018254937,-187988,4267
1689018254939,-187988,4267
1689018254941,-187988,4267
1689018254943,-187988,4267
1689018254945,-187988,4267
1689018254947,-187988,4267
1689018254949,-187988,4267
1689018254952,-187988,4267
1689018254954,-187988,4267
1689018254956,-187988,4267
1689018254959,-187988,4267
1689018254962,-187988,4267
1689018254964,-187988,4267
1689018254966,-187988,4267
1689018254968,-187988,4267
1689018254971,-187988,4267
1689018254974,-187988,4267
1689018254977,-187988,4267
1689018254980,-187988,4267
1689018254983,-187988,4267
1689018254986,-187988,4267
1689018254988,-187988,4267
1689018254991,-187988,4267
1689018254994,-187988,4267
1689018254997,-187988,4267
1689018254999,-187988,4267
1689018255002,-187988,4267
1689018255005,-187988,4267
1689018255007,-187988,4267
1689018255010,-187988,4267
1689018255014,-187988,4267
1689018255016,-187988,4267
1689018255019,-187988,4267
1689018255022,-187988,4267
1689018255024,-187988,4267
1689018255027,-187988,4267
1689018255030,-187988,4267
1689018255033,-187988,4267
1689018255036,-187988,4267
1689018255039,-187988,4267
1689018255043,-187988,4267
1689018255045,-187988,4267
1689018255048,-187988,4267
1689018255050,-187988,4267
1689018255053,-187988,4267
1689018255056,-187988,4267
1689018255058,-187988,4267
1689018255061,-187988,4267
1689018255064,-187988,4267
1689018255066,-187988,4267
1689018255069,-187988,4267
1689018255072,-187988,4267
1689018255075,-187988,4267
1689018255078,-187988,4267
1689018255082,-187988,4267
1689018255085,-187988,4267
1689018255088,-187988,4267
1689018255091,-187988,4267
1689018255093,-187988,4267
1689018255096,-187988,4267
1689018255099,-187988,4267
1689018255102,-187988,4267
1689018255104,-187988,4267
1689018255107,-187988,4267
1689018255111,-187988,4267
1689018255115,-187988,4267
1689018255118,-187988,4267
1689018255121,-161621,4267
1689018255124,-161621,4267
1689018255127,-161621,4267
1689018255130,-161621,4267
1689018255133,-161621,4267
1689018255135,-161621,4267
1689018255138,-161621,4267
1689018255141,-161621,4267
1689018255143,-161621,4267
1689018255145,-161621,4267
1689018255148,-161621,4267
1689018255151,-161621,4267
1689018255154,-161621,4267
1689018255158,-161621,4267
1689018255162,-161621,4267
1689018255165,-161621,4267
1689018255167,-161621,4267
1689018255169,-161621,4267
1689018255172,-161621,4267
1689018255176,-161621,4267
1689018255178,-161621,4267
1689018255181,-161621,4267
1689018255183,-161621,4267
1689018255186,-161621,4267
1689018255189,-161621,4267
1689018255193,-161621,4267
1689018255197,-161621,4267
1689018255201,-161621,4267
1689018255205,-161621,4267
1689018255208,-161621,4267
1689018255211,-161621,4267
1689018255214,-161621,4267
1689018255217,-161621,4267
1689018255219,-161621,4267
1689018255221,-161621,4267
1689018255224,-161621,4267
1689018255227,-161621,4267
1689018255231,-161621,4267
1689018255234,-161621,4267
1689018255237,-161621,4267
1689018255241,-161621,4267
1689018255244,-161621,4267
1689018255246,-161621,4267
1689018255249,-161621,4267
1689018255251,-161621,4267
1689018255254,-161621,4267
1689018255257,-161621,4267
1689018255261,-161621,4267
1689018255263,-161621,4267
1689018255266,-161621,4267
1689018255268,-161621,4267
1689018255272,-161621,4267
1689018255275,-161621,4267
1689018255278,-161621,4267
1689018255281,-161621,4267
1689018255284,-161621,4267
1689018255287,-161621,4267
1689018255289,-161621,4267
1689018255293,-161621,4267
1689018255295,-161621,4267
1689018255298,-161621,4267
1689018255301,-161621,4267
1689018255303,-161621,4267
1689018255306,-161621,4267
1689018255308,-161621,4267
1689018255312,-161621,4267
1689018255314,-161621,4267
1689018255317,-161621,4267
1689018255320,-161621,4267
1689018255322,-161621,4267
1689018255325,-161621,4267
1689018255328,-161621,4267
1689018255331,-161621,4267
1689018255334,-161621,4267
1689018255337,-161621,4267
1689018255340,-161621,4267
1689018255342,-161621,4267
1689018255345,-161621,4267
1689018255347,-161621,4267
1689018255351,-161621,4267
1689018255353,-161621,4267
1689018255356,-161621,4267
1689018255359,-161621,4267
1689018255363,-161621,4267
1689018255366,-161621,4267
1689018255368,-161621,4267
1689018255371,-161621,4267
1689018255374,-161621,4267
1689018255377,-161621,4267
1689018255379,-161621,4267
1689018255382,-161621,4267
1689018255385,-161621,4267
1689018255387,-161621,4267
1689018255390,-161621,4267
1689018255393,-161621,4267
1689018255397,-161621,4267
1689018255400,-161621,4267
1689018255403,-161621,4267
1689018255406,-161621,4267
1689018255409,-161621,4267
1689018255413,-161621,4267
1689018255416,-161621,4267
1689018255418,-161621,4267
1689018255421,-161621,4267
1689018255424,-161621,4267
1689018255427,-161621,4267
1689018255430,-161621,4267
1689018255433,-161621,4267
1689018255436,-161621,4267
1689018255438,-161621,4267
1689018255443,-161621,4267
1689018255446,-161621,4267
1689018255449,-161621,4267
1689018255452,-161621,4267
1689018255454,-161621,4267
1689018255457,-161621,4267
1689018255459,-161621,4267
1689018255462,-161621,4267
1689018255465,-161621,4267
1689018255467,-161621,4267
1689018255470,-161621,4267
1689018255474,-161621,4267
1689018255477,-161621,4267
1689018255481,-161621,4267
1689018255483,-161621,4267
1689018255486,-161621,4267
1689018255488,-161621,4267
1689018255492,-161621,4267
1689018255495,-161621,4267
1689018255498,-161621,4267
1689018255500,-161621,4267
1689018255503,-161621,4267
1689018255505,-161621,4267
1689018255508,-161621,4267
1689018255511,-161621,4267
1689018255513,-161621,4267
1689018255516,-161621,4267
1689018255518,-161621,4267
1689018255521,-161621,4267
1689018255524,-161621,4267
1689018255527,-161621,4267
1689018255529,-161621,4267
1689018255533,-161621,4267
1689018255536,-161621,4267
1689018255538,-161621,4267
1689018255541,-161621,4267
1689018255543,-161621,4267
1689018255546,-161621,4267
1689018255549,-161621,4267
1689018255552,-161621,4267
1689018255555,-161621,4267
1689018255558,-161621,4267
1689018255561,-161621,4267
1689018255563,-161621,4267
1689018255566,-161621,4267
1689018255569,-161621,4267
1689018255572,-161621,4267
1689018255575,-161621,4267
1689018255578,-161621,4267
1689018255581,-161621,4267
1689018255583,-161621,4267
1689018255586,-161621,4267
1689018255589,-161621,4267
1689018255592,-161621,4267
1689018255595,-161621,4267
1689018255598,-161621,4267
1689018255601,-161621,4267
1689018255604,-161621,4267
1689018255607,-161621,4267
1689018255610,-161621,4267
1689018255613,-161621,4267
1689018255616,-161621,4267
1689018255619,-161621,4267
1689018255623,-161621,4267
1689018255626,-161621,4267
1689018255628,-161621,4267
1689018255631,-161621,4267
1689018255634,-161621,4267
1689018255636,-161621,4267
1689018255639,-161621,4267
1689018255644,-161621,4267
1689018255647,-161621,4267
1689018255649,-161621,4267
1689018255653,-161621,4267
1689018255656,-161621,4267
1689018255658,-161621,4267
1689018255661,-161621,4267
1689018255664,-161621,4267
1689018255667,-161621,4267
1689018255669,-161621,4267
1689018255673,-161621,4267
1689018255676,-161621,4267
1689018255679,-161621,4267
1689018255681,-161621,4267
1689018255685,-161621,4267
1689018255688,-161621,4267
1689018255691,-161621,4267
1689018255694,-161621,4267
1689018255696,-161621,4267
1689018255701,-161621,4267
1689018255705,-161621,4267
1689018255707,-161621,4267
1689018255709,-161621,4267
1689018255713,-161621,4267
1689018255716,-161621,4267
1689018255718,-161621,4267
1689018255722,-161621,4267
1689018255724,-161621,4267
1689018255727,-161621,4267
1689018255731,-161621,4267
1689018255734,-161621,4267
1689018255736,-161621,4267
1689018255739,-161621,4267
1689018255742,-161621,4267
1689018255744,-161621,4267
1689018255747,-161621,4267
1689018255749,-161621,4267
1689018255753,-161621,4267
1689018255756,-161621,4267
1689018255759,-161621,4267
1689018255762,-161621,4267
1689018255765,-161621,4267
1689018255768,-161621,4267
1689018255771,-161621,4267
1689018255774,-161621,4267
1689018255777,-161621,4267
1689018255779,-161621,4267
1689018255783,-161621,4267
1689018255785,-161621,4267
1689018255788,-161621,4267
1689018255791,-161621,4267
1689018255795,-161621,4267
1689018255798,-161621,4267
1689018255802,-161621,4267
1689018255805,-161621,4267
1689018255807,-161621,4267
1689018255810,-161621,4267
1689018255813,-161621,4267
1689018255815,-161621,4267
1689018255818,-161621,4267
1689018255821,-161621,4267
1689018255824,-161621,4267
1689018255827,-161621,4267
1689018255829,-161621,4267
1689018255834,-161621,4267
1689018255837,-161621,4267
1689018255840,-161621,4267
1689018255843,-161621,4267
1689018255846,-161621,4267
1689018255848,-161621,4267
1689018255851,-161621,4267
1689018255853,-161621,4267
1689018255855,-161621,4267
1689018255857,-161621,4267
1689018255859,-161621,4267
1689018255862,-161621,4267
1689018255864,-161621,4267
1689018255866,-161621,4267
1689018255868,-161621,4267
1689018255871,-161621,4267
1689018255874,-161621,4267
1689018255876,-161621,4267
1689018255878,-161621,4267
1689018255880,-161621,4267
1689018255883,-161621,4267
1689018255885,-161621,4267
1689018255887,-161621,4267
1689018255889,-161621,4267
1689018255891,-161621,4267
1689018255894,-161621,4267
1689018255896,-161621,4267
1689018255898,-161621,4267
1689018255901,-161621,4267
1689018255903,-161621,4267
1689018255905,-161621,4267
1689018255907,-161621,4267
1689018255909,-161621,4267
1689018255912,-161621,4267
1689018255914,-161621,4267
1689018255916,-161621,4267
1689018255919,-161621,4267
1689018255921,-161621,4267
1689018255923,-161621,4267
1689018255925,-161621,4267
1689018255927,-161621,4267
1689018255929,-161621,4267
1689018255931,-161621,4267
1689018255934,-161621,4267
1689018255936,-161621,4267
1689018255938,-161621,4267
1689018255940,-161621,4267
1689018255943,-161621,4267
1689018255945,-161621,4267
1689018255947,-161621,4267
1689018255949,-161621,4267
1689018255953,-161621,4267
1689018255956,-161621,4267
1689018255958,-161621,4267
1689018255960,-161621,4267
1689018255962,-161621,4267
1689018255964,-161621,4267
1689018255966,-161621,4267
1689018255968,-161621,4267
1689018255970,-161621,4267
1689018255972,-161621,4267
1689018255974,-161621,4267
1689018255976,-161621,4267
1689018255978,-161621,4267
1689018255981,-161621,4267
1689018255983,-161621,4267
1689018255985,-161621,4267
1689018255987,-161621,4267
1689018255989,-161621,4267
1689018255992,-161621,4267
1689018255994,-161621,4267
1689018255996,-161621,4267
1689018255998,-161621,4267
1689018256001,-161621,4267
1689018256003,-161621,4267
1689018256005,-161621,4267
1689018256007,-161621,4267
1689018256009,-161621,4267
1689018256012,-161621,4267
1689018256014,-161621,4267
1689018256017,-161621,4267
1689018256019,-161621,4267
1689018256021,-161621,4267
1689018256023,-161621,4267
1689018256025,-161621,4267
1689018256027,-161621,4267
1689018256029,-161621,4267
1689018256032,-161621,4267
1689018256035,-161621,4267
1689018256037,-161621,4267
1689018256039,-161621,4267
1689018256041,-161621,4267
1689018256044,-161621,4267
1689018256045,-161621,4267
1689018256047,-161621,4267
1689018256050,-161621,4267
1689018256054,-161621,4267
1689018256056,-161621,4267
1689018256058,-161621,4267
1689018256061,-161621,4267
1689018256064,-161621,4267
1689018256066,-161621,4267
1689018256068,-161621,4267
1689018256071,-161621,4267
1689018256073,-161621,4267
1689018256075,-161621,4267
1689018256077,-161621,4267
1689018256080,-161621,4267
1689018256082,-161621,4267
1689018256085,-161621,4267
1689018256087,-161621,4267
1689018256089,-161621,4267
1689018256091,-161621,4267
1689018256094,-161621,4267
1689018256096,-161621,4267
1689018256099,-161621,4267
1689018256102,-161621,4267
1689018256105,-161621,4267
1689018256108,-161621,4267
1689018256110,-161621,4267
1689018256114,-161621,4267
1689018256117,-161621,4267
1689018256119,-161621,4267
1689018256122,-161621,4267
1689018256125,-161621,4267
1689018256131,-161621,4267
1689018256135,-161621,4267
1689018256139,-161621,4267
1689018256141,-161621,4267
1689018256144,-161621,4267
1689018256146,-161621,4267
1689018256149,-161621,4267
1689018256152,-161621,4267
1689018256155,-161621,4267
1689018256157,-161621,4267
1689018256159,-161621,4267
1689018256161,-161621,4267
1689018256164,-161621,4267
1689018256167,-161621,4267
1689018256169,-161621,4267
1689018256171,-161621,4267
1689018256172,-161621,4267
1689018256174,-161621,4267
1689018256175,-161621,4267
1689018256177,-161621,4267
1689018256178,-161621,4267
1689018256179,-161621,4267
1689018256181,-161621,4267
1689018256182,-161621,4267
1689018256184,-161621,4267
1689018256185,-161621,4267
1689018256186,-161621,4267
1689018256188,-161621,4267
1689018256189,-161621,4267
1689018256192,-161621,4267
1689018256194,-161621,4267
1689018256196,-161621,4267
1689018256197,-161621,4267
1689018256198,-161621,4267
1689018256199,-161621,4267
1689018256201,-161621,4267
1689018256203,-161621,4267
1689018256204,-161621,4267
1689018256205,-161621,4267
1689018256207,-161621,4267
1689018256208,-161621,4267
1689018256209,-161621,4267
1689018256212,-161621,4267
1689018256215,-161621,4267
1689018256217,-161621,4267
1689018256220,-161621,4267
1689018256223,-161621,4267
1689018256226,-161621,4267
1689018256228,-161621,4267
1689018256231,-161621,4267
1689018256234,-161621,4267
1689018256237,-161621,4267
1689018256239,-161621,4267
1689018256242,-161621,4267
1689018256244,-161621,4267
1689018256246,-161621,4267
1689018256249,-161621,4267
1689018256252,-161621,4267
1689018256255,-161621,4267
1689018256257,-161621,4267
1689018256260,-161621,4267
1689018256262,-161621,4267
1689018256265,-161621,4267
1689018256267,-161621,4267
1689018256271,-161621,4267
1689018256274,-161621,4267
1689018256276,-161621,4267
1689018256279,-161621,4267
1689018256282,-161621,4267
1689018256285,-161621,4267
1689018256287,-161621,4267
1689018256291,-161621,4267
1689018256294,-161621,4267
1689018256296,-161621,4267
1689018256298,-161621,4267
1689018256302,-161621,4267
1689018256304,-161621,4267
1689018256307,-161621,4267
1689018256309,-161621,4267
1689018256313,-161621,4267
1689018256315,-161621,4267
1689018256318,-161621,4267
1689018256320,-161621,4267
1689018256323,-161621,4267
1689018256325,-161621,4267
1689018256327,-161621,4267
1689018256330,-161621,4267
1689018256333,-161621,4267
1689018256335,-161621,4267
1689018256337,-161621,4267
1689018256340,-161621,4267
1689018256343,-161621,4267
1689018256346,-161621,4267
1689018256348,-161621,4267
1689018256351,-161621,4267
1689018256354,-161621,4267
1689018256356,-161621,4267
1689018256357,-161621,4267
1689018256359,-161621,4267
1689018256362,-161621,4267
1689018256365,-161621,4267
1689018256368,-161621,4267
1689018256372,-161621,4267
1689018256375,-161621,4267
1689018256378,-161621,4267
1689018256381,-161621,4267
1689018256383,-161621,4267
1689018256386,-161621,4267
1689018256389,-161621,4267
1689018256392,-161621,4267
1689018256395,-161621,4267
1689018256397,-161621,4267
1689018256401,-161621,4267
1689018256404,-161621,4267
1689018256406,-161621,4267
1689018256409,-161621,4267
1689018256412,-161621,4267
1689018256415,-161621,4267
1689018256417,-161621,4267
1689018256420,-161621,4267
1689018256423,-161621,4267
1689018256426,-161621,4267
1689018256429,-161621,4267
1689018256433,-161621,4267
1689018256436,-161621,4267
1689018256439,-161621,4267
1689018256442,-161621,4267
1689018256444,-161621,4267
1689018256447,-161621,4267
1689018256450,-161621,4267
1689018256454,-161621,4267
1689018256456,-161621,4267
1689018256458,-161621,4267
1689018256462,-161621,4267
1689018256465,-161621,4267
1689018256468,-161621,4267
1689018256470,-161621,4267
1689018256474,-161621,4267
1689018256476,-161621,4267
1689018256479,-161621,4267
1689018256483,-161621,4267
1689018256486,-161621,4267
1689018256488,-161621,4267
1689018256492,-161621,4267
1689018256495,-161621,4267
1689018256498,-161621,4267
1689018256501,-161621,4267
1689018256505,-161621,4267
1689018256507,-161621,4267
1689018256511,-161621,4267
1689018256514,-161621,4267
1689018256516,-161621,4267
1689018256519,-161621,4267
1689018256522,-161621,4267
1689018256525,-161621,4267
1689018256527,-161621,4267
1689018256530,-161621,4267
1689018256533,-161621,4267
1689018256535,-161621,4267
1689018256536,-161621,4267
1689018256538,-161621,4267
1689018256540,-161621,4267
1689018256542,-161621,4267
1689018256545,-161621,4267
1689018256547,-161621,4267
1689018256550,-161621,4267
1689018256553,-161621,4267
1689018256554,-161621,4267
1689018256556,-161621,4267
1689018256557,-161621,4267
1689018256559,-161621,4267
1689018256560,-161621,4267
1689018256562,-161621,4267
1689018256564,-161621,4267
1689018256565,-161621,4267
1689018256567,-161621,4267
1689018256568,-161621,4267
1689018256569,-161621,4267
1689018256571,-161621,4267
1689018256573,-161621,4267
1689018256575,-161621,4267
1689018256576,-161621,4267
1689018256577,-161621,4267
1689018256579,-161621,4267
1689018256580,-161621,4267
1689018256582,-161621,4267
1689018256584,-161621,4267
1689018256585,-161621,4267
1689018256586,-161621,4267
1689018256588,-171386,4267
1689018256589,-171386,4267
1689018256592,-171386,4267
1689018256596,-171386,4267
1689018256599,-171386,4267
1689018256603,-171386,4267
1689018256606,-171386,4267
1689018256609,-171386,4267
1689018256614,-171386,4267
1689018256617,-171386,4267
1689018256619,-171386,4267
1689018256623,-171386,4267
1689018256626,-171386,4267
1689018256628,-171386,4267
1689018256632,-171386,4267
1689018256635,-171386,4267
1689018256638,-171386,4267
1689018256642,-171386,4267
1689018256644,-171386,4267
1689018256647,-171386,4267
1689018256649,-171386,4267
1689018256653,-171386,4267
1689018256655,-171386,4267
1689018256657,-171386,4267
1689018256660,-171386,4267
1689018256663,-171386,4267
1689018256665,-171386,4267
1689018256668,-171386,4267
1689018256672,-171386,4267
1689018256675,-171386,4267
1689018256678,-171386,4267
1689018256680,-171386,4267
1689018256683,-171386,4267
1689018256686,-171386,4267
1689018256688,-171386,4267
1689018256693,-171386,4267
1689018256696,-171386,4267
1689018256699,-171386,4267
1689018256703,-171386,4267
1689018256706,-171386,4267
1689018256709,-171386,4267
1689018256712,-171386,4267
1689018256716,-171386,4267
1689018256718,-171386,4267
1689018256721,-171386,4267
1689018256723,-171386,4267
1689018256726,-171386,4267
1689018256729,-171386,4267
1689018256732,-171386,4267
1689018256735,-171386,4267
1689018256738,-171386,4267
1689018256741,-171386,4267
1689018256744,-171386,4267
1689018256746,-171386,4267
1689018256749,-171386,4267
1689018256753,-171386,4267
1689018256755,-171386,4267
1689018256758,-171386,4267
1689018256761,-171386,4267
1689018256764,-171386,4267
1689018256766,-171386,4267
1689018256767,-171386,4267
1689018256769,-171386,4267
1689018256771,-171386,4267
1689018256773,-171386,4267
1689018256776,-171386,4267
1689018256779,-171386,4267
1689018256782,-171386,4267
1689018256785,-171386,4267
1689018256788,-171386,4267
1689018256792,-171386,4267
1689018256796,-171386,4267
1689018256798,-171386,4267
1689018256801,-171386,4267
1689018256804,-171386,4267
1689018256806,-171386,4267
1689018256809,-171386,4267
1689018256811,-171386,4267
1689018256814,-171386,4267
1689018256817,-171386,4267
1689018256819,-171386,4267
1689018256824,-171386,4267
1689018256826,-171386,4267
1689018256831,-171386,4267
1689018256834,-171386,4267
1689018256837,-171386,4267
1689018256839,-171386,4267
1689018256842,-171386,4267
1689018256845,-171386,4267
1689018256847,-171386,4267
1689018256850,-171386,4267
1689018256853,-171386,4267
1689018256855,-171386,4267
1689018256858,-171386,4267
1689018256861,-171386,4267
1689018256864,-171386,4267
1689018256866,-171386,4267
1689018256869,-171386,4267
1689018256872,-171386,4267
1689018256875,-171386,4267
1689018256877,-171386,4267
1689018256882,-171386,4267
1689018256884,-171386,4267
1689018256887,-171386,4267
1689018256890,-171386,4267
1689018256893,-171386,4267
1689018256896,-171386,4267
1689018256898,-171386,4267
1689018256901,-171386,4267
1689018256904,-171386,4267
1689018256907,-171386,4267
1689018256911,-171386,4267
1689018256913,-171386,4267
1689018256915,-171386,4267
1689018256917,-171386,4267
1689018256919,-171386,4267
1689018256921,-171386,4267
1689018256923,-171386,4267
1689018256925,-171386,4267
1689018256927,-171386,4267
1689018256929,-171386,4267
1689018256933,-171386,4267
1689018256936,-171386,4267
1689018256938,-171386,4267
1689018256941,-171386,4267
1689018256945,-171386,4267
1689018256948,-171386,4267
1689018256951,-171386,4267
1689018256955,-171386,4267
1689018256958,-171386,4267
1689018256961,-171386,4267
1689018256964,-171386,4267
1689018256966,-171386,4267
1689018256969,-171386,4267
1689018256973,-171386,4267
1689018256975,-171386,4267
1689018256977,-171386,4267
1689018256979,-171386,4267
1689018256982,-171386,4267
1689018256984,-171386,4267
1689018256987,-171386,4267
1689018256989,-171386,4267
1689018256991,-171386,4267
1689018256994,-171386,4267
1689018256996,-171386,4267
1689018256998,-171386,4267
1689018257001,-171386,4267
1689018257003,-171386,4267
1689018257005,-171386,4267
1689018257007,-171386,4267
1689018257008,-171386,4267
1689018257010,-171386,4267
1689018257013,-171386,4267
1689018257014,-171386,4267
1689018257016,-171386,4267
1689018257019,-171386,4267
1689018257021,-171386,4267
1689018257023,-171386,4267
1689018257025,-171386,4267
1689018257027,-171386,4267
1689018257030,-171386,4267
1689018257032,-171386,4267
1689018257035,-171386,4267
1689018257037,-171386,4267
1689018257039,-171386,4267
1689018257041,-171386,4267
1689018257044,-171386,4267
1689018257046,-171386,4267
1689018257048,-171386,4267
1689018257050,-171386,4267
1689018257052,-171386,4267
1689018257054,-171386,4267
1689018257056,-171386,4267
1689018257058,-171386,4267
1689018257061,-171386,4267
1689018257063,-171386,4267
1689018257066,-171386,4267
1689018257068,-171386,4267
1689018257071,-171386,4267
1689018257073,-171386,4267
1689018257075,-171386,4267
1689018257077,-171386,4267
1689018257079,-171386,4267
1689018257082,-171386,4267
1689018257084,-171386,4267
1689018257086,-171386,4267
1689018257088,-171386,4267
1689018257091,-171386,4267
1689018257093,-171386,4267
1689018257095,-171386,4267
1689018257097,-171386,4267
1689018257100,-171386,4267
1689018257102,-171386,4267
1689018257104,-171386,4267
1689018257106,-171386,4267
1689018257109,-171386,4267
1689018257111,-171386,4267
1689018257113,-171386,4267
1689018257115,-171386,4267
1689018257117,-171386,4267
1689018257119,-171386,4267
1689018257121,-171386,4267
1689018257123,-171386,4267
1689018257125,-171386,4267
1689018257127,-171386,4267
1689018257129,-171386,4267
1689018257131,-171386,4267
1689018257134,-171386,4267
1689018257139,-171386,4267
1689018257151,-171386,4267
1689018257153,-171386,4267
1689018257161,-171386,4267
1689018257164,-171386,4267
1689018257166,-171386,4267
1689018257168,-171386,4267
1689018257171,-171386,4267
1689018257172,-171386,4267
1689018257173,-171386,4267
1689018257174,-171386,4267
1689018257175,-171386,4267
1689018257176,-171386,4267
1689018257177,-171386,4267
1689018257178,-171386,4267
1689018257179,-171386,4267
1689018257182,-171386,4267
1689018257183,-171386,4267
1689018257184,-171386,4267
1689018257186,-171386,4267
1689018257187,-171386,4267
1689018257189,-171386,4267
1689018257190,-171386,4267
1689018257193,-171386,4267
1689018257194,-171386,4267
1689018257196,-171386,4267
1689018257197,-171386,4267
1689018257199,-171386,4267
1689018257200,-171386,4267
1689018257202,-171386,4267
1689018257204,-171386,4267
1689018257205,-171386,4267
1689018257207,-171386,4267
1689018257208,-171386,4267
1689018257211,-171386,4267
1689018257212,-171386,4267
1689018257214,-171386,4267
1689018257215,-171386,4267
1689018257216,-171386,4267
1689018257218,-171386,4267
1689018257219,-171386,4267
1689018257222,-171386,4267
1689018257223,-171386,4267
1689018257225,-171386,4267
1689018257226,-171386,4267
1689018257228,-171386,4267
1689018257229,-171386,4267
1689018257233,-171386,4267
1689018257237,-171386,4267
1689018257239,-171386,4267
1689018257243,-171386,4267
1689018257245,-171386,4267
1689018257248,-171386,4267
1689018257251,-171386,4267
1689018257254,-171386,4267
1689018257257,-171386,4267
1689018257260,-171386,4267
1689018257263,-171386,4267
1689018257266,-171386,4267
1689018257269,-171386,4267
1689018257273,-171386,4267
1689018257275,-171386,4267
1689018257278,-171386,4267
1689018257281,-171386,4267
1689018257283,-171386,4267
1689018257286,-171386,4267
1689018257288,-171386,4267
1689018257291,-171386,4267
1689018257293,-171386,4267
1689018257296,-171386,4267
1689018257299,-171386,4267
1689018257302,-171386,4267
1689018257306,-171386,4267
1689018257309,-171386,4267
1689018257313,-171386,4267
1689018257315,-171386,4267
1689018257318,-171386,4267
1689018257321,-171386,4267
1689018257324,-171386,4267
1689018257327,-171386,4267
1689018257332,-171386,4267
1689018257336,-171386,4267
1689018257338,-171386,4267
1689018257341,-171386,4267
1689018257343,-171386,4267
1689018257346,-171386,4267
1689018257349,-171386,4267
1689018257352,-171386,4267
1689018257355,-171386,4267
1689018257357,-171386,4267
1689018257358,-171386,4267
1689018257361,-171386,4267
1689018257364,-171386,4267
1689018257366,-171386,4267
1689018257368,-171386,4267
1689018257370,-171386,4267
1689018257373,-171386,4267
1689018257375,-171386,4267
1689018257378,-171386,4267
1689018257381,-171386,4267
1689018257384,-171386,4267
1689018257387,-171386,4267
1689018257391,-171386,4267
1689018257394,-171386,4267
1689018257396,-171386,4267
1689018257399,-171386,4267
1689018257403,-171386,4267
1689018257405,-171386,4267
1689018257407,-171386,4267
1689018257411,-171386,4267
1689018257413,-171386,4267
1689018257416,-171386,4267
1689018257418,-171386,4267
1689018257422,-171386,4267
1689018257425,-171386,4267
1689018257427,-171386,4267
1689018257430,-171386,4267
1689018257433,-171386,4267
1689018257436,-171386,4267
1689018257438,-171386,4267
1689018257442,-171386,4267
1689018257445,-171386,4267
1689018257447,-171386,4267
1689018257450,-171386,4267
1689018257453,-171386,4267
1689018257456,-171386,4267
1689018257459,-171386,4267
1689018257463,-171386,4267
1689018257465,-171386,4267
1689018257468,-171386,4267
1689018257471,-171386,4267
1689018257474,-171386,4267
1689018257476,-171386,4267
1689018257479,-171386,4267
1689018257483,-171386,4267
1689018257486,-171386,4267
1689018257488,-171386,4267
1689018257490,-171386,4267
1689018257492,-171386,4267
1689018257494,-171386,4267
1689018257496,-171386,4267
1689018257499,-171386,4267
1689018257501,-171386,4267
1689018257503,-171386,4267
1689018257506,-171386,4267
1689018257509,-171386,4267
1689018257511,-171386,4267
1689018257513,-171386,4267
1689018257515,-171386,4267
1689018257517,-171386,4267
1689018257519,-171386,4267
1689018257522,-171386,4267
1689018257524,-171386,4267
1689018257526,-171386,4267
1689018257528,-171386,4267
1689018257531,-171386,4267
1689018257533,-171386,4267
1689018257535,-171386,4267
1689018257537,-171386,4267
1689018257539,-171386,4267
1689018257543,-171386,4267
1689018257545,-171386,4267
1689018257548,-171386,4267
1689018257550,-171386,4267
1689018257552,-171386,4267
1689018257555,-171386,4267
1689018257557,-171386,4267
1689018257559,-171386,4267
1689018257561,-171386,4267
1689018257563,-171386,4267
1689018257565,-171386,4267
1689018257567,-171386,4267
1689018257569,-171386,4267
1689018257572,-171386,4267
1689018257574,-171386,4267
1689018257576,-171386,4267
1689018257578,-171386,4267
1689018257580,-171386,4267
1689018257583,-171386,4267
1689018257585,-171386,4267
1689018257588,-171386,4267
1689018257590,-171386,4267
1689018257593,-171386,4267
1689018257595,-171386,4267
1689018257596,-171386,4267
1689018257598,-171386,4267
1689018257599,-171386,4267
1689018257601,-171386,4267
1689018257604,-171386,4267
1689018257606,-171386,4267
1689018257607,-171386,4267
1689018257609,-171386,4267
1689018257611,-171386,4267
1689018257613,-171386,4267
1689018257614,-171386,4267
1689018257616,-171386,4267
1689018257617,-171386,4267
1689018257619,-171386,4267
1689018257620,-171386,4267
1689018257621,-171386,4267
1689018257623,-171386,4267
1689018257624,-171386,4267
1689018257626,-171386,4267
1689018257627,-171386,4267
1689018257628,-171386,4267
1689018257630,-171386,4267
1689018257632,-171386,4267
1689018257633,-171386,4267
1689018257635,-171386,4267
1689018257636,-171386,4267
1689018257638,-171386,4267
1689018257639,-171386,4267
1689018257640,-171386,4267
1689018257642,-171386,4267
1689018257643,-171386,4267
1689018257644,-171386,4267
1689018257646,-171386,4267
1689018257647,-171386,4267
1689018257649,-171386,4267
1689018257651,-171386,4267
1689018257653,-171386,4267
1689018257655,-171386,4267
1689018257656,-171386,4267
1689018257658,-171386,4267
1689018257661,-171386,4267
1689018257664,-171386,4267
1689018257666,-171386,4267
1689018257667,-171386,4267
1689018257669,-171386,4267
1689018257671,-171386,4267
1689018257673,-171386,4267
1689018257675,-171386,4267
1689018257676,-171386,4267
1689018257678,-171386,4267
1689018257680,-171386,4267
1689018257682,-171386,4267
1689018257684,-171386,4267
1689018257685,-171386,4267
1689018257687,-171386,4267
1689018257689,-171386,4267
1689018257692,-171386,4267
1689018257694,-171386,4267
1689018257697,-171386,4267
1689018257699,-171386,4267
1689018257702,-171386,4267
1689018257704,-171386,4267
1689018257707,-171386,4267
1689018257709,-171386,4267
1689018257719,-171386,4267
1689018257722,-171386,4267
1689018257725,-171386,4267
1689018257727,-171386,4267
1689018257731,-171386,4267
1689018257734,-171386,4267
1689018257737,-171386,4267
1689018257741,-171386,4267
1689018257745,-171386,4267
1689018257748,-171386,4267
1689018257750,-171386,4267
1689018257752,-171386,4267
1689018257753,-171386,4267
1689018257754,-171386,4267
1689018257756,-171386,4267
1689018257758,-171386,4267
1689018257766,-171386,4267
1689018257777,-171386,4267
1689018257781,-171386,4267
1689018257783,-171386,4267
1689018257785,-171386,4267
1689018257787,-171386,4267
1689018257789,-171386,4267
1689018257791,-171386,4267
1689018257794,-171386,4267
1689018257796,-171386,4267
1689018257798,-171386,4267
1689018257800,-171386,4267
1689018257801,-171386,4267
1689018257803,-171386,4267
1689018257805,-171386,4267
1689018257807,-171386,4267
1689018257809,-171386,4267
1689018257810,-171386,4267
1689018257814,-171386,4267
1689018257817,-171386,4267
1689018257821,-171386,4267
1689018257825,-171386,4267
1689018257829,-171386,4267
1689018257832,-171386,4267
1689018257834,-171386,4267
1689018257837,-171386,4267
1689018257840,-171386,4267
1689018257843,-171386,4267
1689018257846,-171386,4267
1689018257849,-171386,4267
1689018257852,-171386,4267
1689018257854,-171386,4267
1689018257857,-171386,4267
1689018257859,-171386,4267
1689018257863,-171386,4267
1689018257866,-171386,4267
1689018257868,-171386,4267
1689018257873,-171386,4267
1689018257876,-171386,4267
1689018257878,-171386,4267
1689018257881,-171386,4267
1689018257884,-171386,4267
1689018257887,-171386,4267
1689018257890,-171386,4267
1689018257893,-171386,4267
1689018257895,-171386,4267
1689018257898,-171386,4267
1689018257901,-171386,4267
1689018257905,-171386,4267
1689018257908,-171386,4267
1689018257911,-171386,4267
1689018257914,-171386,4267
1689018257917,-171386,4267
1689018257920,-171386,4267
1689018257923,-171386,4267
1689018257925,-171386,4267
1689018257928,-171386,4267
1689018257931,-171386,4267
1689018257934,-171386,4267
1689018257937,-171386,4267
1689018257939,-171386,4267
1689018257944,-171386,4267
1689018257947,-171386,4267
1689018257948,-171386,4267
1689018257951,-171386,4267
1689018257953,-171386,4267
1689018257956,-171386,4267
1689018257958,-171386,4267
1689018257963,-171386,4267
1689018257965,-171386,4267
1689018257968,-171386,4267
1689018257971,-171386,4267
1689018257974,-171386,4267
1689018257977,-171386,4267
1689018257980,-171386,4267
1689018257984,-171386,4267
1689018257987,-171386,4267
1689018257990,-171386,4267
1689018257993,-171386,4267
1689018257996,-171386,4267
1689018257998,-171386,4267
1689018258001,-171386,4267
1689018258004,-171386,4267
1689018258006,-171386,4267
1689018258009,-171386,4267
1689018258012,-171386,4267
1689018258015,-171386,4267
1689018258017,-171386,4267
1689018258019,-171386,4267
1689018258024,-171386,4267
1689018258027,-171386,4267
1689018258029,-171386,4267
1689018258032,-171386,4267
1689018258035,-171386,4267
1689018258037,-171386,4267
1689018258040,-171386,4267
1689018258043,-171386,4267
1689018258046,-171386,4267
1689018258049,-171386,4267
1689018258052,-171386,4267
1689018258056,-159667,4267
1689018258058,-159667,4267
1689018258061,-159667,4267
1689018258064,-159667,4267
1689018258067,-159667,4267
1689018258069,-159667,4267
1689018258072,-159667,4267
1689018258075,-159667,4267
1689018258078,-159667,4267
1689018258080,-159667,4267
1689018258082,-159667,4267
1689018258085,-159667,4267
1689018258088,-159667,4267
1689018258091,-159667,4267
1689018258095,-159667,4267
1689018258097,-159667,4267
1689018258100,-159667,4267
1689018258102,-159667,4267
1689018258105,-159667,4267
1689018258107,-159667,4267
1689018258110,-159667,4267
1689018258113,-159667,4267
1689018258116,-159667,4267
1689018258118,-159667,4267
1689018258120,-159667,4267
1689018258123,-159667,4267
1689018258125,-159667,4267
1689018258127,-159667,4267
1689018258129,-159667,4267
1689018258132,-159667,4267
1689018258135,-159667,4267
1689018258138,-159667,4267
1689018258141,-159667,4267
1689018258144,-159667,4267
1689018258146,-159667,4267
1689018258148,-159667,4267
1689018258150,-159667,4267
1689018258152,-159667,4267
1689018258154,-159667,4267
1689018258156,-159667,4267
1689018258158,-159667,4267
1689018258161,-159667,4267
1689018258163,-159667,4267
1689018258165,-159667,4267
1689018258167,-159667,4267
1689018258170,-159667,4267
1689018258173,-159667,4267
1689018258175,-159667,4267
1689018258177,-159667,4267
1689018258180,-159667,4267
1689018258183,-159667,4267
1689018258185,-159667,4267
1689018258187,-159667,4267
1689018258189,-159667,4267
1689018258192,-159667,4267
1689018258194,-159667,4267
1689018258196,-159667,4267
1689018258198,-159667,4267
1689018258201,-159667,4267
1689018258203,-159667,4267
1689018258206,-159667,4267
1689018258208,-159667,4267
1689018258210,-159667,4267
1689018258212,-159667,4267
1689018258214,-159667,4267
1689018258216,-159667,4267
1689018258218,-159667,4267
1689018258220,-159667,4267
1689018258222,-159667,4267
1689018258224,-159667,4267
1689018258227,-159667,4267
1689018258229,-159667,4267
1689018258232,-159667,4267
1689018258234,-159667,4267
1689018258236,-159667,4267
1689018258238,-159667,4267
1689018258240,-159667,4267
1689018258243,-159667,4267
1689018258245,-159667,4267
1689018258247,-159667,4267
1689018258249,-159667,4267
1689018258251,-159667,4267
1689018258253,-159667,4267
1689018258255,-159667,4267
1689018258257,-159667,4267
1689018258259,-159667,4267
1689018258262,-159667,4267
1689018258264,-159667,4267
1689018258266,-159667,4267
1689018258268,-159667,4267
1689018258270,-159667,4267
1689018258273,-159667,4267
1689018258275,-159667,4267
1689018258277,-159667,4267
1689018258279,-159667,4267
1689018258282,-159667,4267
1689018258285,-159667,4267
1689018258286,-159667,4267
1689018258288,-159667,4267
1689018258290,-159667,4267
1689018258292,-159667,4267
1689018258293,-159667,4267
1689018258295,-159667,4267
1689018258297,-159667,4267
1689018258298,-159667,4267
1689018258300,-159667,4267
1689018258303,-159667,4267
1689018258304,-159667,4267
1689018258306,-159667,4267
1689018258308,-159667,4267
1689018258309,-159667,4267
1689018258311,-159667,4267
1689018258312,-159667,4267
1689018258314,-159667,4267
1689018258315,-159667,4267
1689018258316,-159667,4267
1689018258317,-159667,4267
1689018258318,-159667,4267
1689018258319,-159667,4267
1689018258320,-159667,4267
1689018258322,-159667,4267
1689018258323,-159667,4267
1689018258325,-159667,4267
1689018258326,-159667,4267
1689018258327,-159667,4267
1689018258328,-159667,4267
1689018258330,-159667,4267
1689018258332,-159667,4267
1689018258333,-159667,4267
1689018258335,-159667,4267
1689018258336,-159667,4267
1689018258337,-159667,4267
1689018258339,-159667,4267
1689018258341,-159667,4267
1689018258342,-159667,4267
1689018258344,-159667,4267
1689018258345,-159667,4267
1689018258346,-159667,4267
1689018258347,-159667,4267
1689018258348,-159667,4267
1689018258349,-159667,4267
1689018258350,-159667,4267
1689018258352,-159667,4267
1689018258354,-159667,4267
1689018258355,-159667,4267
1689018258356,-159667,4267
1689018258358,-159667,4267
1689018258359,-159667,4267
1689018258360,-159667,4267
1689018258362,-159667,4267
1689018258363,-159667,4267
1689018258365,-159667,4267
1689018258366,-159667,4267
1689018258368,-159667,4267
1689018258369,-159667,4267
1689018258371,-159667,4267
1689018258373,-159667,4267
1689018258375,-159667,4267
1689018258376,-159667,4267
1689018258378,-159667,4267
1689018258379,-159667,4267
1689018258382,-159667,4267
1689018258384,-159667,4267
1689018258385,-159667,4267
1689018258387,-159667,4267
1689018258388,-159667,4267
1689018258390,-159667,4267
1689018258393,-159667,4267
1689018258396,-159667,4267
1689018258399,-159667,4267
1689018258402,-159667,4267
1689018258406,-159667,4267
1689018258408,-159667,4267
1689018258413,-159667,4267
1689018258416,-159667,4267
1689018258421,-159667,4267
1689018258425,-159667,4267
1689018258428,-159667,4267
1689018258431,-159667,4267
1689018258435,-159667,4267
1689018258437,-159667,4267
1689018258441,-159667,4267
1689018258444,-159667,4267
1689018258447,-159667,4267
1689018258450,-159667,4267
1689018258453,-159667,4267
1689018258456,-159667,4267
1689018258459,-159667,4267
1689018258462,-159667,4267
1689018258465,-159667,4267
1689018258467,-159667,4267
1689018258469,-159667,4267
1689018258472,-159667,4267
1689018258475,-159667,4267
1689018258477,-159667,4267
1689018258478,-159667,4267
1689018258480,-159667,4267
1689018258484,-159667,4267
1689018258486,-159667,4267
1689018258488,-159667,4267
1689018258491,-159667,4267
1689018258494,-159667,4267
1689018258497,-159667,4267
1689018258501,-159667,4267
1689018258504,-159667,4267
1689018258507,-159667,4267
1689018258509,-159667,4267
1689018258511,-159667,4267
1689018258513,-159667,4267
1689018258515,-159667,4267
1689018258516,-159667,4267
1689018258518,-159667,4267
1689018258520,-159667,4267
1689018258522,-159667,4267
1689018258529,-159667,4267
1689018258532,-159667,4267
1689018258536,-159667,4267
1689018258539,-159667,4267
1689018258542,-159667,4267
1689018258544,-159667,4267
1689018258545,-159667,4267
1689018258546,-159667,4267
1689018258547,-159667,4267
1689018258549,-159667,4267
1689018258551,-159667,4267
1689018258553,-159667,4267
1689018258554,-159667,4267
1689018258556,-159667,4267
1689018258557,-159667,4267
1689018258559,-159667,4267
1689018258561,-159667,4267
1689018258562,-159667,4267
1689018258563,-159667,4267
1689018258564,-159667,4267
1689018258565,-159667,4267
1689018258567,-159667,4267
1689018258568,-159667,4267
1689018258570,-159667,4267
1689018258572,-159667,4267
1689018258573,-159667,4267
1689018258574,-159667,4267
1689018258575,-159667,4267
1689018258577,-159667,4267
1689018258578,-159667,4267
1689018258580,-159667,4267
1689018258581,-159667,4267
1689018258583,-159667,4267
1689018258584,-159667,4267
1689018258585,-159667,4267
1689018258585,-159667,4267
1689018258586,-159667,4267
1689018258587,-159667,4267
1689018258588,-159667,4267
1689018258589,-159667,4267
1689018258590,-159667,4267
1689018258591,-159667,4267
1689018258593,-159667,4267
1689018258594,-159667,4267
1689018258595,-159667,4267
1689018258596,-159667,4267
1689018258597,-159667,4267
1689018258598,-159667,4267
1689018258599,-159667,4267
1689018258601,-159667,4267
1689018258602,-159667,4267
1689018258603,-159667,4267
1689018258604,-159667,4267
1689018258606,-159667,4267
1689018258610,-159667,4267
1689018258613,-159667,4267
1689018258615,-159667,4267
1689018258617,-159667,4267
1689018258619,-159667,4267
1689018258622,-159667,4267
1689018258624,-159667,4267
1689018258626,-159667,4267
1689018258628,-159667,4267
1689018258630,-159667,4267
1689018258632,-159667,4267
1689018258633,-159667,4267
1689018258635,-159667,4267
1689018258636,-159667,4267
1689018258638,-159667,4267
1689018258639,-159667,4267
1689018258640,-159667,4267
1689018258641,-159667,4267
1689018258643,-159667,4267
1689018258643,-159667,4267
1689018258644,-159667,4267
1689018258645,-159667,4267
1689018258645,-159667,4267
1689018258646,-159667,4267
1689018258647,-159667,4267
1689018258647,-159667,4267
1689018258648,-159667,4267
1689018258648,-159667,4267
1689018258649,-159667,4267
1689018258650,-159667,4267
1689018258651,-159667,4267
1689018258652,-159667,4267
1689018258653,-159667,4267
1689018258654,-159667,4267
1689018258655,-159667,4267
1689018258656,-159667,4267
1689018258657,-159667,4267
1689018258658,-159667,4267
1689018258659,-159667,4267
1689018258659,-159667,4267
1689018258660,-159667,4267
1689018258661,-159667,4267
1689018258661,-159667,4267
1689018258662,-159667,4267
1689018258663,-159667,4267
1689018258663,-159667,4267
1689018258664,-159667,4267
1689018258664,-159667,4267
1689018258665,-159667,4267
1689018258666,-159667,4267
1689018258666,-159667,4267
1689018258667,-159667,4267
1689018258667,-159667,4267
1689018258670,-159667,4267
1689018258672,-159667,4267
1689018258675,-159667,4267
1689018258677,-159667,4267
1689018258679,-159667,4267
1689018258682,-159667,4267
1689018258684,-159667,4267
1689018258686,-159667,4267
1689018258688,-159667,4267
1689018258690,-159667,4267
1689018258691,-159667,4267
1689018258693,-159667,4267
1689018258695,-159667,4267
1689018258697,-159667,4267
1689018258698,-159667,4267
1689018258700,-159667,4267
1689018258701,-159667,4267
1689018258703,-159667,4267
1689018258704,-159667,4267
1689018258705,-159667,4267
1689018258706,-159667,4267
1689018258707,-159667,4267
1689018258708,-159667,4267
1689018258710,-159667,4267
1689018258711,-159667,4267
1689018258713,-159667,4267
1689018258714,-159667,4267
1689018258716,-159667,4267
1689018258719,-159667,4267
1689018258722,-159667,4267
1689018258723,-159667,4267
1689018258725,-159667,4267
1689018258726,-159667,4267
1689018258727,-159667,4267
1689018258728,-159667,4267
1689018258729,-159667,4267
1689018258730,-159667,4267
1689018258732,-159667,4267
1689018258733,-159667,4267
1689018258734,-159667,4267
1689018258735,-159667,4267
1689018258736,-159667,4267
1689018258737,-159667,4267
1689018258738,-159667,4267
1689018258739,-159667,4267
1689018258740,-159667,4267
1689018258741,-159667,4267
1689018258742,-159667,4267
1689018258743,-159667,4267
1689018258744,-159667,4267
1689018258745,-159667,4267
1689018258746,-159667,4267
1689018258746,-159667,4267
1689018258747,-159667,4267
1689018258748,-159667,4267
1689018258748,-159667,4267
1689018258749,-159667,4267
1689018258750,-159667,4267
1689018258751,-159667,4267
1689018258752,-159667,4267
1689018258753,-159667,4267
1689018258753,-159667,4267
1689018258754,-159667,4267
1689018258755,-159667,4267
1689018258755,-159667,4267
1689018258756,-159667,4267
1689018258756,-159667,4267
1689018258757,-159667,4267
1689018258758,-159667,4267
1689018258758,-159667,4267
1689018258759,-159667,4267
1689018258759,-159667,4267
1689018258760,-159667,4267
1689018258762,-159667,4267
1689018258764,-159667,4267
1689018258765,-159667,4267
1689018258767,-159667,4267
1689018258768,-159667,4267
1689018258770,-159667,4267
1689018258772,-159667,4267
1689018258774,-159667,4267
1689018258776,-159667,4267
1689018258778,-159667,4267
1689018258779,-159667,4267
1689018258781,-159667,4267
1689018258783,-159667,4267
1689018258785,-159667,4267
1689018258787,-159667,4267
1689018258789,-159667,4267
1689018258791,-159667,4267
1689018258793,-159667,4267
1689018258795,-159667,4267
1689018258797,-159667,4267
1689018258798,-159667,4267
1689018258800,-159667,4267
1689018258802,-159667,4267
1689018258803,-159667,4267
1689018258804,-159667,4267
1689018258806,-159667,4267
1689018258807,-159667,4267
1689018258808,-159667,4267
1689018258809,-159667,4267
1689018258809,-159667,4267
1689018258810,-159667,4267
1689018258811,-159667,4267
1689018258812,-159667,4267
1689018258813,-159667,4267
1689018258813,-159667,4267
1689018258814,-159667,4267
1689018258815,-159667,4267
1689018258815,-159667,4267
1689018258816,-159667,4267
1689018258817,-159667,4267
1689018258818,-159667,4267
1689018258818,-159667,4267
1689018258819,-159667,4267
1689018258819,-159667,4267
1689018258820,-159667,4267
1689018258822,-159667,4267
1689018258824,-159667,4267
1689018258826,-159667,4267
1689018258827,-159667,4267
1689018258829,-159667,4267
1689018258830,-159667,4267
1689018258832,-159667,4267
1689018258834,-159667,4267
1689018258836,-159667,4267
1689018258837,-159667,4267
1689018258839,-159667,4267
1689018258840,-159667,4267
1689018258841,-159667,4267
1689018258843,-159667,4267
1689018258844,-159667,4267
1689018258845,-159667,4267
1689018258846,-159667,4267
1689018258848,-159667,4267
1689018258849,-159667,4267
1689018258851,-159667,4267
1689018258853,-159667,4267
1689018258854,-159667,4267
1689018258856,-159667,4267
1689018258857,-159667,4267
1689018258861,-159667,4267
1689018258863,-159667,4267
1689018258865,-159667,4267
1689018258868,-159667,4267
1689018258870,-159667,4267
1689018258873,-159667,4267
1689018258875,-159667,4267
1689018258877,-159667,4267
1689018258880,-159667,4267
1689018258882,-159667,4267
1689018258884,-159667,4267
1689018258887,-159667,4267
1689018258890,-159667,4267
1689018258892,-159667,4267
1689018258894,-159667,4267
1689018258895,-159667,4267
1689018258897,-159667,4267
1689018258898,-159667,4267
1689018258899,-159667,4267
1689018258899,-159667,4267
1689018258900,-159667,4267
1689018258901,-159667,4267
1689018258902,-159667,4267
1689018258903,-159667,4267
1689018258904,-159667,4267
1689018258905,-159667,4267
1689018258906,-159667,4267
1689018258907,-159667,4267
1689018258908,-159667,4267
1689018258909,-159667,4267
1689018258910,-159667,4267
1689018258910,-159667,4267
1689018258911,-159667,4267
1689018258912,-159667,4267
1689018258913,-159667,4267
1689018258913,-159667,4267
1689018258914,-159667,4267
1689018258915,-159667,4267
1689018258915,-159667,4267
1689018258916,-159667,4267
1689018258916,-159667,4267
1689018258917,-159667,4267
1689018258918,-159667,4267
1689018258919,-159667,4267
1689018258920,-159667,4267
1689018258921,-159667,4267
1689018258922,-159667,4267
1689018258923,-159667,4267
1689018258924,-159667,4267
1689018258928,-159667,4267
1689018258930,-159667,4267
1689018258932,-159667,4267
1689018258934,-159667,4267
1689018258937,-159667,4267
1689018258939,-159667,4267
1689018258941,-159667,4267
1689018258942,-159667,4267
1689018258944,-159667,4267
1689018258945,-159667,4267
1689018258947,-159667,4267
1689018258949,-159667,4267
1689018258951,-159667,4267
1689018258953,-159667,4267
1689018258956,-159667,4267
1689018258958,-159667,4267
1689018258959,-159667,4267
1689018258961,-159667,4267
1689018258962,-159667,4267
1689018258964,-159667,4267
1689018258965,-159667,4267
1689018258967,-159667,4267
1689018258968,-159667,4267
1689018258969,-159667,4267
1689018258971,-159667,4267
1689018258974,-159667,4267
1689018258977,-159667,4267
1689018258980,-159667,4267
1689018258982,-159667,4267
1689018258984,-159667,4267
1689018258987,-159667,4267
1689018258989,-159667,4267
1689018258991,-159667,4267
1689018258993,-159667,4267
1689018258996,-159667,4267
1689018258998,-159667,4267
1689018259001,-159667,4267
1689018259004,-159667,4267
1689018259006,-159667,4267
1689018259017,-159667,4267
1689018259021,-159667,4267
1689018259024,-159667,4267
1689018259026,-159667,4267
1689018259030,-159667,4267
1689018259033,-159667,4267
1689018259035,-159667,4267
1689018259036,-159667,4267
1689018259038,-159667,4267
1689018259039,-159667,4267
1689018259041,-159667,4267
1689018259043,-159667,4267
1689018259045,-159667,4267
1689018259046,-159667,4267
1689018259048,-159667,4267
1689018259050,-159667,4267
1689018259060,-159667,4267
1689018259063,-159667,4267
1689018259065,-159667,4267
1689018259070,-159667,4267
1689018259073,-159667,4267
1689018259075,-159667,4267
1689018259077,-159667,4267
1689018259079,-159667,4267
1689018259081,-159667,4267
1689018259082,-159667,4267
1689018259127,-159667,4267
1689018259133,-159667,4267
1689018259136,-159667,4267
1689018259139,-159667,4267
1689018259144,-159667,4267
1689018259153,-159667,4267
1689018259155,-159667,4267
1689018259156,-159667,4267
1689018259160,-159667,4267
1689018259164,-159667,4267
1689018259173,-159667,4267
1689018259175,-159667,4267
1689018259186,-159667,4267
1689018259212,-159667,4267
1689018259220,-159667,4267
1689018259221,-159667,4267
1689018259223,-159667,4267
1689018259224,-159667,4267
1689018259226,-159667,4267
1689018259227,-159667,4267
1689018259230,-159667,4267
1689018259234,-159667,4267
1689018259236,-159667,4267
1689018259239,-159667,4267
1689018259242,-159667,4267
1689018259245,-159667,4267
1689018259248,-159667,4267
1689018259250,-159667,4267
1689018259251,-159667,4267
1689018259252,-159667,4267
1689018259253,-159667,4267
1689018259254,-159667,4267
1689018259255,-159667,4267
1689018259258,-159667,4267
1689018259260,-159667,4267
1689018259261,-159667,4267
1689018259262,-159667,4267
1689018259264,-159667,4267
1689018259267,-159667,4267
1689018259269,-159667,4267
1689018259270,-159667,4267
1689018259272,-159667,4267
1689018259273,-159667,4267
1689018259274,-159667,4267
1689018259275,-159667,4267
1689018259276,-159667,4267
1689018259277,-159667,4267
1689018259278,-159667,4267
1689018259279,-159667,4267
1689018259279,-159667,4267
1689018259280,-159667,4267
1689018259282,-159667,4267
1689018259284,-159667,4267
1689018259286,-159667,4267
1689018259288,-159667,4267
1689018259288,-159667,4267
1689018259289,-159667,4267
1689018259289,-159667,4267
1689018259290,-159667,4267
1689018259292,-159667,4267
1689018259293,-159667,4267
1689018259294,-159667,4267
1689018259296,-159667,4267
1689018259297,-159667,4267
1689018259300,-159667,4267
1689018259302,-159667,4267
1689018259305,-159667,4267
1689018259307,-159667,4267
1689018259308,-159667,4267
1689018259309,-159667,4267
1689018259311,-159667,4267
1689018259313,-159667,4267
1689018259315,-159667,4267
1689018259318,-159667,4267
1689018259322,-159667,4267
1689018259325,-159667,4267
1689018259328,-159667,4267
1689018259330,-159667,4267
1689018259332,-159667,4267
1689018259333,-159667,4267
1689018259337,-159667,4267
1689018259339,-159667,4267
1689018259341,-159667,4267
1689018259342,-159667,4267
1689018259344,-159667,4267
1689018259345,-159667,4267
1689018259346,-159667,4267
1689018259347,-159667,4267
1689018259348,-159667,4267
1689018259349,-159667,4267
1689018259352,-159667,4267
1689018259355,-159667,4267
1689018259358,-159667,4267
1689018259361,-159667,4267
1689018259363,-159667,4267
1689018259365,-159667,4267
1689018259366,-159667,4267
1689018259367,-159667,4267
1689018259370,-159667,4267
1689018259375,-159667,4267
1689018259378,-159667,4267
1689018259380,-159667,4267
1689018259381,-159667,4267
1689018259383,-159667,4267
1689018259385,-159667,4267
1689018259390,-159667,4267
1689018259395,-159667,4267
1689018259397,-159667,4267
1689018259399,-159667,4267
1689018259400,-159667,4267
1689018259402,-159667,4267
1689018259403,-159667,4267
1689018259407,-159667,4267
1689018259411,-159667,4267
1689018259414,-159667,4267
1689018259417,-159667,4267
1689018259418,-159667,4267
1689018259420,-159667,4267
1689018259425,-159667,4267
1689018259429,-159667,4267
1689018259432,-159667,4267
1689018259434,-159667,4267
1689018259435,-159667,4267
1689018259437,-159667,4267
1689018259441,-159667,4267
1689018259445,-159667,4267
1689018259448,-159667,4267
1689018259451,-159667,4267
1689018259452,-159667,4267
1689018259454,-159667,4267
1689018259456,-159667,4267
1689018259460,-159667,4267
1689018259464,-159667,4267
1689018259466,-159667,4267
1689018259468,-159667,4267
1689018259469,-159667,4267
1689018259472,-159667,4267
1689018259475,-159667,4267
1689018259478,-159667,4267
1689018259481,-159667,4267
1689018259483,-159667,4267
1689018259485,-159667,4267
1689018259487,-159667,4267
1689018259489,-159667,4267
1689018259491,-159667,4267
1689018259493,-159667,4267
1689018259495,-159667,4267
1689018259498,-159667,4267
1689018259500,-159667,4267
1689018259502,-159667,4267
1689018259504,-159667,4267
1689018259506,-159667,4267
1689018259508,-159667,4267
1689018259510,-159667,4267
1689018259512,-159667,4267
1689018259514,-159667,4267
1689018259516,-159667,4267
1689018259517,-159667,4267
1689018259519,-159667,4267
1689018259521,-237792,4267
1689018259523,-237792,4267
1689018259525,-237792,4267
1689018259527,-237792,4267
1689018259529,-237792,4267
1689018259532,-237792,4267
1689018259534,-237792,4267
1689018259536,-237792,4267
1689018259539,-237792,4267
1689018259543,-237792,4267
1689018259546,-237792,4267
1689018259548,-237792,4267
1689018259550,-237792,4267
1689018259552,-237792,4267
1689018259555,-237792,4267
1689018259557,-237792,4267
1689018259560,-237792,4267
1689018259563,-237792,4267
1689018259565,-237792,4267
1689018259568,-237792,4267
1689018259571,-237792,4267
1689018259573,-237792,4267
1689018259576,-237792,4267
1689018259578,-237792,4267
1689018259581,-237792,4267
1689018259583,-237792,4267
1689018259586,-237792,4267
1689018259588,-237792,4267
1689018259590,-237792,4267
1689018259593,-237792,4267
1689018259595,-237792,4267
1689018259597,-237792,4267
1689018259599,-237792,4267
1689018259601,-237792,4267
1689018259603,-237792,4267
1689018259605,-237792,4267
1689018259607,-237792,4267
1689018259610,-237792,4267
1689018259612,-237792,4267
1689018259616,-237792,4267
1689018259618,-237792,4267
1689018259622,-237792,4267
1689018259624,-237792,4267
1689018259627,-237792,4267
1689018259629,-237792,4267
1689018259632,-237792,4267
1689018259634,-237792,4267
1689018259637,-237792,4267
1689018259639,-237792,4267
1689018259642,-237792,4267
1689018259644,-237792,4267
1689018259646,-237792,4267
1689018259648,-237792,4267
1689018259650,-237792,4267
1689018259652,-237792,4267
1689018259655,-237792,4267
1689018259657,-237792,4267
1689018259659,-237792,4267
1689018259662,-237792,4267
1689018259664,-237792,4267
1689018259666,-237792,4267
1689018259667,-237792,4267
1689018259669,-237792,4267
1689018259673,-237792,4267
1689018259675,-237792,4267
1689018259677,-237792,4267
1689018259679,-237792,4267
1689018259682,-237792,4267
1689018259684,-237792,4267
1689018259686,-237792,4267
1689018259692,-237792,4267
1689018259700,-237792,4267
1689018259702,-237792,4267
1689018259704,-237792,4267
1689018259706,-237792,4267
1689018259708,-237792,4267
1689018259710,-237792,4267
1689018259712,-237792,4267
1689018259714,-237792,4267
1689018259716,-237792,4267
1689018259718,-237792,4267
1689018259720,-237792,4267
1689018259723,-237792,4267
1689018259726,-237792,4267
1689018259728,-237792,4267
1689018259730,-237792,4267
1689018259732,-237792,4267
1689018259734,-237792,4267
1689018259737,-237792,4267
1689018259739,-237792,4267
1689018259741,-237792,4267
1689018259743,-237792,4267
1689018259745,-237792,4267
1689018259747,-237792,4267
1689018259749,-237792,4267
1689018259753,-237792,4267
1689018259755,-237792,4267
1689018259758,-237792,4267
1689018259760,-237792,4267
1689018259763,-237792,4267
1689018259765,-237792,4267
1689018259767,-237792,4267
1689018259769,-237792,4267
1689018259771,-237792,4267
1689018259773,-237792,4267
1689018259776,-237792,4267
1689018259778,-237792,4267
1689018259781,-237792,4267
1689018259785,-237792,4267
1689018259789,-237792,4267
1689018259792,-237792,4267
1689018259795,-237792,4267
1689018259797,-237792,4267
1689018259800,-237792,4267
1689018259803,-237792,4267
1689018259806,-237792,4267
1689018259808,-237792,4267
1689018259813,-237792,4267
1689018259816,-237792,4267
1689018259819,-237792,4267
1689018259823,-237792,4267
1689018259826,-237792,4267
1689018259829,-237792,4267
1689018259831,-237792,4267
1689018259834,-237792,4267
1689018259837,-237792,4267
1689018259840,-237792,4267
1689018259844,-237792,4267
1689018259847,-237792,4267
1689018259849,-237792,4267
1689018259853,-237792,4267
1689018259857,-237792,4267
1689018259860,-237792,4267
1689018259863,-237792,4267
1689018259866,-237792,4267
1689018259869,-237792,4267
1689018259871,-237792,4267
1689018259874,-237792,4267
1689018259877,-237792,4267
1689018259879,-237792,4267
1689018259883,-237792,4267
1689018259885,-237792,4267
1689018259888,-237792,4267
1689018259891,-237792,4267
1689018259894,-237792,4267
1689018259898,-237792,4267
1689018259902,-237792,4267
1689018259905,-237792,4267
1689018259908,-237792,4267
1689018259911,-237792,4267
1689018259914,-237792,4267
1689018259917,-237792,4267
1689018259919,-237792,4267
1689018259923,-237792,4267
1689018259925,-237792,4267
1689018259928,-237792,4267
1689018259932,-237792,4267
1689018259937,-237792,4267
1689018259941,-237792,4267
1689018259944,-237792,4267
1689018259947,-237792,4267
1689018259950,-237792,4267
1689018259953,-237792,4267
1689018259956,-237792,4267
1689018259959,-237792,4267
1689018259962,-237792,4267
1689018259965,-237792,4267
1689018259968,-237792,4267
1689018259970,-237792,4267
1689018259974,-237792,4267
1689018259977,-237792,4267
1689018259980,-237792,4267
1689018259982,-237792,4267
1689018259985,-237792,4267
1689018259988,-237792,4267
1689018259990,-237792,4267
1689018259993,-237792,4267
1689018259995,-237792,4267
1689018259998,-237792,4267
1689018260001,-237792,4267
1689018260004,-237792,4267
1689018260007,-237792,4267
1689018260010,-237792,4267
1689018260014,-237792,4267
1689018260018,-237792,4267
1689018260022,-237792,4267
1689018260025,-237792,4267
1689018260028,-237792,4267
1689018260031,-237792,4267
1689018260034,-237792,4267
1689018260037,-237792,4267
1689018260040,-237792,4267
1689018260043,-237792,4267
1689018260046,-237792,4267
1689018260048,-237792,4267
1689018260051,-237792,4267
1689018260056,-237792,4267
1689018260059,-237792,4267
1689018260062,-237792,4267
1689018260065,-237792,4267
1689018260068,-237792,4267
1689018260071,-237792,4267
1689018260073,-237792,4267
1689018260076,-237792,4267
1689018260078,-237792,4267
1689018260081,-237792,4267
1689018260084,-237792,4267
1689018260087,-237792,4267
1689018260091,-237792,4267
1689018260094,-237792,4267
1689018260096,-237792,4267
1689018260100,-237792,4267
1689018260103,-237792,4267
1689018260106,-237792,4267
1689018260109,-237792,4267
1689018260112,-237792,4267
1689018260115,-237792,4267
1689018260117,-237792,4267
1689018260120,-237792,4267
1689018260123,-237792,4267
1689018260125,-237792,4267
1689018260128,-237792,4267
1689018260131,-237792,4267
1689018260136,-237792,4267
1689018260139,-237792,4267
1689018260148,-237792,4267
1689018260151,-237792,4267
1689018260154,-237792,4267
1689018260156,-237792,4267
1689018260158,-237792,4267
1689018260162,-237792,4267
1689018260164,-237792,4267
1689018260167,-237792,4267
1689018260169,-237792,4267
1689018260172,-237792,4267
1689018260174,-237792,4267
1689018260177,-237792,4267
1689018260179,-237792,4267
1689018260181,-237792,4267
1689018260183,-237792,4267
1689018260186,-237792,4267
1689018260190,-237792,4267
1689018260192,-237792,4267
1689018260194,-237792,4267
1689018260196,-237792,4267
1689018260198,-237792,4267
1689018260199,-237792,4267
1689018260202,-237792,4267
1689018260204,-237792,4267
1689018260205,-237792,4267
1689018260207,-237792,4267
1689018260208,-237792,4267
1689018260211,-237792,4267
1689018260213,-237792,4267
1689018260214,-237792,4267
1689018260216,-237792,4267
1689018260217,-237792,4267
1689018260218,-237792,4267
1689018260219,-237792,4267
1689018260221,-237792,4267
1689018260223,-237792,4267
1689018260224,-237792,4267
1689018260226,-237792,4267
1689018260227,-237792,4267
1689018260229,-237792,4267
1689018260231,-237792,4267
1689018260233,-237792,4267
1689018260234,-237792,4267
1689018260236,-237792,4267
1689018260237,-237792,4267
1689018260239,-237792,4267
1689018260241,-237792,4267
1689018260242,-237792,4267
1689018260244,-237792,4267
1689018260245,-237792,4267
1689018260247,-237792,4267
1689018260248,-237792,4267
1689018260250,-237792,4267
1689018260252,-237792,4267
1689018260254,-237792,4267
1689018260256,-237792,4267
1689018260257,-237792,4267
1689018260259,-237792,4267
1689018260260,-237792,4267
1689018260263,-237792,4267
1689018260265,-237792,4267
1689018260269,-237792,4267
1689018260273,-237792,4267
1689018260276,-237792,4267
1689018260278,-237792,4267
1689018260280,-237792,4267
1689018260282,-237792,4267
1689018260284,-237792,4267
1689018260286,-237792,4267
1689018260287,-237792,4267
1689018260289,-237792,4267
1689018260293,-237792,4267
1689018260296,-237792,4267
1689018260298,-237792,4267
1689018260300,-237792,4267
1689018260303,-237792,4267
1689018260305,-237792,4267
1689018260307,-237792,4267
1689018260309,-237792,4267
1689018260311,-237792,4267
1689018260314,-237792,4267
1689018260316,-237792,4267
1689018260318,-237792,4267
1689018260320,-237792,4267
1689018260322,-237792,4267
1689018260324,-237792,4267
1689018260326,-237792,4267
1689018260328,-237792,4267
1689018260331,-237792,4267
1689018260333,-237792,4267
1689018260335,-237792,4267
1689018260337,-237792,4267
1689018260339,-237792,4267
1689018260342,-237792,4267
1689018260344,-237792,4267
1689018260346,-237792,4267
1689018260348,-237792,4267
1689018260350,-237792,4267
1689018260353,-237792,4267
1689018260355,-237792,4267
1689018260357,-237792,4267
1689018260359,-237792,4267
1689018260361,-237792,4267
1689018260363,-237792,4267
1689018260365,-237792,4267
1689018260367,-237792,4267
1689018260369,-237792,4267
1689018260372,-237792,4267
1689018260374,-237792,4267
1689018260377,-237792,4267
1689018260379,-237792,4267
1689018260381,-237792,4267
1689018260384,-237792,4267
1689018260386,-237792,4267
1689018260388,-237792,4267
1689018260390,-237792,4267
1689018260392,-237792,4267
1689018260395,-237792,4267
1689018260398,-237792,4267
1689018260401,-237792,4267
1689018260404,-237792,4267
1689018260407,-237792,4267
1689018260409,-237792,4267
1689018260412,-237792,4267
1689018260415,-237792,4267
1689018260418,-237792,4267
1689018260421,-237792,4267
1689018260424,-237792,4267
1689018260426,-237792,4267
1689018260429,-237792,4267
1689018260431,-237792,4267
1689018260434,-237792,4267
1689018260437,-237792,4267
1689018260439,-237792,4267
1689018260442,-237792,4267
1689018260445,-237792,4267
1689018260448,-237792,4267
1689018260451,-237792,4267
1689018260455,-237792,4267
1689018260458,-237792,4267
1689018260461,-237792,4267
1689018260465,-237792,4267
1689018260468,-237792,4267
1689018260470,-237792,4267
1689018260474,-237792,4267
1689018260477,-237792,4267
1689018260480,-237792,4267
1689018260483,-237792,4267
1689018260486,-237792,4267
1689018260489,-237792,4267
1689018260492,-237792,4267
1689018260496,-237792,4267
1689018260498,-237792,4267
1689018260501,-237792,4267
1689018260505,-237792,4267
1689018260508,-237792,4267
1689018260510,-237792,4267
1689018260513,-237792,4267
1689018260515,-237792,4267
1689018260516,-237792,4267
1689018260518,-237792,4267
1689018260520,-237792,4267
1689018260522,-237792,4267
1689018260524,-237792,4267
1689018260526,-237792,4267
1689018260528,-237792,4267
1689018260532,-237792,4267
1689018260534,-237792,4267
1689018260536,-237792,4267
1689018260537,-237792,4267
1689018260538,-237792,4267
1689018260540,-237792,4267
1689018260541,-237792,4267
1689018260543,-237792,4267
1689018260544,-237792,4267
1689018260546,-237792,4267
1689018260547,-237792,4267
1689018260548,-237792,4267
1689018260550,-237792,4267
1689018260552,-237792,4267
1689018260553,-237792,4267
1689018260555,-237792,4267
1689018260556,-237792,4267
1689018260558,-237792,4267
1689018260559,-237792,4267
1689018260561,-237792,4267
1689018260563,-237792,4267
1689018260564,-237792,4267
1689018260565,-237792,4267
1689018260567,-237792,4267
1689018260568,-237792,4267
1689018260569,-237792,4267
1689018260573,-237792,4267
1689018260576,-237792,4267
1689018260579,-237792,4267
1689018260582,-237792,4267
1689018260585,-237792,4267
1689018260588,-237792,4267
1689018260593,-237792,4267
1689018260595,-237792,4267
1689018260598,-237792,4267
1689018260601,-237792,4267
1689018260604,-237792,4267
1689018260607,-237792,4267
1689018260610,-237792,4267
1689018260613,-237792,4267
1689018260617,-237792,4267
1689018260622,-237792,4267
1689018260625,-237792,4267
1689018260628,-237792,4267
1689018260631,-237792,4267
1689018260634,-237792,4267
1689018260637,-237792,4267
1689018260639,-237792,4267
1689018260642,-237792,4267
1689018260645,-237792,4267
1689018260647,-237792,4267
1689018260650,-237792,4267
1689018260654,-237792,4267
1689018260657,-237792,4267
1689018260660,-237792,4267
1689018260663,-237792,4267
1689018260665,-237792,4267
1689018260668,-237792,4267
1689018260671,-237792,4267
1689018260674,-237792,4267
1689018260676,-237792,4267
1689018260679,-237792,4267
1689018260681,-237792,4267
1689018260684,-237792,4267
1689018260687,-237792,4267
1689018260689,-237792,4267
1689018260693,-237792,4267
1689018260696,-237792,4267
1689018260699,-237792,4267
1689018260702,-237792,4267
1689018260705,-237792,4267
1689018260708,-237792,4267
1689018260711,-237792,4267
1689018260713,-237792,4267
1689018260716,-237792,4267
1689018260719,-237792,4267
1689018260722,-237792,4267
1689018260725,-237792,4267
1689018260727,-237792,4267
1689018260730,-237792,4267
1689018260734,-237792,4267
1689018260736,-237792,4267
1689018260739,-237792,4267
1689018260741,-237792,4267
1689018260744,-237792,4267
1689018260746,-237792,4267
1689018260750,-237792,4267
1689018260753,-237792,4267
1689018260756,-237792,4267
1689018260759,-237792,4267
1689018260761,-237792,4267
1689018260764,-237792,4267
1689018260767,-237792,4267
1689018260770,-237792,4267
1689018260773,-237792,4267
1689018260777,-237792,4267
1689018260780,-237792,4267
1689018260792,-237792,4267
1689018260796,-237792,4267
1689018260798,-237792,4267
1689018260801,-237792,4267
1689018260804,-237792,4267
1689018260808,-237792,4267
1689018260812,-237792,4267
1689018260820,-237792,4267
1689018260828,-237792,4267
1689018260834,-237792,4267
1689018260838,-237792,4267
1689018260840,-237792,4267
1689018260842,-237792,4267
1689018260843,-237792,4267
1689018260845,-237792,4267
1689018260849,-237792,4267
1689018260853,-237792,4267
1689018260857,-237792,4267
1689018260859,-237792,4267
1689018260861,-237792,4267
1689018260863,-237792,4267
1689018260865,-237792,4267
1689018260866,-237792,4267
1689018260875,-237792,4267
1689018260879,-237792,4267
1689018260882,-237792,4267
1689018260884,-237792,4267
1689018260886,-237792,4267
1689018260889,-237792,4267
1689018260892,-237792,4267
1689018260894,-237792,4267
1689018260897,-237792,4267
1689018260900,-237792,4267
1689018260904,-237792,4267
1689018260907,-237792,4267
1689018260911,-237792,4267
1689018260913,-237792,4267
1689018260916,-237792,4267
1689018260919,-237792,4267
1689018260922,-237792,4267
1689018260925,-237792,4267
1689018260927,-237792,4267
1689018260931,-237792,4267
1689018260935,-237792,4267
1689018260937,-237792,4267
1689018260940,-237792,4267
1689018260943,-237792,4267
1689018260946,-237792,4267
1689018260949,-237792,4267
1689018260953,-237792,4267
1689018260956,-237792,4267
1689018260958,-237792,4267
1689018260961,-237792,4267
1689018260965,-237792,4267
1689018260967,-237792,4267
1689018260971,-237792,4267
1689018260974,-237792,4267
1689018260977,-237792,4267
1689018260981,-237792,4267
1689018260984,-237792,4267
1689018260987,-237792,4267
1689018260990,-182128,4267
1689018260993,-182128,4267
1689018260995,-182128,4267
1689018260998,-182128,4267
1689018261001,-182128,4267
1689018261004,-182128,4267
1689018261006,-182128,4267
1689018261009,-182128,4267
1689018261013,-182128,4267
1689018261017,-182128,4267
1689018261019,-182128,4267
1689018261023,-182128,4267
1689018261026,-182128,4267
1689018261028,-182128,4267
1689018261031,-182128,4267
1689018261034,-182128,4267
1689018261036,-182128,4267
1689018261039,-182128,4267
1689018261043,-182128,4267
1689018261046,-182128,4267
1689018261049,-182128,4267
1689018261053,-182128,4267
1689018261056,-182128,4267
1689018261059,-182128,4267
1689018261063,-182128,4267
1689018261066,-182128,4267
1689018261069,-182128,4267
1689018261072,-182128,4267
1689018261075,-182128,4267
1689018261077,-182128,4267
1689018261079,-182128,4267
1689018261082,-182128,4267
1689018261085,-182128,4267
1689018261088,-182128,4267
1689018261092,-182128,4267
1689018261096,-182128,4267
1689018261099,-182128,4267
1689018261105,-182128,4267
1689018261110,-182128,4267
1689018261114,-182128,4267
1689018261117,-182128,4267
1689018261119,-182128,4267
1689018261122,-182128,4267
1689018261125,-182128,4267
1689018261128,-182128,4267
1689018261133,-182128,4267
1689018261136,-182128,4267
1689018261139,-182128,4267
1689018261141,-182128,4267
1689018261144,-182128,4267
1689018261147,-182128,4267
1689018261150,-182128,4267
1689018261153,-182128,4267
1689018261156,-182128,4267
1689018261159,-182128,4267
1689018261163,-182128,4267
1689018261166,-182128,4267
1689018261171,-182128,4267
1689018261175,-182128,4267
1689018261177,-182128,4267
1689018261180,-182128,4267
1689018261183,-182128,4267
1689018261186,-182128,4267
1689018261189,-182128,4267
1689018261193,-182128,4267
1689018261196,-182128,4267
1689018261198,-182128,4267
1689018261201,-182128,4267
1689018261204,-182128,4267
1689018261207,-182128,4267
1689018261210,-182128,4267
1689018261214,-182128,4267
1689018261217,-182128,4267
1689018261219,-182128,4267
1689018261224,-182128,4267
1689018261227,-182128,4267
1689018261229,-182128,4267
1689018261232,-182128,4267
1689018261235,-182128,4267
1689018261237,-182128,4267
1689018261241,-182128,4267
1689018261244,-182128,4267
1689018261248,-182128,4267
1689018261252,-182128,4267
1689018261255,-182128,4267
1689018261257,-182128,4267
1689018261261,-182128,4267
1689018261264,-182128,4267
1689018261267,-182128,4267
1689018261270,-182128,4267
1689018261273,-182128,4267
1689018261275,-182128,4267
1689018261277,-182128,4267
1689018261279,-182128,4267
1689018261282,-182128,4267
1689018261284,-182128,4267
1689018261287,-182128,4267
1689018261290,-182128,4267
1689018261292,-182128,4267
1689018261294,-182128,4267
1689018261297,-182128,4267
1689018261299,-182128,4267
1689018261301,-182128,4267
1689018261303,-182128,4267
1689018261305,-182128,4267
1689018261307,-182128,4267
1689018261309,-182128,4267
1689018261311,-182128,4267
1689018261314,-182128,4267
1689018261316,-182128,4267
1689018261318,-182128,4267
1689018261320,-182128,4267
1689018261322,-182128,4267
1689018261324,-182128,4267
1689018261328,-182128,4267
1689018261330,-182128,4267
1689018261332,-182128,4267
1689018261335,-182128,4267
1689018261337,-182128,4267
1689018261339,-182128,4267
1689018261342,-182128,4267
1689018261345,-182128,4267
1689018261347,-182128,4267
1689018261349,-182128,4267
1689018261351,-182128,4267
1689018261354,-182128,4267
1689018261356,-182128,4267
1689018261358,-182128,4267
1689018261360,-182128,4267
1689018261363,-182128,4267
1689018261365,-182128,4267
1689018261367,-182128,4267
1689018261369,-182128,4267
1689018261372,-182128,4267
1689018261374,-182128,4267
1689018261376,-182128,4267
1689018261378,-182128,4267
1689018261380,-182128,4267
1689018261382,-182128,4267
1689018261384,-182128,4267
1689018261386,-182128,4267
1689018261388,-182128,4267
1689018261389,-182128,4267
1689018261392,-182128,4267
1689018261394,-182128,4267
1689018261396,-182128,4267
1689018261398,-182128,4267
1689018261402,-182128,4267
1689018261404,-182128,4267
1689018261406,-182128,4267
1689018261409,-182128,4267
1689018261411,-182128,4267
1689018261414,-182128,4267
1689018261416,-182128,4267
1689018261418,-182128,4267
1689018261420,-182128,4267
1689018261422,-182128,4267
1689018261424,-182128,4267
1689018261426,-182128,4267
1689018261428,-182128,4267
1689018261430,-182128,4267
1689018261432,-182128,4267
1689018261434,-182128,4267
1689018261436,-182128,4267
1689018261438,-182128,4267
1689018261441,-182128,4267
1689018261443,-182128,4267
1689018261445,-182128,4267
1689018261447,-182128,4267
1689018261449,-182128,4267
1689018261452,-182128,4267
1689018261454,-182128,4267
1689018261456,-182128,4267
1689018261458,-182128,4267
1689018261461,-182128,4267
1689018261464,-182128,4267
1689018261466,-182128,4267
1689018261468,-182128,4267
1689018261471,-182128,4267
1689018261473,-182128,4267
1689018261475,-182128,4267
1689018261477,-182128,4267
1689018261479,-182128,4267
1689018261481,-182128,4267
1689018261484,-182128,4267
1689018261486,-182128,4267
1689018261488,-182128,4267
1689018261491,-182128,4267
1689018261493,-182128,4267
1689018261496,-182128,4267
1689018261498,-182128,4267
1689018261500,-182128,4267
1689018261503,-182128,4267
1689018261506,-182128,4267
1689018261508,-182128,4267
1689018261511,-182128,4267
1689018261513,-182128,4267
1689018261515,-182128,4267
1689018261517,-182128,4267
1689018261521,-182128,4267
1689018261524,-182128,4267
1689018261528,-182128,4267
1689018261531,-182128,4267
1689018261534,-182128,4267
1689018261537,-182128,4267
1689018261540,-182128,4267
1689018261553,-182128,4267
1689018261557,-182128,4267
1689018261559,-182128,4267
1689018261562,-182128,4267
1689018261565,-182128,4267
1689018261568,-182128,4267
1689018261571,-182128,4267
1689018261573,-182128,4267
1689018261576,-182128,4267
1689018261579,-182128,4267
1689018261582,-182128,4267
1689018261585,-182128,4267
1689018261588,-182128,4267
1689018261592,-182128,4267
1689018261595,-182128,4267
1689018261598,-182128,4267
1689018261601,-182128,4267
1689018261604,-182128,4267
1689018261608,-182128,4267
1689018261612,-182128,4267
1689018261615,-182128,4267
1689018261618,-182128,4267
1689018261621,-182128,4267
1689018261624,-182128,4267
1689018261626,-182128,4267
1689018261629,-182128,4267
1689018261632,-182128,4267
1689018261635,-182128,4267
1689018261638,-182128,4267
1689018261642,-182128,4267
1689018261646,-182128,4267
1689018261648,-182128,4267
1689018261652,-182128,4267
1689018261655,-182128,4267
1689018261658,-182128,4267
1689018261661,-182128,4267
1689018261664,-182128,4267
1689018261667,-182128,4267
1689018261669,-182128,4267
1689018261674,-182128,4267
1689018261677,-182128,4267
1689018261680,-182128,4267
1689018261683,-182128,4267
1689018261687,-182128,4267
1689018261691,-182128,4267
1689018261695,-182128,4267
1689018261697,-182128,4267
1689018261700,-182128,4267
1689018261703,-182128,4267
1689018261705,-182128,4267
1689018261708,-182128,4267
1689018261711,-182128,4267
1689018261714,-182128,4267
1689018261717,-182128,4267
1689018261720,-182128,4267
1689018261723,-182128,4267
1689018261726,-182128,4267
1689018261729,-182128,4267
1689018261732,-182128,4267
1689018261736,-182128,4267
1689018261738,-182128,4267
1689018261741,-182128,4267
1689018261744,-182128,4267
1689018261746,-182128,4267
1689018261749,-182128,4267
1689018261752,-182128,4267
1689018261755,-182128,4267
1689018261758,-182128,4267
1689018261762,-182128,4267
1689018261766,-182128,4267
1689018261771,-182128,4267
1689018261774,-182128,4267
1689018261776,-182128,4267
1689018261779,-182128,4267
1689018261781,-182128,4267
1689018261785,-182128,4267
1689018261787,-182128,4267
1689018261790,-182128,4267
1689018261793,-182128,4267
1689018261796,-182128,4267
1689018261799,-182128,4267
1689018261802,-182128,4267
1689018261807,-182128,4267
1689018261810,-182128,4267
1689018261813,-182128,4267
1689018261815,-182128,4267
1689018261818,-182128,4267
1689018261820,-182128,4267
1689018261823,-182128,4267
1689018261826,-182128,4267
1689018261829,-182128,4267
1689018261832,-182128,4267
1689018261835,-182128,4267
1689018261837,-182128,4267
1689018261840,-182128,4267
1689018261843,-182128,4267
1689018261846,-182128,4267
1689018261849,-182128,4267
1689018261853,-182128,4267
1689018261856,-182128,4267
1689018261858,-182128,4267
1689018261862,-182128,4267
1689018261865,-182128,4267
1689018261867,-182128,4267
1689018261869,-182128,4267
1689018261872,-182128,4267
1689018261875,-182128,4267
1689018261878,-182128,4267
1689018261881,-182128,4267
1689018261884,-182128,4267
1689018261887,-182128,4267
1689018261890,-182128,4267
1689018261893,-182128,4267
1689018261896,-182128,4267
1689018261898,-182128,4267
1689018261901,-182128,4267
1689018261904,-182128,4267
1689018261906,-182128,4267
1689018261909,-182128,4267
1689018261912,-182128,4267
1689018261915,-182128,4267
1689018261918,-182128,4267
1689018261920,-182128,4267
1689018261923,-182128,4267
1689018261927,-182128,4267
1689018261930,-182128,4267
1689018261932,-182128,4267
1689018261935,-182128,4267
1689018261938,-182128,4267
1689018261941,-182128,4267
1689018261944,-182128,4267
1689018261946,-182128,4267
1689018261949,-182128,4267
1689018261952,-182128,4267
1689018261955,-182128,4267
1689018261957,-182128,4267
1689018261961,-182128,4267
1689018261963,-182128,4267
1689018261966,-182128,4267
1689018261969,-182128,4267
1689018261972,-182128,4267
1689018261975,-182128,4267
1689018261978,-182128,4267
1689018261981,-182128,4267
1689018261984,-182128,4267
1689018261987,-182128,4267
1689018261990,-182128,4267
1689018261993,-182128,4267
1689018261995,-182128,4267
1689018261998,-182128,4267
1689018262001,-182128,4267
1689018262005,-182128,4267
1689018262008,-182128,4267
1689018262012,-182128,4267
1689018262015,-182128,4267
1689018262018,-182128,4267
1689018262021,-182128,4267
1689018262025,-182128,4267
1689018262027,-182128,4267
1689018262029,-182128,4267
1689018262032,-182128,4267
1689018262034,-182128,4267
1689018262036,-182128,4267
1689018262038,-182128,4267
1689018262041,-182128,4267
1689018262043,-182128,4267
1689018262046,-182128,4267
1689018262048,-182128,4267
1689018262050,-182128,4267
1689018262052,-182128,4267
1689018262055,-182128,4267
1689018262057,-182128,4267
1689018262061,-182128,4267
1689018262064,-182128,4267
1689018262067,-182128,4267
1689018262069,-182128,4267
1689018262072,-182128,4267
1689018262075,-182128,4267
1689018262077,-182128,4267
1689018262080,-182128,4267
1689018262083,-182128,4267
1689018262086,-182128,4267
1689018262089,-182128,4267
1689018262094,-182128,4267
1689018262096,-182128,4267
1689018262099,-182128,4267
1689018262102,-182128,4267
1689018262105,-182128,4267
1689018262108,-182128,4267
1689018262110,-182128,4267
1689018262113,-182128,4267
1689018262116,-182128,4267
1689018262118,-182128,4267
1689018262122,-182128,4267
1689018262126,-182128,4267
1689018262130,-182128,4267
1689018262133,-182128,4267
1689018262136,-182128,4267
1689018262139,-182128,4267
1689018262143,-182128,4267
1689018262150,-182128,4267
1689018262156,-182128,4267
1689018262160,-182128,4267
1689018262165,-182128,4267
1689018262168,-182128,4267
1689018262173,-182128,4267
1689018262176,-182128,4267
1689018262181,-182128,4267
1689018262184,-182128,4267
1689018262189,-182128,4267
1689018262193,-182128,4267
1689018262194,-182128,4267
1689018262196,-182128,4267
1689018262198,-182128,4267
1689018262201,-182128,4267
1689018262204,-182128,4267
1689018262208,-182128,4267
1689018262219,-182128,4267
1689018262224,-182128,4267
1689018262227,-182128,4267
1689018262231,-182128,4267
1689018262232,-182128,4267
1689018262233,-182128,4267
1689018262234,-182128,4267
1689018262235,-182128,4267
1689018262236,-182128,4267
1689018262236,-182128,4267
1689018262237,-182128,4267
1689018262238,-182128,4267
1689018262240,-182128,4267
1689018262241,-182128,4267
1689018262242,-182128,4267
1689018262244,-182128,4267
1689018262245,-182128,4267
1689018262246,-182128,4267
1689018262247,-182128,4267
1689018262249,-182128,4267
1689018262250,-182128,4267
1689018262251,-182128,4267
1689018262253,-182128,4267
1689018262254,-182128,4267
1689018262255,-182128,4267
1689018262256,-182128,4267
1689018262257,-182128,4267
1689018262258,-182128,4267
1689018262259,-182128,4267
1689018262260,-182128,4267
1689018262261,-182128,4267
1689018262262,-182128,4267
1689018262263,-182128,4267
1689018262264,-182128,4267
1689018262265,-182128,4267
1689018262266,-182128,4267
1689018262267,-182128,4267
1689018262268,-182128,4267
1689018262269,-182128,4267
1689018262269,-182128,4267
1689018262271,-182128,4267
1689018262273,-182128,4267
1689018262275,-182128,4267
1689018262280,-182128,4267
1689018262283,-182128,4267
1689018262288,-182128,4267
1689018262291,-182128,4267
1689018262294,-182128,4267
1689018262297,-182128,4267
1689018262300,-182128,4267
1689018262302,-182128,4267
1689018262305,-182128,4267
1689018262307,-182128,4267
1689018262310,-182128,4267
1689018262313,-182128,4267
1689018262314,-182128,4267
1689018262316,-182128,4267
1689018262317,-182128,4267
1689018262318,-182128,4267
1689018262320,-182128,4267
1689018262321,-182128,4267
1689018262322,-182128,4267
1689018262323,-182128,4267
1689018262324,-182128,4267
1689018262325,-182128,4267
1689018262326,-182128,4267
1689018262327,-182128,4267
1689018262328,-182128,4267
1689018262329,-182128,4267
1689018262330,-182128,4267
1689018262331,-182128,4267
1689018262332,-182128,4267
1689018262333,-182128,4267
1689018262334,-182128,4267
1689018262335,-182128,4267
1689018262336,-182128,4267
1689018262338,-182128,4267
1689018262339,-182128,4267
1689018262340,-182128,4267
1689018262342,-182128,4267
1689018262343,-182128,4267
1689018262345,-182128,4267
1689018262346,-182128,4267
1689018262348,-182128,4267
1689018262350,-182128,4267
1689018262351,-182128,4267
1689018262352,-182128,4267
1689018262353,-182128,4267
1689018262354,-182128,4267
1689018262355,-182128,4267
1689018262356,-182128,4267
1689018262356,-182128,4267
1689018262357,-182128,4267
1689018262358,-182128,4267
1689018262358,-182128,4267
1689018262359,-182128,4267
1689018262360,-182128,4267
1689018262361,-182128,4267
1689018262362,-182128,4267
1689018262363,-182128,4267
1689018262364,-182128,4267
1689018262364,-182128,4267
1689018262365,-182128,4267
1689018262365,-182128,4267
1689018262366,-182128,4267
1689018262368,-182128,4267
1689018262371,-182128,4267
1689018262372,-182128,4267
1689018262375,-182128,4267
1689018262377,-182128,4267
1689018262379,-182128,4267
1689018262381,-182128,4267
1689018262382,-182128,4267
1689018262384,-182128,4267
1689018262388,-182128,4267
1689018262389,-182128,4267
1689018262390,-182128,4267
1689018262392,-182128,4267
1689018262393,-182128,4267
1689018262394,-182128,4267
1689018262396,-182128,4267
1689018262396,-182128,4267
1689018262397,-182128,4267
1689018262398,-182128,4267
1689018262400,-182128,4267
1689018262402,-182128,4267
1689018262404,-182128,4267
1689018262405,-182128,4267
1689018262406,-182128,4267
1689018262408,-182128,4267
1689018262409,-182128,4267
1689018262410,-182128,4267
