Timestamp,BATTERY_PROPERTY_CURRENT_NOW,EXTRA_VOLTAGE
1688572612415,-132,4021
1688572612434,-132,4021
1688572612451,-132,4021
1688572612469,-132,4021
1688572612485,-132,4021
1688572612500,-132,4021
1688572612516,-132,4021
1688572612532,-132,4021
1688572612548,-132,4021
1688572612563,-132,4021
1688572612579,-132,4021
1688572612595,-132,4021
1688572612611,-132,4021
1688572612633,-132,4021
1688572612655,-132,4021
1688572612678,-132,4021
1688572612707,-132,4021
1688572612730,-132,4021
1688572612751,-132,4021
1688572612775,-132,4021
1688572612799,-132,4021
1688572612823,-132,4021
1688572612846,-132,4021
1688572612869,-132,4021
1688572612892,-132,4021
1688572612915,-132,4021
1688572612938,-132,4021
1688572612961,-132,4021
1688572612983,-132,4021
1688572613006,-132,4021
1688572613028,-132,4021
1688572613051,-132,4021
1688572613073,-132,4021
1688572613097,-132,4021
1688572613120,-132,4021
1688572613143,-132,4021
1688572613166,-132,4021
1688572613190,-132,4021
1688572613213,-132,4021
1688572613236,-132,4021
1688572613259,-132,4021
1688572613281,-132,4021
1688572613304,-132,4021
1688572613327,-132,4021
1688572613344,-132,4021
1688572613361,-132,4021
1688572613377,-132,4021
1688572613393,-132,4021
1688572613410,-132,4021
1688572613433,-132,4021
1688572613456,-132,4021
1688572613478,-132,4021
1688572613501,-132,4021
1688572613523,-132,4021
1688572613539,-132,4021
1688572613555,-132,4021
1688572613571,-132,4021
1688572613587,-132,4021
1688572613610,-132,4021
1688572613632,-132,4021
1688572613655,-132,4021
1688572613678,-132,4021
1688572613700,-132,4021
1688572613723,-132,4021
1688572613745,-132,4021
1688572613768,-132,4021
1688572613790,-132,4021
1688572613813,-132,4021
1688572613835,-132,4021
1688572613858,-132,4021
1688572613878,-132,4021
1688572613900,-132,4021
1688572613923,-132,4021
1688572613945,-132,4021
1688572613967,-132,4021
1688572613990,-132,4021
1688572614012,-132,4021
1688572614036,-132,4021
1688572614057,-132,4021
1688572614076,-132,4021
1688572614095,-132,4021
1688572614111,-132,4021
1688572614128,-132,4021
1688572614144,-132,4021
1688572614161,-132,4021
1688572614178,-132,4021
1688572614194,-132,4021
1688572614210,-132,4021
1688572614226,-132,4021
1688572614242,-132,4021
1688572614258,-132,4021
1688572614274,-132,4021
1688572614291,-132,4021
1688572614313,-132,4021
1688572614336,-132,4021
1688572614357,-132,4021
1688572614380,-132,4021
1688572614402,-132,4021
1688572614424,-132,4021
1688572614447,-132,4021
1688572614465,-132,4021
1688572614482,-132,4021
1688572614498,-132,4021
1688572614513,-132,4021
1688572614529,-132,4021
1688572614546,-132,4021
1688572614565,-132,4021
1688572614584,-132,4021
1688572614605,-132,4021
1688572614627,-132,4021
1688572614650,-132,4021
1688572614670,-132,4021
1688572614686,-132,4021
1688572614702,-132,4021
1688572614718,-132,4021
1688572614736,-132,4021
1688572614753,-132,4021
1688572614769,-132,4021
1688572614785,-132,4021
1688572614799,-132,4021
1688572614814,-132,4021
1688572614829,-132,4021
1688572614844,-132,4021
1688572614863,-132,4021
1688572614882,-132,4021
1688572614904,-132,4021
1688572614926,-132,4021
1688572614948,-132,4021
1688572614970,-132,4021
1688572614992,-132,4021
1688572615014,-132,4021
1688572615035,-132,4021
1688572615057,-132,4021
1688572615079,-132,4021
1688572615102,-132,4021
1688572615122,-132,4021
1688572615144,-132,4021
1688572615166,-132,4021
1688572615187,-132,4021
1688572615207,-132,4021
1688572615229,-132,4021
1688572615251,-132,4021
1688572615273,-132,4021
1688572615295,-132,4021
1688572615316,-132,4021
1688572615338,-132,4021
1688572615359,-132,4021
1688572615381,-132,4021
1688572615403,-132,4021
1688572615425,-132,4021
1688572615446,-132,4021
1688572615468,-132,4021
1688572615490,-132,4021
1688572615512,-132,4021
1688572615533,-132,4021
1688572615549,-132,4021
1688572615565,-132,4021
1688572615584,-132,4021
1688572615603,-132,4021
1688572615623,-132,4021
1688572615644,-132,4021
1688572615665,-132,4021
1688572615686,-132,4021
1688572615707,-132,4021
1688572615729,-132,4021
1688572615750,-132,4021
1688572615771,-132,4021
1688572615793,-132,4021
1688572615814,-132,4021
1688572615835,-132,4021
1688572615856,-132,4021
1688572615877,-132,4021
1688572615898,-132,4021
1688572615920,-132,4021
1688572615941,-132,4021
1688572615962,-132,4021
1688572615983,-132,4021
1688572616005,-132,4021
1688572616026,-132,4021
1688572616046,-132,4021
1688572616067,-132,4021
1688572616089,-132,4021
1688572616111,-132,4021
1688572616132,-132,4021
1688572616153,-132,4021
1688572616174,-132,4021
1688572616196,-132,4021
1688572616217,-132,4021
1688572616238,-132,4021
1688572616259,-132,4021
1688572616281,-132,4021
1688572616302,-132,4021
1688572616324,-132,4021
1688572616345,-132,4021
1688572616366,-132,4021
1688572616387,-132,4021
1688572616409,-132,4021
1688572616430,-132,4021
1688572616451,-132,4021
1688572616472,-132,4021
1688572616494,-132,4021
1688572616514,-132,4021
1688572616535,-132,4021
1688572616556,-132,4021
1688572616578,-132,4021
1688572616598,-132,4021
1688572616619,-132,4021
1688572616641,-132,4021
1688572616662,-132,4021
1688572616683,-132,4021
1688572616703,-132,4021
1688572616723,-132,4021
1688572616743,-132,4021
1688572616765,-132,4021
1688572616785,-132,4021
1688572616806,-132,4021
1688572616827,-132,4021
1688572616848,-132,4021
1688572616870,-132,4021
1688572616889,-132,4021
1688572616908,-132,4021
1688572616928,-132,4021
1688572616949,-132,4021
1688572616970,-132,4021
1688572616991,-132,4021
1688572617012,-132,4021
1688572617033,-132,4021
1688572617054,-132,4021
1688572617074,-132,4021
1688572617095,-132,4021
1688572617116,-132,4021
1688572617136,-132,4021
1688572617157,-132,4021
1688572617178,-132,4021
1688572617196,-132,4021
1688572617212,-132,4021
1688572617227,-132,4021
1688572617243,-132,4021
1688572617263,-132,4021
1688572617283,-132,4021
1688572617305,-132,4021
1688572617325,-132,4021
1688572617345,-132,4021
1688572617366,-132,4021
1688572617387,-132,4021
1688572617409,-132,4021
1688572617429,-132,4021
1688572617450,-132,4021
1688572617470,-132,4021
1688572617491,-132,4021
1688572617511,-132,4021
1688572617531,-132,4021
1688572617552,-132,4021
1688572617573,-132,4021
1688572617594,-132,4021
1688572617614,-132,4021
1688572617634,-132,4021
1688572617655,-132,4021
1688572617675,-132,4021
1688572617696,-132,4021
1688572617717,-132,4021
1688572617737,-132,4021
1688572617757,-132,4021
1688572617778,-132,4021
1688572617798,-132,4021
1688572617819,-132,4021
1688572617840,-132,4021
1688572617861,-132,4021
1688572617881,-132,4021
1688572617902,-132,4021
1688572617922,-132,4021
1688572617943,-132,4021
1688572617962,-132,4021
1688572617981,-132,4021
1688572618002,-132,4021
1688572618022,-132,4021
1688572618043,-132,4021
1688572618063,-132,4021
1688572618084,-132,4021
1688572618105,-132,4021
1688572618125,-132,4021
1688572618144,-132,4021
1688572618164,-132,4021
1688572618185,-132,4021
1688572618205,-132,4021
1688572618226,-132,4021
1688572618245,-132,4021
1688572618264,-132,4021
1688572618285,-132,4021
1688572618306,-132,4021
1688572618330,-132,4021
1688572618350,-132,4021
1688572618365,-132,4021
1688572618380,-132,4021
1688572618398,-132,4021
1688572618419,-132,4021
1688572618439,-132,4021
1688572618460,-132,4021
1688572618480,-132,4021
1688572618501,-132,4021
1688572618521,-132,4021
1688572618541,-132,4021
1688572618562,-132,4021
1688572618582,-132,4021
1688572618600,-132,4021
1688572618620,-132,4021
1688572618639,-132,4021
1688572618654,-132,4021
1688572618670,-132,4021
1688572618685,-132,4021
1688572618703,-132,4021
1688572618724,-132,4021
1688572618744,-132,4021
1688572618764,-132,4021
1688572618785,-132,4021
1688572618805,-132,4021
1688572618825,-132,4021
1688572618844,-132,4021
1688572618859,-132,4021
1688572618874,-132,4021
1688572618889,-132,4021
1688572618908,-132,4021
1688572618929,-132,4021
1688572618949,-132,4021
1688572618969,-132,4021
1688572618989,-132,4021
1688572619009,-132,4021
1688572619029,-132,4021
1688572619049,-132,4021
1688572619069,-132,4021
1688572619089,-132,4021
1688572619109,-132,4021
1688572619129,-132,4021
1688572619149,-132,4021
1688572619169,-132,4021
1688572619189,-132,4021
1688572619210,-132,4021
1688572619229,-132,4021
1688572619250,-132,4021
1688572619270,-132,4021
1688572619289,-132,4021
1688572619309,-132,4021
1688572619329,-132,4021
1688572619349,-132,4021
1688572619369,-132,4021
1688572619389,-132,4021
1688572619409,-132,4021
1688572619430,-132,4021
1688572619449,-132,4021
1688572619469,-132,4021
1688572619489,-132,4021
1688572619509,-132,4021
1688572619529,-132,4021
1688572619549,-132,4021
1688572619569,-132,4021
1688572619589,-132,4021
1688572619609,-132,4021
1688572619629,-132,4021
1688572619649,-132,4021
1688572619669,-132,4021
1688572619689,-132,4021
1688572619709,-132,4021
1688572619729,-132,4021
1688572619749,-132,4021
1688572619769,-132,4021
1688572619789,-132,4021
1688572619809,-132,4021
1688572619829,-132,4021
1688572619849,-132,4021
1688572619869,-132,4021
1688572619888,-132,4021
1688572619908,-132,4021
1688572619928,-132,4021
1688572619948,-132,4021
1688572619968,-132,4021
1688572619988,-132,4021
1688572620009,-132,4021
1688572620031,-132,4021
1688572620050,-132,4021
1688572620065,-132,4021
1688572620080,-132,4021
1688572620095,-132,4021
1688572620110,-132,4021
1688572620125,-132,4021
1688572620141,-132,4021
1688572620159,-132,4021
1688572620178,-132,4021
1688572620198,-132,4021
1688572620218,-132,4021
1688572620237,-132,4021
1688572620257,-132,4021
1688572620277,-132,4021
1688572620297,-132,4021
1688572620317,-132,4021
1688572620337,-132,4021
1688572620357,-132,4021
1688572620377,-132,4021
1688572620397,-132,4021
1688572620417,-132,4021
1688572620437,-132,4021
1688572620457,-132,4021
1688572620477,-132,4021
1688572620497,-132,4021
1688572620517,-132,4021
1688572620536,-132,4021
1688572620556,-132,4021
1688572620576,-132,4021
1688572620596,-132,4021
1688572620616,-132,4021
1688572620636,-132,4021
1688572620656,-132,4021
1688572620676,-132,4021
1688572620696,-132,4021
1688572620716,-132,4021
1688572620736,-132,4021
1688572620756,-132,4021
1688572620776,-132,4021
1688572620795,-132,4021
1688572620815,-132,4021
1688572620835,-132,4021
1688572620855,-132,4021
1688572620875,-132,4021
1688572620895,-132,4021
1688572620915,-132,4021
1688572620935,-132,4021
1688572620955,-132,4021
1688572620975,-132,4021
1688572620995,-132,4021
1688572621010,-132,4021
1688572621025,-132,4021
1688572621040,-132,4021
1688572621055,-132,4021
1688572621073,-132,4021
1688572621092,-132,4021
1688572621112,-132,4021
1688572621132,-132,4021
1688572621151,-132,4021
1688572621171,-132,4021
1688572621191,-132,4021
1688572621211,-132,4021
1688572621231,-132,4021
1688572621251,-132,4021
1688572621271,-132,4021
1688572621292,-132,4021
1688572621312,-132,4021
1688572621331,-132,4021
1688572621351,-132,4021
1688572621371,-132,4021
1688572621391,-132,4021
1688572621411,-132,4021
1688572621431,-132,4021
1688572621450,-132,4021
1688572621470,-132,4021
1688572621490,-132,4021
1688572621509,-132,4021
1688572621529,-132,4021
1688572621549,-132,4021
1688572621569,-132,4021
1688572621589,-132,4021
1688572621607,-132,4021
1688572621622,-132,4021
1688572621637,-132,4021
1688572621652,-132,4021
1688572621670,-132,4021
1688572621690,-132,4021
1688572621709,-132,4021
1688572621724,-132,4021
1688572621739,-132,4021
1688572621756,-132,4021
1688572621776,-132,4021
1688572621795,-132,4021
1688572621815,-132,4021
1688572621834,-132,4021
1688572621854,-132,4021
1688572621873,-132,4021
1688572621893,-132,4021
1688572621913,-132,4021
1688572621933,-132,4021
1688572621952,-132,4021
1688572621971,-132,4021
1688572621991,-132,4021
1688572622011,-132,4021
1688572622031,-132,4021
1688572622051,-132,4021
1688572622070,-132,4021
1688572622090,-132,4021
1688572622109,-132,4021
1688572622129,-132,4021
1688572622148,-132,4021
1688572622169,-132,4021
1688572622188,-132,4021
1688572622208,-132,4021
1688572622228,-132,4021
1688572622248,-132,4021
1688572622267,-132,4021
1688572622287,-132,4021
1688572622306,-132,4021
1688572622326,-132,4021
1688572622345,-132,4021
1688572622365,-132,4021
1688572622384,-132,4021
1688572622404,-132,4021
1688572622423,-132,4021
1688572622443,-132,4021
1688572622462,-132,4021
1688572622481,-132,4021
1688572622501,-132,4021
1688572622520,-132,4021
1688572622540,-132,4021
1688572622559,-132,4021
1688572622579,-132,4021
1688572622599,-132,4021
1688572622618,-132,4021
1688572622638,-132,4021
1688572622658,-132,4021
1688572622677,-132,4021
1688572622697,-132,4021
1688572622716,-132,4021
1688572622736,-132,4021
1688572622755,-132,4021
1688572622775,-132,4021
1688572622794,-132,4021
1688572622814,-132,4021
1688572622833,-132,4021
1688572622853,-132,4021
1688572622872,-132,4021
1688572622893,-132,4021
1688572622912,-132,4021
1688572622932,-132,4021
1688572622952,-132,4021
1688572622971,-132,4021
1688572622991,-132,4021
1688572623010,-132,4021
1688572623030,-132,4021
1688572623050,-132,4021
1688572623069,-132,4021
1688572623088,-132,4021
1688572623108,-132,4021
1688572623128,-132,4021
1688572623147,-132,4021
1688572623166,-132,4021
1688572623185,-132,4021
1688572623205,-132,4021
1688572623225,-132,4021
1688572623244,-132,4021
1688572623264,-132,4021
1688572623283,-132,4021
1688572623303,-132,4021
1688572623323,-132,4021
1688572623343,-132,4021
1688572623363,-132,4021
1688572623383,-132,4021
1688572623402,-132,4021
1688572623421,-132,4021
1688572623442,-132,4021
1688572623461,-132,4021
1688572623481,-132,4021
1688572623500,-132,4021
1688572623520,-132,4021
1688572623540,-132,4021
1688572623560,-132,4021
1688572623579,-132,4021
1688572623599,-132,4021
1688572623618,-132,4021
1688572623637,-132,4021
1688572623656,-132,4021
1688572623676,-132,4021
1688572623695,-132,4021
1688572623714,-132,4021
1688572623733,-132,4021
1688572623752,-132,4021
1688572623772,-132,4021
1688572623791,-132,4021
1688572623811,-132,4021
1688572623830,-132,4021
1688572623852,-132,4021
1688572623872,-132,4021
1688572623891,-132,4021
1688572623911,-132,4021
1688572623930,-132,4021
1688572623949,-132,4021
1688572623968,-132,4021
1688572623987,-132,4021
1688572624006,-132,4021
1688572624025,-132,4021
1688572624045,-132,4021
1688572624064,-132,4021
1688572624083,-132,4021
1688572624103,-132,4021
1688572624123,-132,4021
1688572624144,-132,4021
1688572624163,-132,4021
1688572624181,-132,4021
1688572624199,-132,4021
1688572624218,-132,4021
1688572624238,-132,4021
1688572624257,-132,4021
1688572624276,-132,4021
1688572624295,-132,4021
1688572624314,-132,4021
1688572624333,-132,4021
1688572624352,-132,4021
1688572624371,-132,4021
1688572624390,-132,4021
1688572624409,-132,4021
1688572624428,-132,4021
1688572624447,-132,4021
1688572624467,-132,4021
1688572624486,-132,4021
1688572624505,-132,4021
1688572624524,-132,4021
1688572624543,-132,4021
1688572624563,-132,4021
1688572624580,-132,4021
1688572624595,-132,4021
1688572624610,-132,4021
1688572624625,-132,4021
1688572624643,-132,4021
1688572624663,-132,4021
1688572624682,-132,4021
1688572624701,-132,4021
1688572624720,-132,4021
1688572624739,-132,4021
1688572624758,-132,4021
1688572624777,-132,4021
1688572624796,-132,4021
1688572624815,-132,4021
1688572624835,-132,4021
1688572624854,-132,4021
1688572624874,-132,4021
1688572624893,-132,4021
1688572624912,-132,4021
1688572624931,-132,4021
1688572624950,-132,4021
1688572624970,-132,4021
1688572624988,-132,4021
1688572625002,-132,4021
1688572625017,-132,4021
1688572625032,-132,4021
1688572625048,-132,4021
1688572625067,-132,4021
1688572625087,-132,4021
1688572625107,-132,4021
1688572625126,-132,4021
1688572625146,-132,4021
1688572625165,-132,4021
1688572625184,-132,4021
1688572625203,-132,4021
1688572625223,-132,4021
1688572625242,-132,4021
1688572625261,-132,4021
1688572625280,-132,4021
1688572625299,-132,4021
1688572625318,-132,4021
1688572625336,-132,4021
1688572625355,-132,4021
1688572625374,-132,4021
1688572625393,-132,4021
1688572625412,-132,4021
1688572625431,-132,4021
1688572625451,-132,4021
1688572625472,-132,4021
1688572625491,-132,4021
1688572625509,-132,4021
1688572625528,-132,4021
1688572625547,-132,4021
1688572625566,-132,4021
1688572625585,-132,4021
1688572625604,-132,4021
1688572625623,-132,4021
1688572625642,-132,4021
1688572625660,-132,4021
1688572625680,-132,4021
1688572625699,-132,4021
1688572625718,-132,4021
1688572625737,-132,4021
1688572625756,-132,4021
1688572625775,-132,4021
1688572625794,-132,4021
1688572625812,-132,4021
1688572625831,-132,4021
1688572625850,-132,4021
1688572625869,-132,4021
1688572625888,-132,4021
1688572625908,-132,4021
1688572625927,-132,4021
1688572625946,-132,4021
1688572625964,-132,4021
1688572625983,-132,4021
1688572626002,-132,4021
1688572626020,-132,4021
1688572626039,-132,4021
1688572626057,-132,4021
1688572626076,-132,4021
1688572626095,-132,4021
1688572626113,-132,4021
1688572626132,-132,4021
1688572626151,-132,4021
1688572626169,-132,4021
1688572626189,-132,4021
1688572626207,-132,4021
1688572626226,-132,4021
1688572626245,-132,4021
1688572626263,-132,4021
1688572626282,-132,4021
1688572626301,-132,4021
1688572626320,-132,4021
1688572626339,-132,4021
1688572626357,-132,4021
1688572626376,-132,4021
1688572626395,-132,4021
1688572626413,-132,4021
1688572626432,-132,4021
1688572626451,-132,4021
1688572626470,-132,4021
1688572626488,-132,4021
1688572626508,-132,4021
1688572626527,-132,4021
1688572626545,-132,4021
1688572626564,-132,4021
1688572626582,-132,4021
1688572626601,-132,4021
1688572626620,-132,4021
1688572626639,-132,4021
1688572626658,-132,4021
1688572626676,-132,4021
1688572626695,-132,4021
1688572626714,-132,4021
1688572626732,-132,4021
1688572626750,-132,4021
1688572626769,-132,4021
1688572626788,-132,4021
1688572626806,-132,4021
1688572626825,-132,4021
1688572626844,-132,4021
1688572626862,-132,4021
1688572626881,-132,4021
1688572626899,-132,4021
1688572626919,-132,4021
1688572626937,-132,4021
1688572626955,-132,4021
1688572626974,-132,4021
1688572626993,-132,4021
1688572627011,-132,4021
1688572627030,-132,4021
1688572627049,-132,4021
1688572627067,-132,4021
1688572627086,-132,4021
1688572627105,-132,4021
1688572627124,-132,4021
1688572627143,-132,4021
1688572627162,-132,4021
1688572627180,-132,4021
1688572627199,-132,4021
1688572627218,-132,4021
1688572627237,-132,4021
1688572627255,-132,4021
1688572627274,-132,4021
1688572627293,-132,4021
1688572627312,-132,4021
1688572627331,-132,4021
1688572627349,-132,4021
1688572627368,-132,4021
1688572627387,-132,4021
1688572627406,-132,4021
1688572627424,-132,4021
1688572627442,-132,4021
1688572627461,-132,4021
1688572627479,-132,4021
1688572627498,-132,4021
1688572627518,-132,4021
1688572627536,-132,4021
1688572627555,-132,4021
1688572627574,-132,4021
1688572627592,-132,4021
1688572627611,-132,4021
1688572627630,-132,4021
1688572627648,-132,4021
1688572627667,-132,4021
1688572627685,-132,4021
1688572627704,-132,4021
1688572627723,-132,4021
1688572627742,-132,4021
1688572627761,-132,4021
1688572627779,-132,4021
1688572627798,-132,4021
1688572627816,-132,4021
1688572627836,-132,4021
1688572627854,-132,4021
1688572627873,-132,4021
1688572627892,-132,4021
1688572627910,-132,4021
1688572627929,-132,4021
1688572627948,-132,4021
1688572627968,-132,4021
1688572627987,-132,4021
1688572628005,-132,4021
1688572628023,-132,4021
1688572628042,-132,4021
1688572628060,-132,4021
1688572628079,-132,4021
1688572628097,-132,4021
1688572628116,-132,4021
1688572628135,-132,4021
1688572628154,-132,4021
1688572628173,-132,4021
1688572628192,-132,4021
1688572628211,-132,4021
1688572628230,-132,4021
1688572628248,-132,4021
1688572628267,-132,4021
1688572628286,-132,4021
1688572628304,-132,4021
1688572628323,-132,4021
1688572628341,-132,4021
1688572628360,-132,4021
1688572628378,-132,4021
1688572628397,-132,4021
1688572628415,-132,4021
1688572628435,-132,4021
1688572628455,-132,4021
1688572628474,-132,4021
1688572628493,-132,4021
1688572628512,-132,4021
1688572628531,-132,4021
1688572628549,-132,4021
1688572628568,-132,4021
1688572628587,-132,4021
1688572628605,-132,4021
1688572628624,-132,4021
1688572628642,-132,4021
1688572628661,-132,4021
1688572628679,-132,4021
1688572628698,-132,4021
1688572628716,-132,4021
1688572628735,-132,4021
1688572628754,-132,4021
1688572628773,-132,4021
1688572628791,-132,4021
1688572628810,-132,4021
1688572628829,-132,4021
1688572628847,-132,4021
1688572628866,-132,4021
1688572628884,-132,4021
1688572628903,-132,4021
1688572628921,-132,4021
1688572628939,-132,4021
1688572628959,-132,4021
1688572628978,-132,4021
1688572628996,-132,4021
1688572629015,-132,4021
1688572629033,-132,4021
1688572629052,-132,4021
1688572629071,-132,4021
1688572629087,-132,4021
1688572629102,-132,4021
1688572629116,-132,4021
1688572629135,-132,4021
1688572629153,-132,4021
1688572629172,-132,4021
1688572629188,-132,4021
1688572629202,-132,4021
1688572629216,-132,4021
1688572629231,-132,4021
1688572629249,-132,4021
1688572629268,-132,4021
1688572629287,-132,4021
1688572629306,-132,4021
1688572629324,-132,4021
1688572629343,-132,4021
1688572629361,-132,4021
1688572629380,-132,4021
1688572629398,-132,4021
1688572629417,-132,4021
1688572629436,-132,4021
1688572629455,-132,4021
1688572629473,-132,4021
1688572629492,-132,4021
1688572629510,-132,4021
1688572629529,-132,4021
1688572629547,-132,4021
1688572629567,-132,4021
1688572629585,-132,4021
1688572629604,-132,4021
1688572629623,-132,4021
1688572629641,-132,4021
1688572629659,-132,4021
1688572629678,-132,4021
1688572629697,-132,4021
1688572629715,-132,4021
1688572629734,-132,4021
1688572629752,-132,4021
1688572629771,-132,4021
1688572629790,-132,4021
1688572629808,-132,4021
1688572629827,-132,4021
1688572629845,-132,4021
1688572629864,-132,4021
1688572629882,-132,4021
1688572629901,-132,4021
1688572629920,-132,4021
1688572629939,-132,4021
1688572629957,-132,4021
1688572629976,-132,4021
1688572629995,-132,4021
1688572630013,-132,4021
1688572630032,-132,4021
1688572630055,-132,4021
1688572630071,-132,4021
1688572630086,-132,4021
1688572630101,-132,4021
1688572630115,-132,4021
1688572630131,-132,4021
1688572630150,-132,4021
1688572630169,-132,4021
1688572630188,-132,4021
1688572630207,-132,4021
1688572630225,-132,4021
1688572630244,-132,4021
1688572630262,-132,4021
1688572630281,-132,4021
1688572630303,-132,4021
1688572630318,-132,4021
1688572630332,-132,4021
1688572630347,-132,4021
1688572630365,-132,4021
1688572630384,-132,4021
1688572630402,-132,4021
1688572630421,-132,4021
1688572630440,-132,4021
1688572630459,-132,4021
1688572630478,-132,4021
1688572630496,-132,4021
1688572630515,-132,4021
1688572630533,-132,4021
1688572630552,-132,4021
1688572630571,-132,4021
1688572630589,-132,4021
1688572630607,-132,4021
1688572630626,-132,4021
1688572630645,-132,4021
1688572630663,-132,4021
1688572630682,-132,4021
1688572630701,-132,4021
1688572630720,-132,4021
1688572630738,-132,4021
1688572630757,-132,4021
1688572630775,-132,4021
1688572630794,-132,4021
1688572630813,-132,4021
1688572630832,-132,4021
1688572630851,-132,4021
1688572630869,-132,4021
1688572630888,-132,4021
1688572630909,-132,4021
1688572630927,-132,4021
1688572630946,-132,4021
1688572630965,-132,4021
1688572630983,-132,4021
1688572631002,-132,4021
1688572631021,-132,4021
1688572631040,-132,4021
1688572631058,-132,4021
1688572631077,-132,4021
1688572631096,-132,4021
1688572631115,-132,4021
1688572631134,-132,4021
1688572631153,-132,4021
1688572631172,-132,4021
1688572631191,-132,4021
1688572631209,-132,4021
1688572631228,-132,4021
1688572631247,-132,4021
1688572631266,-132,4021
1688572631284,-132,4021
1688572631303,-132,4021
1688572631322,-132,4021
1688572631340,-132,4021
1688572631359,-132,4021
1688572631377,-132,4021
1688572631396,-132,4021
1688572631415,-132,4021
1688572631434,-132,4021
1688572631452,-132,4021
1688572631470,-132,4021
1688572631487,-132,4021
1688572631508,-132,4021
1688572631527,-132,4021
1688572631545,-132,4021
1688572631564,-132,4021
1688572631583,-132,4021
1688572631601,-132,4021
1688572631621,-132,4021
1688572631640,-132,4021
1688572631659,-132,4021
1688572631677,-132,4021
1688572631696,-132,4021
1688572631715,-132,4021
1688572631733,-132,4021
1688572631751,-132,4021
1688572631769,-132,4021
1688572631786,-132,4021
1688572631805,-132,4021
1688572631823,-132,4021
1688572631842,-132,4021
1688572631861,-132,4021
1688572631879,-132,4021
1688572631898,-132,4021
1688572631916,-132,4021
1688572631935,-132,4021
1688572631953,-132,4021
1688572631972,-132,4021
1688572631990,-132,4021
1688572632009,-132,4021
1688572632027,-132,4021
1688572632047,-132,4021
1688572632065,-132,4021
1688572632083,-132,4021
1688572632102,-132,4021
1688572632121,-132,4021
1688572632140,-132,4021
1688572632155,-132,4021
1688572632170,-132,4021
1688572632184,-132,4021
1688572632199,-132,4021
1688572632217,-132,4021
1688572632236,-132,4021
1688572632254,-132,4021
1688572632269,-132,4021
1688572632283,-132,4021
1688572632298,-132,4021
1688572632312,-132,4021
1688572632327,-132,4021
1688572632345,-132,4021
1688572632363,-132,4021
1688572632382,-132,4021
1688572632400,-132,4021
1688572632419,-132,4021
1688572632437,-132,4021
1688572632455,-132,4021
1688572632474,-132,4021
1688572632492,-132,4021
1688572632511,-132,4021
1688572632530,-132,4021
1688572632548,-132,4021
1688572632567,-132,4021
1688572632586,-132,4021
1688572632604,-132,4021
1688572632622,-132,4021
1688572632641,-132,4021
1688572632660,-132,4021
1688572632678,-132,4021
1688572632697,-132,4021
1688572632716,-132,4021
1688572632734,-132,4021
1688572632753,-132,4021
1688572632771,-132,4021
1688572632790,-132,4021
1688572632809,-132,4021
1688572632827,-132,4021
1688572632846,-132,4021
1688572632865,-132,4021
1688572632883,-132,4021
1688572632903,-132,4021
1688572632921,-132,4021
1688572632940,-132,4021
1688572632958,-132,4021
1688572632977,-132,4021
1688572632995,-132,4021
1688572633014,-132,4021
1688572633033,-132,4021
1688572633052,-132,4021
1688572633070,-132,4021
1688572633088,-132,4021
1688572633107,-132,4021
1688572633125,-132,4021
1688572633144,-132,4021
1688572633162,-132,4021
1688572633181,-132,4021
1688572633199,-132,4021
1688572633218,-132,4021
1688572633237,-132,4021
1688572633256,-132,4021
1688572633274,-132,4021
1688572633293,-132,4021
1688572633311,-132,4021
1688572633330,-132,4021
1688572633348,-132,4021
1688572633368,-132,4021
1688572633384,-132,4021
1688572633398,-132,4021
1688572633413,-132,4021
1688572633427,-132,4021
1688572633446,-132,4021
1688572633464,-132,4021
1688572633483,-132,4021
1688572633502,-132,4021
1688572633520,-132,4021
1688572633539,-132,4021
1688572633558,-132,4021
1688572633576,-132,4021
1688572633595,-132,4021
1688572633613,-132,4021
1688572633632,-132,4021
1688572633651,-132,4021
1688572633670,-132,4021
1688572633688,-132,4021
1688572633707,-132,4021
1688572633725,-132,4021
1688572633743,-132,4021
1688572633762,-132,4021
1688572633781,-132,4021
1688572633799,-132,4021
1688572633818,-132,4021
1688572633837,-132,4021
1688572633855,-132,4021
1688572633874,-132,4021
1688572633893,-132,4021
1688572633911,-132,4021
1688572633930,-132,4021
1688572633948,-132,4021
1688572633969,-132,4021
1688572633988,-132,4021
1688572634006,-132,4021
1688572634025,-132,4021
1688572634043,-132,4021
1688572634062,-132,4021
1688572634081,-132,4021
1688572634099,-132,4021
1688572634118,-132,4021
1688572634137,-132,4021
1688572634155,-132,4021
1688572634175,-132,4021
1688572634193,-132,4021
1688572634207,-132,4021
1688572634222,-132,4021
1688572634236,-132,4021
1688572634253,-132,4021
1688572634271,-132,4021
1688572634289,-132,4021
1688572634307,-132,4021
1688572634326,-132,4021
1688572634345,-132,4021
1688572634363,-132,4021
1688572634382,-132,4021
1688572634400,-132,4021
1688572634419,-132,4021
1688572634437,-132,4021
1688572634456,-132,4021
1688572634474,-132,4021
1688572634493,-132,4021
1688572634512,-132,4021
1688572634530,-132,4021
1688572634549,-132,4021
1688572634568,-132,4021
1688572634587,-132,4021
1688572634605,-132,4021
1688572634623,-132,4021
1688572634642,-132,4021
1688572634661,-132,4021
1688572634679,-132,4021
1688572634698,-132,4021
1688572634716,-132,4021
1688572634735,-132,4021
1688572634753,-132,4021
1688572634772,-132,4021
1688572634791,-132,4021
1688572634809,-132,4021
1688572634828,-132,4021
1688572634847,-132,4021
1688572634865,-132,4021
1688572634883,-132,4021
1688572634902,-132,4021
1688572634921,-132,4021
1688572634939,-132,4021
1688572634957,-132,4021
1688572634976,-132,4021
1688572634995,-132,4021
1688572635012,-132,4021
1688572635026,-132,4021
1688572635041,-132,4021
1688572635055,-132,4021
1688572635074,-132,4021
1688572635092,-132,4021
1688572635111,-132,4021
1688572635128,-132,4021
1688572635143,-132,4021
1688572635157,-132,4021
1688572635172,-132,4021
1688572635186,-132,4021
1688572635204,-132,4021
1688572635221,-132,4021
1688572635236,-132,4021
1688572635250,-132,4021
1688572635265,-132,4021
1688572635282,-132,4021
1688572635301,-132,4021
1688572635319,-132,4021
1688572635338,-132,4021
1688572635356,-132,4021
1688572635374,-132,4021
1688572635393,-132,4021
1688572635412,-132,4021
1688572635427,-132,4021
1688572635441,-132,4021
1688572635456,-132,4021
1688572635474,-132,4021
1688572635492,-132,4021
1688572635511,-132,4021
1688572635526,-132,4021
1688572635541,-132,4021
1688572635555,-132,4021
1688572635570,-132,4021
1688572635587,-132,4021
1688572635606,-132,4021
1688572635625,-132,4021
1688572635643,-132,4021
1688572635661,-132,4021
1688572635678,-132,4021
1688572635696,-132,4021
1688572635714,-132,4021
1688572635732,-132,4021
1688572635751,-132,4021
1688572635769,-132,4021
1688572635787,-132,4021
1688572635806,-132,4021
1688572635824,-132,4021
1688572635842,-132,4021
1688572635861,-132,4021
1688572635879,-132,4021
1688572635898,-132,4021
1688572635917,-132,4021
1688572635935,-132,4021
1688572635954,-132,4021
1688572635972,-132,4021
1688572635990,-132,4021
1688572636009,-132,4021
1688572636027,-132,4021
1688572636046,-132,4021
1688572636064,-132,4021
1688572636083,-132,4021
1688572636102,-132,4021
1688572636120,-132,4021
1688572636139,-132,4021
1688572636157,-132,4021
1688572636175,-132,4021
1688572636194,-132,4021
1688572636212,-132,4021
1688572636232,-132,4021
1688572636247,-132,4021
1688572636262,-132,4021
1688572636276,-132,4021
1688572636291,-132,4021
1688572636309,-132,4021
1688572636327,-132,4021
1688572636346,-132,4021
1688572636364,-132,4021
1688572636383,-132,4021
1688572636401,-132,4021
1688572636419,-132,4021
1688572636438,-132,4021
1688572636456,-132,4021
1688572636475,-132,4021
1688572636493,-132,4021
1688572636511,-132,4021
1688572636530,-132,4021
1688572636548,-132,4021
1688572636567,-132,4021
1688572636585,-132,4021
1688572636603,-132,4021
1688572636621,-132,4021
1688572636639,-132,4021
1688572636658,-132,4021
1688572636676,-132,4021
1688572636694,-132,4021
1688572636714,-132,4021
1688572636732,-132,4021
1688572636750,-132,4021
1688572636769,-132,4021
1688572636787,-132,4021
1688572636806,-132,4021
1688572636824,-132,4021
1688572636843,-132,4021
1688572636861,-132,4021
1688572636879,-132,4021
1688572636897,-132,4021
1688572636915,-132,4021
1688572636933,-132,4021
1688572636952,-132,4021
1688572636970,-132,4021
1688572636990,-132,4021
1688572637008,-132,4021
1688572637026,-132,4021
1688572637044,-132,4021
1688572637062,-132,4021
1688572637081,-132,4021
1688572637099,-132,4021
1688572637113,-132,4021
1688572637128,-132,4021
1688572637143,-132,4021
1688572637157,-132,4021
1688572637172,-132,4021
1688572637186,-132,4021
1688572637201,-132,4021
1688572637216,-132,4021
1688572637230,-132,4021
1688572637245,-132,4021
1688572637262,-132,4021
1688572637280,-132,4021
1688572637298,-132,4021
1688572637317,-132,4021
1688572637335,-132,4021
1688572637353,-132,4021
1688572637372,-132,4021
1688572637390,-132,4021
1688572637409,-132,4021
1688572637427,-132,4021
1688572637445,-132,4021
1688572637463,-132,4021
1688572637482,-132,4021
1688572637500,-132,4021
1688572637519,-132,4021
1688572637537,-132,4021
1688572637555,-132,4021
1688572637573,-132,4021
1688572637591,-132,4021
1688572637610,-132,4021
1688572637628,-132,4021
1688572637646,-132,4021
1688572637665,-132,4021
1688572637683,-132,4021
1688572637702,-132,4021
1688572637720,-132,4021
1688572637738,-132,4021
1688572637757,-132,4021
1688572637775,-132,4021
1688572637793,-132,4021
1688572637811,-132,4021
1688572637830,-132,4021
1688572637848,-132,4021
1688572637866,-132,4021
1688572637884,-132,4021
1688572637902,-132,4021
1688572637921,-132,4021
1688572637938,-132,4021
1688572637957,-132,4021
1688572637975,-132,4021
1688572637993,-132,4021
1688572638012,-132,4021
1688572638030,-132,4021
1688572638048,-132,4021
1688572638066,-132,4021
1688572638084,-132,4021
1688572638103,-132,4021
1688572638121,-132,4021
1688572638139,-132,4021
1688572638157,-132,4021
1688572638175,-132,4021
1688572638193,-132,4021
1688572638211,-132,4021
1688572638230,-132,4021
1688572638248,-132,4021
1688572638266,-132,4021
1688572638284,-132,4021
1688572638302,-132,4021
1688572638321,-132,4021
1688572638338,-132,4021
1688572638357,-132,4021
1688572638375,-132,4021
1688572638393,-132,4021
1688572638411,-132,4021
1688572638429,-132,4021
1688572638447,-132,4021
1688572638466,-132,4021
1688572638484,-132,4021
1688572638502,-132,4021
1688572638519,-132,4021
1688572638537,-132,4021
1688572638555,-132,4021
1688572638573,-132,4021
1688572638591,-132,4021
1688572638609,-132,4021
1688572638628,-132,4021
1688572638646,-132,4021
1688572638663,-132,4021
1688572638682,-132,4021
1688572638699,-132,4021
1688572638718,-132,4021
1688572638735,-132,4021
1688572638754,-132,4021
1688572638771,-132,4021
1688572638790,-132,4021
1688572638807,-132,4021
1688572638826,-132,4021
1688572638843,-132,4021
1688572638861,-132,4021
1688572638879,-132,4021
1688572638897,-132,4021
1688572638915,-132,4021
1688572638933,-132,4021
1688572638951,-132,4021
1688572638969,-132,4021
1688572638987,-132,4021
1688572639005,-132,4021
1688572639023,-132,4021
1688572639041,-132,4021
1688572639059,-132,4021
1688572639077,-132,4021
1688572639095,-132,4021
1688572639113,-132,4021
1688572639131,-132,4021
1688572639149,-132,4021
1688572639168,-132,4021
1688572639186,-132,4021
1688572639204,-132,4021
1688572639222,-132,4021
1688572639240,-132,4021
1688572639258,-132,4021
1688572639276,-132,4021
1688572639294,-132,4021
1688572639312,-132,4021
1688572639330,-132,4021
1688572639348,-132,4021
1688572639366,-132,4021
1688572639385,-132,4021
1688572639403,-132,4021
1688572639421,-132,4021
1688572639439,-132,4021
1688572639457,-132,4021
1688572639475,-132,4021
1688572639493,-132,4021
1688572639511,-132,4021
1688572639528,-132,4021
1688572639545,-132,4021
1688572639563,-132,4021
1688572639580,-132,4021
1688572639598,-132,4021
1688572639616,-132,4021
1688572639634,-132,4021
1688572639652,-132,4021
1688572639671,-132,4021
1688572639689,-132,4021
1688572639707,-132,4021
1688572639725,-132,4021
1688572639743,-132,4021
1688572639761,-132,4021
1688572639779,-132,4021
1688572639797,-132,4021
1688572639816,-132,4021
1688572639834,-132,4021
1688572639852,-132,4021
1688572639870,-132,4021
1688572639888,-132,4021
1688572639907,-132,4021
1688572639925,-132,4021
1688572639943,-132,4021
1688572639961,-132,4021
1688572639979,-132,4021
1688572639997,-132,4021
1688572640015,-132,4021
1688572640031,-132,4021
1688572640045,-132,4021
1688572640060,-132,4021
1688572640075,-132,4021
1688572640093,-132,4021
1688572640111,-132,4021
1688572640130,-132,4021
1688572640144,-132,4021
1688572640158,-132,4021
1688572640172,-132,4021
1688572640187,-132,4021
1688572640204,-132,4021
1688572640222,-132,4021
1688572640240,-132,4021
1688572640258,-132,4021
1688572640276,-132,4021
1688572640294,-132,4021
1688572640312,-132,4021
1688572640330,-132,4021
1688572640348,-132,4021
1688572640366,-132,4021
1688572640384,-132,4021
1688572640402,-132,4021
1688572640420,-132,4021
1688572640438,-132,4021
1688572640456,-132,4021
1688572640474,-132,4021
1688572640493,-132,4021
1688572640511,-132,4021
1688572640529,-132,4021
1688572640547,-132,4021
1688572640565,-132,4021
1688572640584,-132,4021
1688572640602,-132,4021
1688572640620,-132,4021
1688572640639,-132,4021
1688572640657,-132,4021
1688572640675,-132,4021
1688572640693,-132,4021
1688572640711,-132,4021
1688572640729,-132,4021
1688572640747,-132,4021
1688572640765,-132,4021
1688572640783,-132,4021
1688572640801,-132,4021
1688572640819,-132,4021
1688572640837,-132,4021
1688572640854,-132,4021
1688572640872,-132,4021
1688572640890,-132,4021
1688572640908,-132,4021
1688572640926,-132,4021
1688572640943,-132,4021
1688572640961,-132,4021
1688572640979,-132,4021
1688572640997,-132,4021
1688572641014,-132,4021
1688572641033,-132,4021
1688572641051,-132,4021
1688572641069,-132,4021
1688572641086,-132,4021
1688572641104,-132,4021
1688572641122,-132,4021
1688572641141,-132,4021
1688572641159,-132,4021
1688572641181,-132,4021
1688572641197,-132,4021
1688572641211,-132,4021
1688572641225,-132,4021
1688572641242,-132,4021
1688572641260,-132,4021
1688572641278,-132,4021
1688572641295,-132,4021
1688572641313,-132,4021
1688572641331,-132,4021
1688572641349,-132,4021
1688572641368,-132,4021
1688572641385,-132,4021
1688572641403,-132,4021
1688572641421,-132,4021
1688572641439,-132,4021
1688572641457,-132,4021
1688572641475,-132,4021
1688572641493,-132,4021
1688572641511,-132,4021
1688572641528,-132,4021
1688572641546,-132,4021
1688572641564,-132,4021
1688572641582,-97,4021
1688572641600,-97,4021
1688572641618,-97,4021
1688572641633,-97,4021
1688572641647,-97,4021
1688572641661,-97,4021
1688572641675,-97,4021
1688572641689,-97,4021
1688572641707,-97,4021
1688572641725,-97,4021
1688572641743,-97,4021
1688572641762,-97,4021
1688572641776,-97,4021
1688572641791,-97,4021
1688572641805,-97,4021
1688572641821,-97,4021
1688572641854,-97,4021
1688572641869,-97,4048
1688572641883,-97,4048
1688572641897,-97,4048
1688572641911,-97,4048
1688572641928,-97,4048
1688572641946,-97,4048
1688572641963,-97,4048
1688572641981,-97,4048
1688572641999,-97,4048
1688572642017,-97,4048
1688572642034,-97,4048
1688572642052,-97,4048
1688572642070,-97,4048
1688572642088,-97,4048
1688572642106,-97,4048
1688572642123,-97,4048
1688572642141,-97,4048
1688572642159,-97,4048
1688572642177,-97,4048
1688572642191,-97,4048
1688572642205,-97,4048
1688572642219,-97,4048
1688572642234,-97,4048
1688572642251,-97,4048
1688572642269,-97,4048
1688572642287,-97,4048
1688572642305,-97,4048
1688572642323,-97,4048
1688572642341,-97,4048
1688572642360,-97,4048
1688572642378,-97,4048
1688572642392,-97,4048
1688572642406,-97,4048
1688572642421,-97,4048
1688572642435,-97,4048
1688572642451,-97,4048
1688572642468,-97,4048
1688572642485,-97,4048
1688572642501,-97,4048
1688572642518,-97,4048
1688572642535,-97,4048
1688572642552,-97,4048
1688572642571,-97,4048
1688572642588,-97,4048
1688572642606,-97,4048
1688572642623,-97,4048
1688572642641,-97,4048
1688572642658,-97,4048
1688572642676,-97,4048
1688572642694,-97,4048
1688572642711,-97,4048
1688572642728,-97,4048
1688572642746,-97,4048
1688572642763,-97,4048
1688572642781,-97,4048
1688572642799,-97,4048
1688572642816,-97,4048
1688572642834,-97,4048
1688572642851,-97,4048
1688572642869,-97,4048
1688572642887,-97,4048
1688572642904,-97,4048
1688572642922,-97,4048
1688572642939,-97,4048
1688572642957,-97,4048
1688572642976,-97,4048
1688572642994,-97,4048
1688572643011,-97,4048
1688572643029,-97,4048
1688572643046,-97,4048
1688572643064,-97,4048
1688572643082,-97,4048
1688572643099,-97,4048
1688572643117,-97,4048
1688572643134,-97,4048
1688572643152,-97,4048
1688572643169,-97,4048
1688572643187,-97,4048
1688572643204,-97,4048
1688572643222,-97,4048
1688572643239,-97,4048
1688572643257,-97,4048
1688572643274,-97,4048
1688572643292,-97,4048
1688572643310,-97,4048
1688572643327,-97,4048
1688572643344,-97,4048
1688572643362,-97,4048
1688572643381,-97,4048
1688572643398,-97,4048
1688572643415,-97,4048
1688572643433,-97,4048
1688572643450,-97,4048
1688572643467,-97,4048
1688572643484,-97,4048
1688572643502,-97,4048
1688572643519,-97,4048
1688572643537,-97,4048
1688572643555,-97,4048
1688572643573,-97,4048
1688572643591,-97,4048
1688572643608,-97,4048
1688572643626,-97,4048
1688572643643,-97,4048
1688572643660,-97,4048
1688572643678,-97,4048
1688572643695,-97,4048
1688572643713,-97,4048
1688572643731,-97,4048
1688572643748,-97,4048
1688572643766,-97,4048
1688572643783,-97,4048
1688572643801,-97,4048
1688572643818,-97,4048
1688572643835,-97,4048
1688572643853,-97,4048
1688572643870,-97,4048
1688572643888,-97,4048
1688572643905,-97,4048
1688572643923,-97,4048
1688572643940,-97,4048
1688572643958,-97,4048
1688572643975,-97,4048
1688572643992,-97,4048
1688572644010,-97,4048
1688572644027,-97,4048
1688572644045,-97,4048
1688572644062,-97,4048
1688572644079,-97,4048
1688572644097,-97,4048
1688572644114,-97,4048
1688572644131,-97,4048
1688572644149,-97,4048
1688572644163,-97,4048
1688572644177,-97,4048
1688572644191,-97,4048
1688572644204,-97,4048
1688572644219,-97,4048
1688572644233,-97,4048
1688572644247,-97,4048
1688572644264,-97,4048
1688572644280,-97,4048
1688572644297,-97,4048
1688572644314,-97,4048
1688572644332,-97,4048
1688572644349,-97,4048
1688572644367,-97,4048
1688572644384,-97,4048
1688572644402,-97,4048
1688572644419,-97,4048
1688572644436,-97,4048
1688572644454,-97,4048
1688572644471,-97,4048
1688572644488,-97,4048
1688572644507,-97,4048
1688572644524,-97,4048
1688572644541,-97,4048
1688572644559,-97,4048
1688572644575,-97,4048
1688572644593,-97,4048
1688572644611,-97,4048
1688572644628,-97,4048
1688572644646,-97,4048
1688572644663,-97,4048
1688572644680,-97,4048
1688572644698,-97,4048
1688572644715,-97,4048
1688572644732,-97,4048
1688572644750,-97,4048
1688572644767,-97,4048
1688572644785,-97,4048
1688572644802,-97,4048
1688572644819,-97,4048
1688572644837,-97,4048
1688572644854,-97,4048
1688572644871,-97,4048
1688572644888,-97,4048
1688572644906,-97,4048
1688572644923,-97,4048
1688572644940,-97,4048
1688572644958,-97,4048
1688572644975,-97,4048
1688572644992,-97,4048
1688572645010,-97,4048
1688572645027,-97,4048
1688572645045,-97,4048
1688572645062,-97,4048
1688572645080,-97,4048
1688572645097,-97,4048
1688572645114,-97,4048
1688572645131,-97,4048
1688572645149,-97,4048
1688572645166,-97,4048
1688572645183,-97,4048
1688572645201,-97,4048
1688572645218,-97,4048
1688572645236,-97,4048
1688572645253,-97,4048
1688572645271,-97,4048
1688572645288,-97,4048
1688572645306,-97,4048
1688572645323,-97,4048
1688572645341,-97,4048
1688572645358,-97,4048
1688572645376,-97,4048
1688572645393,-97,4048
1688572645411,-97,4048
1688572645429,-97,4048
1688572645444,-97,4048
1688572645458,-97,4048
1688572645472,-97,4048
1688572645486,-97,4048
1688572645503,-97,4048
1688572645521,-97,4048
1688572645539,-97,4048
1688572645553,-97,4048
1688572645567,-97,4048
1688572645581,-97,4048
1688572645595,-97,4048
1688572645609,-97,4048
1688572645626,-97,4048
1688572645644,-97,4048
1688572645658,-97,4048
1688572645672,-97,4048
1688572645686,-97,4048
1688572645701,-97,4048
1688572645718,-97,4048
1688572645735,-97,4048
1688572645752,-97,4048
1688572645769,-97,4048
1688572645786,-97,4048
1688572645803,-97,4048
1688572645821,-97,4048
1688572645839,-97,4048
1688572645856,-97,4048
1688572645874,-97,4048
1688572645891,-97,4048
1688572645908,-97,4048
1688572645926,-97,4048
1688572645943,-97,4048
1688572645960,-97,4048
1688572645977,-97,4048
1688572645995,-97,4048
1688572646012,-97,4048
1688572646030,-97,4048
1688572646047,-97,4048
1688572646064,-97,4048
1688572646081,-97,4048
1688572646098,-97,4048
1688572646115,-97,4048
1688572646132,-97,4048
1688572646150,-97,4048
1688572646166,-97,4048
1688572646180,-97,4048
1688572646194,-97,4048
1688572646208,-97,4048
1688572646222,-97,4048
1688572646240,-97,4048
1688572646257,-97,4048
1688572646275,-97,4048
1688572646291,-97,4048
1688572646309,-97,4048
1688572646326,-97,4048
1688572646343,-97,4048
1688572646361,-97,4048
1688572646378,-97,4048
1688572646395,-97,4048
1688572646412,-97,4048
1688572646430,-97,4048
1688572646447,-97,4048
1688572646464,-97,4048
1688572646481,-97,4048
1688572646498,-97,4048
1688572646515,-97,4048
1688572646533,-97,4048
1688572646550,-97,4048
1688572646567,-97,4048
1688572646584,-97,4048
1688572646601,-97,4048
1688572646619,-97,4048
1688572646636,-97,4048
1688572646654,-97,4048
1688572646671,-97,4048
1688572646688,-97,4048
1688572646705,-97,4048
1688572646723,-97,4048
1688572646740,-97,4048
1688572646758,-97,4048
1688572646775,-97,4048
1688572646792,-97,4048
1688572646809,-97,4048
1688572646827,-97,4048
1688572646843,-97,4048
1688572646860,-97,4048
1688572646878,-97,4048
1688572646895,-97,4048
1688572646911,-97,4048
1688572646929,-97,4048
1688572646946,-97,4048
1688572646963,-97,4048
1688572646980,-97,4048
1688572646994,-97,4048
1688572647008,-97,4048
1688572647022,-97,4048
1688572647036,-97,4048
1688572647053,-97,4048
1688572647070,-97,4048
1688572647087,-97,4048
1688572647104,-97,4048
1688572647121,-97,4048
1688572647138,-97,4048
1688572647155,-97,4048
1688572647172,-97,4048
1688572647189,-97,4048
1688572647206,-97,4048
1688572647223,-97,4048
1688572647240,-97,4048
1688572647257,-97,4048
1688572647274,-97,4048
1688572647291,-97,4048
1688572647308,-97,4048
1688572647325,-97,4048
1688572647342,-97,4048
1688572647359,-97,4048
1688572647376,-97,4048
1688572647393,-97,4048
1688572647410,-97,4048
1688572647427,-97,4048
1688572647443,-97,4048
1688572647460,-97,4048
1688572647479,-97,4048
1688572647496,-97,4048
1688572647513,-97,4048
1688572647530,-97,4048
1688572647547,-97,4048
1688572647564,-97,4048
1688572647581,-97,4048
1688572647598,-97,4048
1688572647614,-97,4048
1688572647631,-97,4048
1688572647648,-97,4048
1688572647665,-97,4048
1688572647682,-97,4048
1688572647699,-97,4048
1688572647716,-97,4048
1688572647733,-97,4048
1688572647750,-97,4048
1688572647768,-97,4048
1688572647785,-97,4048
1688572647802,-97,4048
1688572647819,-97,4048
1688572647836,-97,4048
1688572647853,-97,4048
1688572647870,-97,4048
1688572647886,-97,4048
1688572647904,-97,4048
1688572647921,-97,4048
1688572647938,-97,4048
1688572647954,-97,4048
1688572647972,-97,4048
1688572647989,-97,4048
1688572648006,-97,4048
1688572648023,-97,4048
1688572648039,-97,4048
1688572648057,-97,4048
1688572648073,-97,4048
1688572648090,-97,4048
1688572648107,-97,4048
1688572648123,-97,4048
1688572648140,-97,4048
1688572648157,-97,4048
1688572648174,-97,4048
1688572648191,-97,4048
1688572648207,-97,4048
1688572648224,-97,4048
1688572648242,-97,4048
1688572648259,-97,4048
1688572648275,-97,4048
1688572648292,-97,4048
1688572648309,-97,4048
1688572648326,-97,4048
1688572648343,-97,4048
1688572648360,-97,4048
1688572648377,-97,4048
1688572648394,-97,4048
1688572648411,-97,4048
1688572648428,-97,4048
1688572648445,-97,4048
1688572648462,-97,4048
1688572648479,-97,4048
1688572648496,-97,4048
1688572648513,-97,4048
1688572648530,-97,4048
1688572648547,-97,4048
1688572648564,-97,4048
1688572648581,-97,4048
1688572648598,-97,4048
1688572648614,-97,4048
1688572648631,-97,4048
1688572648648,-97,4048
1688572648665,-97,4048
1688572648682,-97,4048
1688572648699,-97,4048
1688572648716,-97,4048
1688572648733,-97,4048
1688572648750,-97,4048
1688572648767,-97,4048
1688572648784,-97,4048
1688572648801,-97,4048
1688572648818,-97,4048
1688572648835,-97,4048
1688572648852,-97,4048
1688572648869,-97,4048
1688572648885,-97,4048
1688572648903,-97,4048
1688572648922,-97,4048
1688572648939,-97,4048
1688572648955,-97,4048
1688572648972,-97,4048
1688572648990,-97,4048
1688572649007,-97,4048
1688572649024,-97,4048
1688572649041,-97,4048
1688572649058,-97,4048
1688572649075,-97,4048
1688572649091,-97,4048
1688572649108,-97,4048
1688572649125,-97,4048
1688572649142,-97,4048
1688572649159,-97,4048
1688572649178,-97,4048
1688572649197,-97,4048
1688572649214,-97,4048
1688572649231,-97,4048
1688572649249,-97,4048
1688572649266,-97,4048
1688572649283,-97,4048
1688572649300,-97,4048
1688572649317,-97,4048
1688572649334,-97,4048
1688572649350,-97,4048
1688572649367,-97,4048
1688572649384,-97,4048
1688572649400,-97,4048
1688572649417,-97,4048
1688572649435,-97,4048
1688572649451,-97,4048
1688572649468,-97,4048
1688572649485,-97,4048
1688572649502,-97,4048
1688572649519,-97,4048
1688572649536,-97,4048
1688572649553,-97,4048
1688572649570,-97,4048
1688572649587,-97,4048
1688572649603,-97,4048
1688572649620,-97,4048
1688572649637,-97,4048
1688572649654,-97,4048
1688572649671,-97,4048
1688572649687,-97,4048
1688572649704,-97,4048
1688572649721,-97,4048
1688572649738,-97,4048
1688572649755,-97,4048
1688572649772,-97,4048
1688572649789,-97,4048
1688572649806,-97,4048
1688572649823,-97,4048
1688572649839,-97,4048
1688572649855,-97,4048
1688572649869,-97,4048
1688572649883,-97,4048
1688572649896,-97,4048
1688572649910,-97,4048
1688572649927,-97,4048
1688572649943,-97,4048
1688572649958,-97,4048
1688572649974,-97,4048
1688572649991,-97,4048
1688572650007,-97,4048
1688572650024,-97,4048
1688572650040,-97,4048
1688572650057,-97,4048
1688572650074,-97,4048
1688572650090,-97,4048
1688572650107,-97,4048
1688572650124,-97,4048
1688572650141,-97,4048
1688572650157,-97,4048
1688572650173,-97,4048
1688572650190,-97,4048
1688572650208,-97,4048
1688572650224,-97,4048
1688572650239,-97,4048
1688572650255,-97,4048
1688572650272,-97,4048
1688572650289,-97,4048
1688572650307,-97,4048
1688572650323,-97,4048
1688572650340,-97,4048
1688572650357,-97,4048
1688572650373,-97,4048
1688572650390,-97,4048
1688572650406,-97,4048
1688572650423,-97,4048
1688572650440,-97,4048
1688572650457,-97,4048
1688572650473,-97,4048
1688572650490,-97,4048
1688572650507,-97,4048
1688572650524,-97,4048
1688572650541,-97,4048
1688572650557,-97,4048
1688572650574,-97,4048
1688572650591,-97,4048
1688572650607,-97,4048
1688572650624,-97,4048
1688572650641,-97,4048
1688572650657,-97,4048
1688572650675,-97,4048
1688572650689,-97,4048
1688572650703,-97,4048
1688572650716,-97,4048
1688572650730,-97,4048
1688572650746,-97,4048
1688572650763,-97,4048
1688572650777,-97,4048
1688572650790,-97,4048
1688572650804,-97,4048
1688572650818,-97,4048
1688572650831,-97,4048
1688572650847,-97,4048
1688572650864,-97,4048
1688572650881,-97,4048
1688572650898,-97,4048
1688572650915,-97,4048
1688572650931,-97,4048
1688572650948,-97,4048
1688572650965,-97,4048
1688572650982,-97,4048
1688572650998,-97,4048
1688572651015,-97,4048
1688572651032,-97,4048
1688572651049,-97,4048
1688572651066,-97,4048
1688572651082,-97,4048
1688572651099,-97,4048
1688572651116,-97,4048
1688572651133,-97,4048
1688572651149,-97,4048
1688572651167,-97,4048
1688572651182,-97,4048
1688572651196,-97,4048
1688572651210,-97,4048
1688572651224,-97,4048
1688572651238,-97,4048
1688572651255,-97,4048
1688572651271,-97,4048
1688572651288,-97,4048
1688572651304,-97,4048
1688572651321,-97,4048
1688572651337,-97,4048
1688572651354,-97,4048
1688572651371,-97,4048
1688572651388,-97,4048
1688572651405,-97,4048
1688572651421,-97,4048
1688572651438,-97,4048
1688572651455,-97,4048
1688572651472,-97,4048
1688572651488,-97,4048
1688572651506,-97,4048
1688572651522,-97,4048
1688572651538,-97,4048
1688572651555,-97,4048
1688572651572,-97,4048
1688572651589,-97,4048
1688572651606,-97,4048
1688572651622,-97,4048
1688572651640,-97,4048
1688572651661,-97,4048
1688572651676,-97,4048
1688572651689,-97,4048
1688572651703,-97,4048
1688572651716,-97,4048
1688572651733,-97,4048
1688572651749,-97,4048
1688572651766,-97,4048
1688572651783,-97,4048
1688572651799,-97,4048
1688572651814,-97,4048
1688572651831,-97,4048
1688572651847,-97,4048
1688572651863,-97,4048
1688572651880,-97,4048
1688572651897,-97,4048
1688572651914,-97,4048
1688572651930,-97,4048
1688572651946,-97,4048
1688572651963,-97,4048
1688572651980,-97,4048
1688572651997,-97,4048
1688572652013,-97,4048
1688572652029,-97,4048
1688572652046,-97,4048
1688572652062,-97,4048
1688572652079,-97,4048
1688572652096,-97,4048
1688572652112,-97,4048
1688572652129,-97,4048
1688572652146,-97,4048
1688572652162,-97,4048
1688572652179,-97,4048
1688572652196,-97,4048
1688572652213,-97,4048
1688572652227,-97,4048
1688572652240,-97,4048
1688572652254,-97,4048
1688572652267,-97,4048
1688572652281,-97,4048
1688572652294,-97,4048
1688572652309,-97,4048
1688572652323,-97,4048
1688572652337,-97,4048
1688572652351,-97,4048
1688572652367,-97,4048
1688572652381,-97,4048
1688572652396,-97,4048
1688572652411,-97,4048
1688572652426,-97,4048
1688572652441,-97,4048
1688572652457,-97,4048
1688572652474,-97,4048
1688572652490,-97,4048
1688572652507,-97,4048
1688572652523,-97,4048
1688572652540,-97,4048
1688572652556,-97,4048
1688572652573,-97,4048
1688572652589,-97,4048
1688572652606,-97,4048
1688572652623,-97,4048
1688572652640,-97,4048
1688572652656,-97,4048
1688572652673,-97,4048
1688572652689,-97,4048
1688572652706,-97,4048
1688572652722,-97,4048
1688572652739,-97,4048
1688572652755,-97,4048
1688572652772,-97,4048
1688572652788,-97,4048
1688572652805,-97,4048
1688572652822,-97,4048
1688572652838,-97,4048
1688572652855,-97,4048
1688572652871,-97,4048
1688572652888,-97,4048
1688572652904,-97,4048
1688572652921,-97,4048
1688572652937,-97,4048
1688572652954,-97,4048
1688572652970,-97,4048
1688572652987,-97,4048
1688572653003,-97,4048
1688572653020,-97,4048
1688572653036,-97,4048
1688572653053,-97,4048
1688572653070,-97,4048
1688572653087,-97,4048
1688572653103,-97,4048
1688572653120,-97,4048
1688572653136,-97,4048
1688572653153,-97,4048
1688572653170,-97,4048
1688572653186,-97,4048
1688572653203,-97,4048
1688572653219,-97,4048
1688572653236,-97,4048
1688572653253,-97,4048
1688572653269,-97,4048
1688572653286,-97,4048
1688572653303,-97,4048
1688572653320,-97,4048
1688572653334,-97,4048
1688572653347,-97,4048
1688572653361,-97,4048
1688572653374,-97,4048
1688572653391,-97,4048
1688572653407,-97,4048
1688572653423,-97,4048
1688572653440,-97,4048
1688572653456,-97,4048
1688572653473,-97,4048
1688572653489,-97,4048
1688572653507,-97,4048
1688572653523,-97,4048
1688572653537,-97,4048
1688572653551,-97,4048
1688572653564,-97,4048
1688572653578,-97,4048
1688572653595,-97,4048
1688572653611,-97,4048
1688572653628,-97,4048
1688572653642,-97,4048
1688572653656,-97,4048
1688572653669,-97,4048
1688572653685,-97,4048
1688572653702,-97,4048
1688572653719,-97,4048
1688572653735,-97,4048
1688572653751,-97,4048
1688572653769,-97,4048
1688572653785,-97,4048
1688572653802,-97,4048
1688572653819,-97,4048
1688572653836,-97,4048
1688572653852,-97,4048
1688572653869,-97,4048
1688572653886,-97,4048
1688572653903,-97,4048
1688572653919,-97,4048
1688572653936,-97,4048
1688572653952,-97,4048
1688572653969,-97,4048
1688572653986,-97,4048
1688572654002,-97,4048
1688572654019,-97,4048
1688572654036,-97,4048
1688572654053,-97,4048
1688572654069,-97,4048
1688572654086,-97,4048
1688572654102,-97,4048
1688572654119,-97,4048
1688572654135,-97,4048
1688572654152,-97,4048
1688572654169,-97,4048
1688572654185,-97,4048
1688572654202,-97,4048
1688572654218,-97,4048
1688572654235,-97,4048
1688572654253,-97,4048
1688572654270,-97,4048
1688572654286,-97,4048
1688572654303,-97,4048
1688572654319,-97,4048
1688572654337,-97,4048
1688572654352,-97,4048
1688572654365,-97,4048
1688572654379,-97,4048
1688572654392,-97,4048
1688572654409,-97,4048
1688572654425,-97,4048
1688572654442,-97,4048
1688572654458,-97,4048
1688572654475,-97,4048
1688572654491,-97,4048
1688572654508,-97,4048
1688572654524,-97,4048
1688572654541,-97,4048
1688572654557,-97,4048
1688572654574,-97,4048
1688572654590,-97,4048
1688572654607,-97,4048
1688572654623,-97,4048
1688572654640,-97,4048
1688572654657,-97,4048
1688572654673,-97,4048
1688572654690,-97,4048
1688572654706,-97,4048
1688572654723,-97,4048
1688572654739,-97,4048
1688572654756,-97,4048
1688572654773,-97,4048
1688572654789,-97,4048
1688572654807,-97,4048
1688572654820,-97,4048
1688572654834,-97,4048
1688572654848,-97,4048
1688572654864,-97,4048
1688572654880,-97,4048
1688572654896,-97,4048
1688572654913,-97,4048
1688572654929,-97,4048
1688572654946,-97,4048
1688572654962,-97,4048
1688572654979,-97,4048
1688572654995,-97,4048
1688572655011,-97,4048
1688572655028,-97,4048
1688572655045,-97,4048
1688572655064,-97,4048
1688572655077,-97,4048
1688572655091,-97,4048
1688572655104,-97,4048
1688572655118,-97,4048
1688572655134,-97,4048
1688572655150,-97,4048
1688572655167,-97,4048
1688572655184,-97,4048
1688572655200,-97,4048
1688572655217,-97,4048
1688572655233,-97,4048
1688572655250,-97,4048
1688572655267,-97,4048
1688572655283,-97,4048
1688572655300,-97,4048
1688572655316,-97,4048
1688572655333,-97,4048
1688572655349,-97,4048
1688572655366,-97,4048
1688572655382,-97,4048
1688572655399,-97,4048
1688572655415,-97,4048
1688572655431,-97,4048
1688572655448,-97,4048
1688572655465,-97,4048
1688572655481,-97,4048
1688572655498,-97,4048
1688572655514,-97,4048
1688572655530,-97,4048
1688572655547,-97,4048
1688572655563,-97,4048
1688572655580,-97,4048
1688572655596,-97,4048
1688572655613,-97,4048
1688572655630,-97,4048
1688572655646,-97,4048
1688572655663,-97,4048
1688572655679,-97,4048
1688572655696,-97,4048
1688572655712,-97,4048
1688572655729,-97,4048
1688572655745,-97,4048
1688572655762,-97,4048
1688572655778,-97,4048
1688572655795,-97,4048
1688572655811,-97,4048
1688572655828,-97,4048
1688572655845,-97,4048
1688572655862,-97,4048
1688572655878,-97,4048
1688572655894,-97,4048
1688572655911,-97,4048
1688572655927,-97,4048
1688572655944,-97,4048
1688572655960,-97,4048
1688572655977,-97,4048
1688572655993,-97,4048
1688572656009,-97,4048
1688572656025,-97,4048
1688572656041,-97,4048
1688572656058,-97,4048
1688572656075,-97,4048
1688572656092,-97,4048
1688572656105,-97,4048
1688572656119,-97,4048
1688572656132,-97,4048
1688572656147,-97,4048
1688572656163,-97,4048
1688572656179,-97,4048
1688572656196,-97,4048
1688572656212,-97,4048
1688572656229,-97,4048
1688572656246,-97,4048
1688572656263,-97,4048
1688572656279,-97,4048
1688572656295,-97,4048
1688572656312,-97,4048
1688572656329,-97,4048
1688572656345,-97,4048
1688572656362,-97,4048
1688572656378,-97,4048
1688572656395,-97,4048
1688572656411,-97,4048
1688572656428,-97,4048
1688572656444,-97,4048
1688572656461,-97,4048
1688572656478,-97,4048
1688572656494,-97,4048
1688572656511,-97,4048
1688572656527,-97,4048
1688572656543,-97,4048
1688572656560,-97,4048
1688572656577,-97,4048
1688572656593,-97,4048
1688572656610,-97,4048
1688572656626,-97,4048
1688572656643,-97,4048
1688572656659,-97,4048
1688572656675,-97,4048
1688572656692,-97,4048
1688572656708,-97,4048
1688572656725,-97,4048
1688572656741,-97,4048
1688572656758,-97,4048
1688572656774,-97,4048
1688572656791,-97,4048
1688572656808,-97,4048
1688572656824,-97,4048
1688572656839,-97,4048
1688572656855,-97,4048
1688572656872,-97,4048
1688572656889,-97,4048
1688572656906,-97,4048
1688572656919,-97,4048
1688572656933,-97,4048
1688572656946,-97,4048
1688572656960,-97,4048
1688572656976,-97,4048
1688572656993,-97,4048
1688572657010,-97,4048
1688572657027,-97,4048
1688572657043,-97,4048
1688572657059,-97,4048
1688572657075,-97,4048
1688572657092,-97,4048
1688572657108,-97,4048
1688572657125,-97,4048
1688572657141,-97,4048
1688572657158,-97,4048
1688572657174,-97,4048
1688572657190,-97,4048
1688572657207,-97,4048
1688572657223,-97,4048
1688572657240,-97,4048
1688572657257,-97,4048
1688572657273,-97,4048
1688572657289,-97,4048
1688572657306,-97,4048
1688572657323,-97,4048
1688572657339,-97,4048
1688572657355,-97,4048
1688572657372,-97,4048
1688572657389,-97,4048
1688572657406,-97,4048
1688572657423,-97,4048
1688572657439,-97,4048
1688572657456,-97,4048
1688572657473,-97,4048
1688572657489,-97,4048
1688572657506,-97,4048
1688572657522,-97,4048
1688572657538,-97,4048
1688572657554,-97,4048
1688572657570,-97,4048
1688572657586,-97,4048
1688572657602,-97,4048
1688572657618,-97,4048
1688572657635,-97,4048
1688572657652,-97,4048
1688572657668,-97,4048
1688572657685,-97,4048
1688572657702,-97,4048
1688572657718,-97,4048
1688572657735,-97,4048
1688572657751,-97,4048
1688572657767,-97,4048
1688572657783,-97,4048
1688572657800,-97,4048
1688572657816,-97,4048
1688572657833,-97,4048
1688572657849,-97,4048
1688572657866,-97,4048
1688572657882,-97,4048
1688572657898,-97,4048
1688572657915,-97,4048
1688572657931,-97,4048
1688572657947,-97,4048
1688572657963,-97,4048
1688572657980,-97,4048
1688572657996,-97,4048
1688572658012,-97,4048
1688572658029,-97,4048
1688572658045,-97,4048
1688572658061,-97,4048
1688572658078,-97,4048
1688572658094,-97,4048
1688572658111,-97,4048
1688572658127,-97,4048
1688572658143,-97,4048
1688572658160,-97,4048
1688572658176,-97,4048
1688572658192,-97,4048
1688572658209,-97,4048
1688572658225,-97,4048
1688572658241,-97,4048
1688572658258,-97,4048
1688572658275,-97,4048
1688572658291,-97,4048
1688572658307,-97,4048
1688572658324,-97,4048
1688572658340,-97,4048
1688572658357,-97,4048
1688572658373,-97,4048
1688572658390,-97,4048
1688572658406,-97,4048
1688572658422,-97,4048
1688572658439,-97,4048
1688572658455,-97,4048
1688572658471,-97,4048
1688572658487,-97,4048
1688572658503,-97,4048
1688572658519,-97,4048
1688572658536,-97,4048
1688572658552,-97,4048
1688572658569,-97,4048
1688572658586,-97,4048
1688572658602,-97,4048
1688572658618,-97,4048
1688572658635,-97,4048
1688572658651,-97,4048
1688572658667,-97,4048
1688572658684,-97,4048
1688572658701,-97,4048
1688572658717,-97,4048
1688572658733,-97,4048
1688572658750,-97,4048
1688572658766,-97,4048
1688572658782,-97,4048
1688572658799,-97,4048
1688572658815,-97,4048
1688572658831,-97,4048
1688572658848,-97,4048
1688572658865,-97,4048
1688572658881,-97,4048
1688572658897,-97,4048
1688572658914,-97,4048
1688572658930,-97,4048
1688572658947,-97,4048
1688572658963,-97,4048
1688572658979,-97,4048
1688572658996,-97,4048
1688572659012,-97,4048
1688572659028,-97,4048
1688572659045,-97,4048
1688572659061,-97,4048
1688572659078,-97,4048
1688572659094,-97,4048
1688572659110,-97,4048
1688572659127,-97,4048
1688572659142,-97,4048
1688572659159,-97,4048
1688572659175,-97,4048
1688572659191,-97,4048
1688572659207,-97,4048
1688572659224,-97,4048
1688572659240,-97,4048
1688572659256,-97,4048
1688572659273,-97,4048
1688572659289,-97,4048
1688572659305,-97,4048
1688572659322,-97,4048
1688572659338,-97,4048
1688572659354,-97,4048
1688572659371,-97,4048
1688572659387,-97,4048
1688572659403,-97,4048
1688572659419,-97,4048
1688572659436,-97,4048
1688572659453,-97,4048
1688572659469,-97,4048
1688572659486,-97,4048
1688572659502,-97,4048
1688572659518,-97,4048
1688572659535,-97,4048
1688572659551,-97,4048
1688572659568,-97,4048
1688572659585,-97,4048
1688572659601,-97,4048
1688572659617,-97,4048
1688572659634,-97,4048
1688572659651,-97,4048
1688572659667,-97,4048
1688572659683,-97,4048
1688572659699,-97,4048
1688572659716,-97,4048
1688572659732,-97,4048
1688572659748,-97,4048
1688572659765,-97,4048
1688572659782,-97,4048
1688572659798,-97,4048
1688572659814,-97,4048
1688572659831,-97,4048
1688572659847,-97,4048
1688572659864,-97,4048
1688572659878,-97,4048
1688572659891,-97,4048
1688572659905,-97,4048
1688572659918,-97,4048
1688572659932,-97,4048
1688572659948,-97,4048
1688572659964,-97,4048
1688572659981,-97,4048
1688572659997,-97,4048
1688572660013,-97,4048
1688572660030,-97,4048
1688572660046,-97,4048
1688572660062,-97,4048
1688572660079,-97,4048
1688572660095,-97,4048
1688572660112,-97,4048
1688572660128,-97,4048
1688572660143,-97,4048
1688572660160,-97,4048
1688572660176,-97,4048
1688572660192,-97,4048
1688572660208,-97,4048
1688572660224,-97,4048
1688572660241,-97,4048
1688572660257,-97,4048
1688572660274,-97,4048
1688572660290,-97,4048
1688572660306,-97,4048
1688572660321,-97,4048
1688572660337,-97,4048
1688572660353,-97,4048
1688572660369,-97,4048
1688572660385,-97,4048
1688572660402,-97,4048
1688572660418,-97,4048
1688572660435,-97,4048
1688572660451,-97,4048
1688572660467,-97,4048
1688572660483,-97,4048
1688572660499,-97,4048
1688572660516,-97,4048
1688572660532,-97,4048
1688572660548,-97,4048
1688572660565,-97,4048
1688572660581,-97,4048
1688572660598,-97,4048
1688572660614,-97,4048
1688572660630,-97,4048
1688572660647,-97,4048
1688572660663,-97,4048
1688572660679,-97,4048
1688572660695,-97,4048
1688572660708,-97,4048
1688572660721,-97,4048
1688572660735,-97,4048
1688572660748,-97,4048
1688572660764,-97,4048
1688572660780,-97,4048
1688572660796,-97,4048
1688572660812,-97,4048
1688572660829,-97,4048
1688572660845,-97,4048
1688572660862,-97,4048
1688572660878,-97,4048
1688572660894,-97,4048
1688572660910,-97,4048
1688572660927,-97,4048
1688572660943,-97,4048
1688572660959,-97,4048
1688572660975,-97,4048
1688572660991,-97,4048
1688572661008,-97,4048
1688572661024,-97,4048
1688572661040,-97,4048
1688572661056,-97,4048
1688572661072,-97,4048
1688572661088,-97,4048
1688572661104,-97,4048
1688572661120,-97,4048
1688572661137,-97,4048
1688572661153,-97,4048
1688572661169,-97,4048
1688572661186,-97,4048
1688572661202,-97,4048
1688572661218,-97,4048
1688572661234,-97,4048
1688572661250,-97,4048
1688572661266,-97,4048
1688572661282,-97,4048
1688572661299,-97,4048
1688572661315,-97,4048
1688572661331,-97,4048
1688572661347,-97,4048
1688572661363,-97,4048
1688572661379,-97,4048
1688572661395,-97,4048
1688572661411,-97,4048
1688572661427,-97,4048
1688572661443,-97,4048
1688572661459,-97,4048
1688572661475,-97,4048
1688572661491,-97,4048
1688572661508,-97,4048
1688572661522,-97,4048
1688572661535,-97,4048
1688572661548,-97,4048
1688572661562,-97,4048
1688572661578,-97,4048
1688572661595,-97,4048
1688572661611,-97,4048
1688572661627,-97,4048
1688572661643,-97,4048
1688572661658,-97,4048
1688572661674,-97,4048
1688572661691,-97,4048
1688572661707,-97,4048
1688572661722,-97,4048
1688572661736,-97,4048
1688572661749,-97,4048
1688572661763,-97,4048
1688572661777,-97,4048
1688572661791,-97,4048
1688572661804,-97,4048
1688572661817,-97,4048
1688572661834,-97,4048
1688572661850,-97,4048
1688572661866,-97,4048
1688572661882,-97,4048
1688572661899,-97,4048
1688572661915,-97,4048
1688572661929,-97,4048
1688572661942,-97,4048
1688572661955,-97,4048
1688572661969,-97,4048
1688572661982,-97,4048
1688572661996,-97,4048
1688572662012,-97,4048
1688572662028,-97,4048
1688572662045,-97,4048
1688572662061,-97,4048
1688572662077,-97,4048
1688572662094,-97,4048
1688572662110,-97,4048
1688572662127,-97,4048
1688572662142,-97,4048
1688572662159,-97,4048
1688572662175,-97,4048
1688572662191,-97,4048
1688572662207,-97,4048
1688572662223,-97,4048
1688572662237,-97,4048
1688572662250,-97,4048
1688572662264,-97,4048
1688572662277,-97,4048
1688572662293,-97,4048
1688572662311,-97,4048
1688572662327,-97,4048
1688572662343,-97,4048
1688572662359,-97,4048
1688572662375,-97,4048
1688572662392,-97,4048
1688572662408,-97,4048
1688572662424,-97,4048
1688572662441,-97,4048
1688572662457,-97,4048
1688572662473,-97,4048
1688572662490,-97,4048
1688572662506,-97,4048
1688572662522,-97,4048
1688572662538,-97,4048
1688572662554,-97,4048
1688572662571,-97,4048
1688572662587,-97,4048
1688572662603,-97,4048
1688572662619,-97,4048
1688572662636,-97,4048
1688572662652,-97,4048
1688572662669,-97,4048
1688572662685,-97,4048
1688572662702,-97,4048
1688572662718,-97,4048
1688572662735,-97,4048
1688572662751,-97,4048
1688572662767,-97,4048
1688572662783,-97,4048
1688572662799,-97,4048
1688572662815,-97,4048
1688572662831,-97,4048
1688572662847,-97,4048
1688572662863,-97,4048
1688572662879,-97,4048
1688572662895,-97,4048
1688572662911,-97,4048
1688572662927,-97,4048
1688572662944,-97,4048
1688572662960,-97,4048
1688572662976,-97,4048
1688572662992,-97,4048
1688572663009,-97,4048
1688572663025,-97,4048
1688572663042,-97,4048
1688572663058,-97,4048
1688572663074,-97,4048
1688572663090,-97,4048
1688572663106,-97,4048
1688572663122,-97,4048
1688572663139,-97,4048
1688572663155,-97,4048
1688572663169,-97,4048
1688572663182,-97,4048
1688572663196,-97,4048
1688572663209,-97,4048
1688572663226,-97,4048
1688572663242,-97,4048
1688572663258,-97,4048
1688572663275,-97,4048
1688572663291,-97,4048
1688572663307,-97,4048
1688572663323,-97,4048
1688572663339,-97,4048
1688572663356,-97,4048
1688572663372,-97,4048
1688572663388,-97,4048
1688572663404,-97,4048
1688572663420,-97,4048
1688572663436,-97,4048
1688572663452,-97,4048
1688572663469,-97,4048
1688572663485,-97,4048
1688572663501,-97,4048
1688572663517,-97,4048
1688572663533,-97,4048
1688572663549,-97,4048
1688572663566,-97,4048
1688572663582,-97,4048
1688572663598,-97,4048
1688572663615,-97,4048
1688572663631,-97,4048
1688572663647,-97,4048
1688572663663,-97,4048
1688572663679,-97,4048
1688572663696,-97,4048
1688572663712,-97,4048
1688572663728,-97,4048
1688572663744,-97,4048
1688572663760,-97,4048
1688572663776,-97,4048
1688572663792,-97,4048
1688572663808,-97,4048
1688572663825,-97,4048
1688572663841,-97,4048
1688572663857,-97,4048
1688572663874,-97,4048
1688572663890,-97,4048
1688572663905,-97,4048
1688572663922,-97,4048
1688572663938,-97,4048
1688572663954,-97,4048
1688572663970,-97,4048
1688572663986,-97,4048
1688572664003,-97,4048
1688572664018,-97,4048
1688572664035,-97,4048
1688572664051,-97,4048
1688572664067,-97,4048
1688572664084,-97,4048
1688572664100,-97,4048
1688572664116,-97,4048
1688572664133,-97,4048
1688572664149,-97,4048
1688572664166,-97,4048
1688572664182,-97,4048
1688572664197,-97,4048
1688572664213,-97,4048
1688572664229,-97,4048
1688572664245,-97,4048
1688572664261,-97,4048
1688572664278,-97,4048
1688572664297,-97,4048
1688572664312,-97,4048
1688572664328,-97,4048
1688572664343,-97,4048
1688572664360,-97,4048
1688572664376,-97,4048
1688572664392,-97,4048
1688572664408,-97,4048
1688572664424,-97,4048
1688572664441,-97,4048
1688572664457,-97,4048
1688572664473,-97,4048
1688572664489,-97,4048
1688572664506,-97,4048
1688572664522,-97,4048
1688572664538,-97,4048
1688572664554,-97,4048
1688572664571,-97,4048
1688572664587,-97,4048
1688572664603,-97,4048
1688572664619,-97,4048
1688572664636,-97,4048
1688572664652,-97,4048
1688572664669,-97,4048
1688572664685,-97,4048
1688572664702,-97,4048
1688572664718,-97,4048
1688572664734,-97,4048
1688572664750,-97,4048
1688572664767,-97,4048
1688572664783,-97,4048
1688572664799,-97,4048
1688572664816,-97,4048
1688572664832,-97,4048
1688572664848,-97,4048
1688572664865,-97,4048
1688572664881,-97,4048
1688572664897,-97,4048
1688572664914,-97,4048
1688572664929,-97,4048
1688572664946,-97,4048
1688572664962,-97,4048
1688572664978,-97,4048
1688572664995,-97,4048
1688572665011,-97,4048
1688572665027,-97,4048
1688572665043,-97,4048
1688572665059,-97,4048
1688572665075,-97,4048
1688572665091,-97,4048
1688572665107,-97,4048
1688572665123,-97,4048
1688572665139,-97,4048
1688572665155,-97,4048
1688572665172,-97,4048
1688572665188,-97,4048
1688572665204,-97,4048
1688572665221,-97,4048
1688572665237,-97,4048
1688572665254,-97,4048
1688572665270,-97,4048
1688572665286,-97,4048
1688572665302,-97,4048
1688572665317,-97,4048
1688572665333,-97,4048
1688572665348,-97,4048
1688572665365,-97,4048
1688572665381,-97,4048
1688572665397,-97,4048
1688572665413,-97,4048
1688572665429,-97,4048
1688572665446,-97,4048
1688572665462,-97,4048
1688572665478,-97,4048
1688572665494,-97,4048
1688572665510,-97,4048
1688572665526,-97,4048
1688572665543,-97,4048
1688572665559,-97,4048
1688572665575,-97,4048
1688572665592,-97,4048
1688572665608,-97,4048
1688572665625,-97,4048
1688572665641,-97,4048
1688572665658,-97,4048
1688572665674,-97,4048
1688572665690,-97,4048
1688572665706,-97,4048
1688572665722,-97,4048
1688572665738,-97,4048
1688572665754,-97,4048
1688572665771,-97,4048
1688572665787,-97,4048
1688572665803,-97,4048
1688572665819,-97,4048
1688572665836,-97,4048
1688572665853,-97,4048
1688572665869,-97,4048
1688572665885,-97,4048
1688572665902,-97,4048
1688572665919,-97,4048
1688572665935,-97,4048
1688572665951,-97,4048
1688572665967,-97,4048
1688572665983,-97,4048
1688572665999,-97,4048
1688572666015,-97,4048
1688572666032,-97,4048
1688572666048,-97,4048
1688572666064,-97,4048
1688572666080,-97,4048
1688572666096,-97,4048
1688572666113,-97,4048
1688572666129,-97,4048
1688572666145,-97,4048
1688572666161,-97,4048
1688572666178,-97,4048
1688572666194,-97,4048
1688572666210,-97,4048
1688572666226,-97,4048
1688572666243,-97,4048
1688572666259,-97,4048
1688572666275,-97,4048
1688572666292,-97,4048
1688572666308,-97,4048
1688572666324,-97,4048
1688572666340,-97,4048
1688572666356,-97,4048
1688572666373,-97,4048
1688572666389,-97,4048
1688572666405,-97,4048
1688572666422,-97,4048
1688572666438,-97,4048
1688572666454,-97,4048
1688572666469,-97,4048
1688572666485,-97,4048
1688572666502,-97,4048
1688572666518,-97,4048
1688572666534,-97,4048
1688572666547,-97,4048
1688572666561,-97,4048
1688572666574,-97,4048
1688572666588,-97,4048
1688572666603,-97,4048
1688572666620,-97,4048
1688572666637,-97,4048
1688572666653,-97,4048
1688572666669,-97,4048
1688572666686,-97,4048
1688572666702,-97,4048
1688572666718,-97,4048
1688572666734,-97,4048
1688572666750,-97,4048
1688572666769,-97,4048
1688572666785,-97,4048
1688572666802,-97,4048
1688572666818,-97,4048
1688572666834,-97,4048
1688572666850,-97,4048
1688572666866,-97,4048
1688572666882,-97,4048
1688572666899,-97,4048
1688572666916,-97,4048
1688572666932,-97,4048
1688572666949,-97,4048
1688572666965,-97,4048
1688572666981,-97,4048
1688572666998,-97,4048
1688572667014,-97,4048
1688572667030,-97,4048
1688572667046,-97,4048
1688572667062,-97,4048
1688572667078,-97,4048
1688572667095,-97,4048
1688572667111,-97,4048
1688572667127,-97,4048
1688572667143,-97,4048
1688572667159,-97,4048
1688572667175,-97,4048
1688572667192,-97,4048
1688572667207,-97,4048
1688572667224,-97,4048
1688572667240,-97,4048
1688572667256,-97,4048
1688572667272,-97,4048
1688572667289,-97,4048
1688572667305,-97,4048
1688572667322,-97,4048
1688572667338,-97,4048
1688572667354,-97,4048
1688572667371,-97,4048
1688572667388,-97,4048
1688572667404,-97,4048
1688572667421,-97,4048
1688572667437,-97,4048
1688572667452,-97,4048
1688572667465,-97,4048
1688572667479,-97,4048
1688572667492,-97,4048
1688572667506,-97,4048
1688572667521,-97,4048
1688572667537,-97,4048
1688572667553,-97,4048
1688572667570,-97,4048
1688572667586,-97,4048
1688572667602,-97,4048
1688572667618,-97,4048
1688572667635,-97,4048
1688572667651,-97,4048
1688572667667,-97,4048
1688572667683,-97,4048
1688572667699,-97,4048
1688572667715,-97,4048
1688572667731,-97,4048
1688572667748,-97,4048
1688572667764,-97,4048
1688572667780,-97,4048
1688572667797,-97,4048
1688572667813,-97,4048
1688572667830,-97,4048
1688572667846,-97,4048
1688572667862,-97,4048
1688572667878,-97,4048
1688572667894,-97,4048
1688572667911,-97,4048
1688572667927,-97,4048
1688572667945,-97,4048
1688572667960,-97,4048
1688572667974,-97,4048
1688572667988,-97,4048
1688572668001,-97,4048
1688572668015,-97,4048
1688572668031,-97,4048
1688572668047,-97,4048
1688572668063,-97,4048
1688572668079,-97,4048
1688572668095,-97,4048
1688572668111,-97,4048
1688572668127,-97,4048
1688572668143,-97,4048
1688572668160,-97,4048
1688572668176,-97,4048
1688572668193,-97,4048
1688572668209,-97,4048
1688572668225,-97,4048
1688572668242,-97,4048
1688572668259,-97,4048
1688572668275,-97,4048
1688572668292,-97,4048
1688572668308,-97,4048
1688572668325,-97,4048
1688572668341,-97,4048
1688572668357,-97,4048
1688572668374,-97,4048
1688572668390,-97,4048
1688572668406,-97,4048
1688572668423,-97,4048
1688572668439,-97,4048
1688572668455,-97,4048
1688572668471,-97,4048
1688572668487,-97,4048
1688572668504,-97,4048
1688572668520,-97,4048
1688572668536,-97,4048
1688572668552,-97,4048
1688572668569,-97,4048
1688572668585,-97,4048
1688572668601,-97,4048
1688572668617,-97,4048
1688572668634,-97,4048
1688572668650,-97,4048
1688572668667,-97,4048
1688572668683,-97,4048
1688572668699,-97,4048
1688572668715,-97,4048
1688572668732,-97,4048
1688572668748,-97,4048
1688572668764,-97,4048
1688572668780,-97,4048
1688572668797,-97,4048
1688572668813,-97,4048
1688572668830,-97,4048
1688572668846,-97,4048
1688572668862,-97,4048
1688572668879,-97,4048
1688572668895,-97,4048
1688572668911,-97,4048
1688572668927,-97,4048
1688572668944,-97,4048
1688572668962,-97,4048
1688572668979,-97,4048
1688572668995,-97,4048
1688572669011,-97,4048
1688572669027,-97,4048
1688572669043,-97,4048
1688572669059,-97,4048
1688572669075,-97,4048
1688572669091,-97,4048
1688572669108,-97,4048
1688572669123,-97,4048
1688572669139,-97,4048
1688572669155,-97,4048
1688572669172,-97,4048
1688572669189,-97,4048
1688572669205,-97,4048
1688572669221,-97,4048
1688572669238,-97,4048
1688572669254,-97,4048
1688572669270,-97,4048
1688572669287,-97,4048
1688572669302,-97,4048
1688572669318,-97,4048
1688572669335,-97,4048
1688572669351,-97,4048
1688572669368,-97,4048
1688572669384,-97,4048
1688572669399,-97,4048
1688572669415,-97,4048
1688572669432,-97,4048
1688572669449,-97,4048
1688572669465,-97,4048
1688572669481,-97,4048
1688572669497,-97,4048
1688572669513,-97,4048
1688572669530,-97,4048
1688572669546,-97,4048
1688572669562,-97,4048
1688572669578,-97,4048
1688572669595,-97,4048
1688572669611,-97,4048
1688572669627,-97,4048
1688572669643,-97,4048
1688572669659,-97,4048
1688572669675,-97,4048
1688572669692,-97,4048
1688572669708,-97,4048
1688572669725,-97,4048
1688572669741,-97,4048
1688572669757,-97,4048
1688572669773,-97,4048
1688572669789,-97,4048
1688572669805,-97,4048
1688572669821,-97,4048
1688572669838,-97,4048
1688572669854,-97,4048
1688572669870,-97,4048
1688572669886,-97,4048
1688572669902,-97,4048
1688572669919,-97,4048
1688572669935,-97,4048
1688572669951,-97,4048
1688572669968,-97,4048
1688572669984,-97,4048
1688572670001,-97,4048
1688572670017,-97,4048
1688572670034,-97,4048
1688572670050,-97,4048
1688572670066,-97,4048
1688572670083,-97,4048
1688572670099,-97,4048
1688572670115,-97,4048
1688572670132,-97,4048
1688572670147,-97,4048
1688572670163,-97,4048
1688572670179,-97,4048
1688572670195,-97,4048
1688572670211,-97,4048
1688572670228,-97,4048
1688572670243,-97,4048
1688572670259,-97,4048
1688572670276,-97,4048
1688572670292,-97,4048
1688572670309,-97,4048
1688572670325,-97,4048
1688572670341,-97,4048
1688572670357,-97,4048
1688572670374,-97,4048
1688572670390,-97,4048
1688572670406,-97,4048
1688572670422,-97,4048
1688572670438,-97,4048
1688572670455,-97,4048
1688572670471,-97,4048
1688572670487,-97,4048
1688572670503,-97,4048
1688572670519,-97,4048
1688572670536,-97,4048
1688572670552,-97,4048
1688572670569,-97,4048
1688572670585,-97,4048
1688572670602,-97,4048
1688572670618,-97,4048
1688572670635,-97,4048
1688572670652,-97,4048
1688572670668,-97,4048
1688572670684,-97,4048
1688572670700,-97,4048
1688572670717,-97,4048
1688572670733,-97,4048
1688572670749,-97,4048
1688572670766,-97,4048
1688572670782,-97,4048
1688572670798,-97,4048
1688572670814,-97,4048
1688572670831,-97,4048
1688572670848,-97,4048
1688572670864,-97,4048
1688572670880,-97,4048
1688572670897,-97,4048
1688572670913,-97,4048
1688572670929,-97,4048
1688572670946,-97,4048
1688572670962,-97,4048
1688572670978,-97,4048
1688572670995,-97,4048
1688572671011,-97,4048
1688572671027,-97,4048
1688572671043,-97,4048
1688572671060,-97,4048
1688572671076,-97,4048
1688572671092,-97,4048
1688572671108,-97,4048
1688572671125,-97,4048
1688572671141,-97,4048
1688572671157,-97,4048
1688572671173,-97,4048
1688572671189,-97,4048
1688572671206,-97,4048
1688572671222,-97,4048
1688572671239,-97,4048
1688572671255,-97,4048
1688572671271,-97,4048
1688572671287,-97,4048
1688572671303,-97,4048
1688572671319,-97,4048
1688572671335,-97,4048
1688572671352,-97,4048
1688572671368,-97,4048
1688572671384,-97,4048
1688572671401,-97,4048
1688572671418,-97,4048
1688572671434,-97,4048
1688572671450,-97,4048
1688572671466,-97,4048
1688572671481,-97,4048
1688572671497,-97,4048
1688572671513,-97,4048
1688572671529,-97,4048
1688572671545,-97,4048
1688572671561,-97,4048
1688572671577,-97,4048
1688572671594,-97,4048
1688572671610,-97,4048
1688572671627,-97,4048
1688572671644,-97,4048
1688572671660,-97,4048
1688572671676,-97,4048
1688572671693,-97,4048
1688572671709,-97,4048
1688572671726,-97,4048
1688572671742,-97,4048
1688572671758,-97,4048
1688572671774,-97,4048
1688572671791,-97,4048
1688572671807,-97,4048
1688572671823,-97,4048
1688572671839,-97,4048
1688572671862,-137,4048
1688572671876,-137,4048
1688572671890,-137,4048
1688572671903,-137,4048
1688572671916,-137,4048
1688572671929,-137,4048
1688572671942,-137,4048
1688572671955,-137,4048
1688572671968,-137,4048
1688572671981,-137,4048
1688572671994,-137,4048
1688572672006,-137,4048
1688572672022,-137,4048
1688572672038,-137,4048
1688572672054,-137,4048
1688572672070,-137,4048
1688572672086,-137,4048
1688572672102,-137,4048
1688572672118,-137,4048
1688572672134,-137,4048
1688572672150,-137,4048
1688572672164,-137,4048
1688572672177,-137,4048
1688572672191,-137,4048
1688572672204,-137,4048
1688572672220,-137,4048
1688572672237,-137,4048
1688572672253,-137,4048
1688572672269,-137,4048
1688572672283,-137,4048
1688572672296,-137,4048
1688572672309,-137,4048
1688572672323,-137,4048
1688572672336,-137,4048
1688572672352,-137,4048
1688572672369,-137,4048
1688572672386,-137,4048
1688572672402,-137,4048
1688572672418,-137,4048
1688572672434,-137,4048
1688572672450,-137,4048
1688572672467,-137,4048
1688572672480,-137,4048
1688572672494,-137,4048
1688572672507,-137,4048
1688572672521,-137,4048
1688572672535,-137,4048
1688572672552,-137,4048
1688572672568,-137,4048
1688572672584,-137,4048
1688572672600,-137,4048
1688572672616,-137,4048
1688572672633,-137,4048
1688572672651,-137,4048
1688572672668,-137,4048
1688572672683,-137,4048
1688572672697,-137,4048
1688572672710,-137,4048
1688572672723,-137,4048
1688572672736,-137,4048
1688572672750,-137,4048
1688572672763,-137,4048
1688572672777,-137,4048
1688572672790,-137,4048
1688572672804,-137,4048
1688572672817,-137,4048
1688572672830,-137,4048
1688572672844,-137,4048
1688572672857,-137,4048
1688572672871,-137,4048
1688572672884,-137,4048
1688572672898,-137,4048
1688572672911,-137,4048
